 1150.69
 1152.14
 1153.61
 1155.10
 1156.62
 1158.16
 1159.73
 1161.33
 1162.95
 1164.59
 1166.27
 1167.97
 1169.70
 1171.47
 1173.26
 1175.08
 1176.93
 1178.82
 1180.73
 1182.68
 1184.67
 1186.69
 1188.74
 1190.84
 1192.96
 1195.13
 1197.34
 1199.58
 1201.87
 1204.20
 1206.57
 1208.99
 1211.45
 1213.95
 1216.51
 1219.11
 1221.76
 1224.46
 1227.21
 1230.02
 1232.88
 1235.80
 1238.77
 1241.81
 1244.90
 1248.05
 1251.27
 1254.56
 1257.91
 1261.33
 1264.82
 1268.38
 1272.02
 1275.73
 1279.53
 1283.40
 1287.36
 1291.40
 1295.53
 1299.76
 1304.07
 1308.49
 1313.00
 1317.61
 1322.33
 1327.16
 1332.10
 1337.16
 1342.34
 1347.64
 1353.07
 1358.63
 1364.33
 1370.17
 1376.15
 1382.29
 1388.58
 1395.04
 1401.67
 1408.47
 1415.46
 1422.63
 1430.00
 1437.58
 1445.37
 1453.38
 1461.62
 1470.11
 1478.85
 1487.85
 1497.13
 1506.70
 1516.57
 1526.77
 1537.30
 1548.18
 1559.43
 1571.08
 1583.14
 1595.64
 1608.60
 1622.06
 1636.03
 1650.57
 1665.70
 1681.46
 1697.90
 1715.06
 1733.01
 1751.80
 1771.49
 1792.17
 1813.90
 1836.79
 1860.93
 1886.44
 1913.46
 1942.11
 1972.58
 2005.04
 2039.70
