# Wavelength table for acs,hrc,pr200l_hrc
 1800.65
 1805.99
 1811.42
 1816.93
 1822.54
 1828.24
 1834.03
 1839.91
 1845.90
 1851.98
 1858.17
 1864.46
 1870.87
 1877.38
 1884.01
 1890.75
 1897.62
 1904.61
 1911.72
 1918.96
 1926.34
 1933.86
 1941.51
 1949.31
 1957.26
 1965.37
 1973.63
 1982.05
 1990.64
 1999.39
 2008.33
 2017.45
 2026.75
 2036.25
 2045.95
 2055.85
 2065.96
 2076.29
 2086.85
 2097.63
 2108.66
 2119.93
 2131.46
 2143.25
 2155.31
 2167.66
 2180.29
 2193.23
 2206.48
 2220.05
 2233.96
 2248.21
 2262.82
 2277.80
 2293.16
 2308.93
 2325.11
 2341.73
 2358.79
 2376.31
 2394.32
 2412.83
 2431.87
 2451.46
 2471.61
 2492.36
 2513.73
 2535.75
 2558.45
 2581.86
 2606.02
 2630.97
 2656.75
 2683.41
 2711.00
 2739.58
 2769.22
 2799.99
 2831.99
 2865.32
 2900.12
 2936.53
 2974.75
 3015.01
 3057.63
 3102.99
 3151.59
 3204.12
 3261.47
 3324.86
 3395.99
 3477.21
 3571.86
 3684.76
 3822.93
 3996.81
 4222.23
 4523.63
 4939.66
