2049.24635077
2049.63638008
2050.02640939
2050.41643870
2050.80646801
2051.19649732
2051.58652663
2051.97655594
2052.36658525
2052.75661457
2053.14664388
2053.53667319
2053.92670250
2054.31673181
2054.70676112
2055.09679043
2055.48681974
2055.87684906
2056.26687837
2056.65690768
2057.04693699
2057.43696630
2057.82699561
2058.21702492
2058.60705423
2058.99708354
2059.38711286
2059.77714217
2060.16717148
2060.55720079
2060.94723010
2061.33725941
2061.72728872
2062.11731803
2062.50734735
2062.89737666
2063.28740597
2063.67743528
2064.06746459
2064.45749390
2064.84752321
2065.23755252
2065.62758183
2066.01761115
2066.40764046
2066.79766977
2067.18769908
2067.57772839
2067.96775770
2068.35778701
2068.74781632
2069.13784564
2069.52787495
2069.91790426
2070.30793357
2070.69796288
2071.08799219
2071.47802150
2071.86805081
2072.25808012
2072.64810944
2073.03813875
2073.42816806
2073.81819737
2074.20822668
2074.59825599
2074.98828530
2075.37831461
2075.76834393
2076.15837324
2076.54840255
2076.93843186
2077.32846117
2077.71849048
2078.10851979
2078.49854910
2078.88857841
2079.27860773
2079.66863704
2080.05866635
2080.44869566
2080.83872497
2081.22875428
2081.61878359
2082.00881290
2082.39884222
2082.78887153
2083.17890084
2083.56893015
2083.95895946
2084.34898877
2084.73901808
2085.12904739
2085.51907670
2085.90910602
2086.29913533
2086.68916464
2087.07919395
2087.46922326
2087.85925257
2088.24928188
2088.63931119
2089.02934051
2089.41936982
2089.80939913
2090.19942844
2090.58945775
2090.97948706
2091.36951637
2091.75954568
2092.14957500
2092.53960431
2092.92963362
2093.31966293
2093.70969224
2094.09972155
2094.48975086
2094.87978017
2095.26980948
2095.65983880
2096.04986811
2096.43989742
2096.82992673
2097.21995604
2097.60998535
2098.00001466
2098.39004397
2098.78007329
2099.17010260
2099.56013191
2099.95016122
2100.34019053
2100.73021984
2101.12024915
2101.51027846
2101.90030777
2102.29033709
2102.68036640
2103.07039571
2103.46042502
2103.85045433
2104.24048364
2104.63051295
2105.02054226
2105.41057158
2105.80060089
2106.19063020
2106.58065951
2106.97068882
2107.36071813
2107.75074744
2108.14077675
2108.53080606
2108.92083538
2109.31086469
2109.70089400
2110.09092331
2110.48095262
2110.87098193
2111.26101124
2111.65104055
2112.04106987
2112.43109918
2112.82112849
2113.21115780
2113.60118711
2113.99121642
2114.38124573
2114.77127504
2115.16130435
2115.55133367
2115.94136298
2116.33139229
2116.72142160
2117.11145091
2117.50148022
2117.89150953
2118.28153884
2118.67156816
2119.06159747
2119.45162678
2119.84165609
2120.23168540
2120.62171471
2121.01174402
2121.40177333
2121.79180264
2122.18183196
2122.57186127
2122.96189058
2123.35191989
2123.74194920
2124.13197851
2124.52200782
2124.91203713
2125.30206645
2125.69209576
2126.08212507
2126.47215438
2126.86218369
2127.25221300
2127.64224231
2128.03227162
2128.42230093
2128.81233025
2129.20235956
2129.59238887
2129.98241818
2130.37244749
2130.76247680
2131.15250611
2131.54253542
2131.93256474
2132.32259405
2132.71262336
2133.10265267
2133.49268198
2133.88271129
2134.27274060
2134.66276991
2135.05279922
2135.44282854
2135.83285785
2136.22288716
2136.61291647
2137.00294578
2137.39297509
2137.78300440
2138.17303371
2138.56306303
2138.95309234
2139.34312165
2139.73315096
2140.12318027
2140.51320958
2140.90323889
2141.29326820
2141.68329751
2142.07332683
2142.46335614
2142.85338545
2143.24341476
2143.63344407
2144.02347338
2144.41350269
2144.80353200
2145.19356132
2145.58359063
2145.97361994
2146.36364925
2146.75367856
2147.14370787
2147.53373718
2147.92376649
2148.31379580
2148.70382512
2149.09385443
2149.48388374
2149.87391305
2150.26394236
2150.65397167
2151.04400098
2151.43403029
2151.82405961
2152.21408892
2152.60411823
2152.99414754
2153.38417685
2153.77420616
2154.16423547
2154.55426478
2154.94429410
2155.33432341
2155.72435272
2156.11438203
2156.50441134
2156.89444065
2157.28446996
2157.67449927
2158.06452858
2158.45455790
2158.84458721
2159.23461652
2159.62464583
2160.01467514
2160.40470445
2160.79473376
2161.18476307
2161.57479239
2161.96482170
2162.35485101
2162.74488032
2163.13490963
2163.52493894
2163.91496825
2164.30499756
2164.69502687
2165.08505619
2165.47508550
2165.86511481
2166.25514412
2166.64517343
2167.03520274
2167.42523205
2167.81526136
2168.20529068
2168.59531999
2168.98534930
2169.37537861
2169.76540792
2170.15543723
2170.54546654
2170.93549585
2171.32552516
2171.71555448
2172.10558379
2172.49561310
2172.88564241
2173.27567172
2173.66570103
2174.05573034
2174.44575965
2174.83578897
2175.22581828
2175.61584759
2176.00587690
2176.39590621
2176.78593552
2177.17596483
2177.56599414
2177.95602345
2178.34605277
2178.73608208
2179.12611139
2179.51614070
2179.90617001
2180.29619932
2180.68622863
2181.07625794
2181.46628726
2181.85631657
2182.24634588
2182.63637519
2183.02640450
2183.41643381
2183.80646312
2184.19649243
2184.58652174
2184.97655106
2185.36658037
2185.75660968
2186.14663899
2186.53666830
2186.92669761
2187.31672692
2187.70675623
2188.09678555
2188.48681486
2188.87684417
2189.26687348
2189.65690279
2190.04693210
2190.43696141
2190.82699072
2191.21702003
2191.60704935
2191.99707866
2192.38710797
2192.77713728
2193.16716659
2193.55719590
2193.94722521
2194.33725452
2194.72728384
2195.11731315
2195.50734246
2195.89737177
2196.28740108
2196.67743039
2197.06745970
2197.45748901
2197.84751832
2198.23754764
2198.62757695
2199.01760626
2199.40763557
2199.79766488
2200.18769419
2200.57772350
2200.96775281
2201.35778213
2201.74781144
2202.13784075
2202.52787006
2202.91789937
2203.30792868
2203.69795799
2204.08798730
2204.47801661
2204.86804593
2205.25807524
2205.64810455
2206.03813386
2206.42816317
2206.81819248
2207.20822179
2207.59825110
2207.98828042
2208.37830973
2208.76833904
2209.15836835
2209.54839766
2209.93842697
2210.32845628
2210.71848559
2211.10851490
2211.49854422
2211.88857353
2212.27860284
2212.66863215
2213.05866146
2213.44869077
2213.83872008
2214.22874939
2214.61877871
2215.00880802
2215.39883733
2215.78886664
2216.17889595
2216.56892526
2216.95895457
2217.34898388
2217.73901320
2218.12904251
2218.51907182
2218.90910113
2219.29913044
2219.68915975
2220.07918906
2220.46921837
2220.85924768
2221.24927700
2221.63930631
2222.02933562
2222.41936493
2222.80939424
2223.19942355
2223.58945286
2223.97948217
2224.36951149
2224.75954080
2225.14957011
2225.53959942
2225.92962873
2226.31965804
2226.70968735
2227.09971666
2227.48974597
2227.87977529
2228.26980460
2228.65983391
2229.04986322
2229.43989253
2229.82992184
2230.21995115
2230.60998046
2231.00000978
2231.39003909
2231.78006840
2232.17009771
2232.56012702
2232.95015633
2233.34018564
2233.73021495
2234.12024426
2234.51027358
2234.90030289
2235.29033220
2235.68036151
2236.07039082
2236.46042013
2236.85044944
2237.24047875
2237.63050807
2238.02053738
2238.41056669
2238.80059600
2239.19062531
2239.58065462
2239.97068393
2240.36071324
2240.75074255
2241.14077187
2241.53080118
2241.92083049
2242.31085980
2242.70088911
2243.09091842
2243.48094773
2243.87097704
2244.26100636
2244.65103567
2245.04106498
2245.43109429
2245.82112360
2246.21115291
2246.60118222
2246.99121153
2247.38124084
2247.77127016
2248.16129947
2248.55132878
2248.94135809
2249.33138740
2249.72141671
2250.11144602
2250.50147533
2250.89150465
2251.28153396
2251.67156327
2252.06159258
2252.45162189
2252.84165120
2253.23168051
2253.62170982
2254.01173913
2254.40176845
2254.79179776
2255.18182707
2255.57185638
2255.96188569
2256.35191500
2256.74194431
2257.13197362
2257.52200294
2257.91203225
2258.30206156
2258.69209087
2259.08212018
2259.47214949
2259.86217880
2260.25220811
2260.64223742
2261.03226674
2261.42229605
2261.81232536
2262.20235467
2262.59238398
2262.98241329
2263.37244260
2263.76247191
2264.15250123
2264.54253054
2264.93255985
2265.32258916
2265.71261847
2266.10264778
2266.49267709
2266.88270640
2267.27273571
2267.66276503
2268.05279434
2268.44282365
2268.83285296
2269.22288227
2269.61291158
2270.00294089
2270.39297020
2270.78299952
2271.17302883
2271.56305814
2271.95308745
2272.34311676
2272.73314607
2273.12317538
2273.51320469
2273.90323400
2274.29326332
2274.68329263
2275.07332194
2275.46335125
2275.85338056
2276.24340987
2276.63343918
2277.02346849
2277.41349781
2277.80352712
2278.19355643
2278.58358574
2278.97361505
2279.36364436
2279.75367367
2280.14370298
2280.53373230
2280.92376161
2281.31379092
2281.70382023
2282.09384954
2282.48387885
2282.87390816
2283.26393747
2283.65396678
2284.04399610
2284.43402541
2284.82405472
2285.21408403
2285.60411334
2285.99414265
2286.38417196
2286.77420127
2287.16423059
2287.55425990
2287.94428921
2288.33431852
2288.72434783
2289.11437714
2289.50440645
2289.89443576
2290.28446507
2290.67449439
2291.06452370
2291.45455301
2291.84458232
2292.23461163
2292.62464094
2293.01467025
2293.40469956
2293.79472888
2294.18475819
2294.57478750
2294.96481681
2295.35484612
2295.74487543
2296.13490474
2296.52493405
2296.91496336
2297.30499268
2297.69502199
2298.08505130
2298.47508061
2298.86510992
2299.25513923
2299.64516854
2300.03519785
2300.42522717
2300.81525648
2301.20528579
2301.59531510
2301.98534441
2302.37537372
2302.76540303
2303.15543234
2303.54546165
2303.93549097
2304.32552028
2304.71554959
2305.10557890
2305.49560821
2305.88563752
2306.27566683
2306.66569614
2307.05572546
2307.44575477
2307.83578408
2308.22581339
2308.61584270
2309.00587201
2309.39590132
2309.78593063
2310.17595994
2310.56598926
2310.95601857
2311.34604788
2311.73607719
2312.12610650
2312.51613581
2312.90616512
2313.29619443
2313.68622375
2314.07625306
2314.46628237
2314.85631168
2315.24634099
2315.63637030
2316.02639961
2316.41642892
2316.80645823
2317.19648755
2317.58651686
2317.97654617
2318.36657548
2318.75660479
2319.14663410
2319.53666341
2319.92669272
2320.31672204
2320.70675135
2321.09678066
2321.48680997
2321.87683928
2322.26686859
2322.65689790
2323.04692721
2323.43695652
2323.82698584
2324.21701515
2324.60704446
2324.99707377
2325.38710308
2325.77713239
2326.16716170
2326.55719101
2326.94722033
2327.33724964
2327.72727895
2328.11730826
2328.50733757
2328.89736688
2329.28739619
2329.67742550
2330.06745481
2330.45748413
2330.84751344
2331.23754275
2331.62757206
2332.01760137
2332.40763068
2332.79765999
2333.18768930
2333.57771862
2333.96774793
2334.35777724
2334.74780655
2335.13783586
2335.52786517
2335.91789448
2336.30792379
2336.69795310
2337.08798242
2337.47801173
2337.86804104
2338.25807035
2338.64809966
2339.03812897
2339.42815828
2339.81818759
2340.20821691
2340.59824622
2340.98827553
2341.37830484
2341.76833415
2342.15836346
2342.54839277
2342.93842208
2343.32845140
2343.71848071
2344.10851002
2344.49853933
2344.88856864
2345.27859795
2345.66862726
2346.05865657
2346.44868588
2346.83871520
2347.22874451
2347.61877382
2348.00880313
2348.39883244
2348.78886175
2349.17889106
2349.56892037
2349.95894969
2350.34897900
2350.73900831
2351.12903762
2351.51906693
2351.90909624
2352.29912555
2352.68915486
2353.07918417
2353.46921349
2353.85924280
2354.24927211
2354.63930142
2355.02933073
2355.41936004
2355.80938935
2356.19941866
2356.58944798
2356.97947729
2357.36950660
2357.75953591
2358.14956522
2358.53959453
2358.92962384
2359.31965315
2359.70968246
2360.09971178
2360.48974109
2360.87977040
2361.26979971
2361.65982902
2362.04985833
2362.43988764
2362.82991695
2363.21994627
2363.60997558
2364.00000489
2364.39003420
2364.78006351
2365.17009282
2365.56012213
2365.95015144
2366.34018075
2366.73021007
2367.12023938
2367.51026869
2367.90029800
2368.29032731
2368.68035662
2369.07038593
2369.46041524
2369.85044456
2370.24047387
2370.63050318
2371.02053249
2371.41056180
2371.80059111
2372.19062042
2372.58064973
2372.97067904
2373.36070836
2373.75073767
2374.14076698
2374.53079629
2374.92082560
2375.31085491
2375.70088422
2376.09091353
2376.48094285
2376.87097216
2377.26100147
2377.65103078
2378.04106009
2378.43108940
2378.82111871
2379.21114802
2379.60117733
2379.99120665
2380.38123596
2380.77126527
2381.16129458
2381.55132389
2381.94135320
2382.33138251
2382.72141182
2383.11144114
2383.50147045
2383.89149976
2384.28152907
2384.67155838
2385.06158769
2385.45161700
2385.84164631
2386.23167562
2386.62170494
2387.01173425
2387.40176356
2387.79179287
2388.18182218
2388.57185149
2388.96188080
2389.35191011
2389.74193943
2390.13196874
2390.52199805
2390.91202736
2391.30205667
2391.69208598
2392.08211529
2392.47214460
2392.86217391
2393.25220323
2393.64223254
2394.03226185
2394.42229116
2394.81232047
2395.20234978
2395.59237909
2395.98240840
2396.37243772
2396.76246703
2397.15249634
2397.54252565
2397.93255496
2398.32258427
2398.71261358
2399.10264289
2399.49267220
2399.88270152
2400.27273083
2400.66276014
2401.05278945
2401.44281876
2401.83284807
2402.22287738
2402.61290669
2403.00293601
2403.39296532
2403.78299463
2404.17302394
2404.56305325
2404.95308256
2405.34311187
2405.73314118
2406.12317050
2406.51319981
2406.90322912
2407.29325843
2407.68328774
2408.07331705
2408.46334636
2408.85337567
2409.24340498
2409.63343430
2410.02346361
2410.41349292
2410.80352223
2411.19355154
2411.58358085
2411.97361016
2412.36363947
2412.75366879
2413.14369810
2413.53372741
2413.92375672
2414.31378603
2414.70381534
2415.09384465
2415.48387396
2415.87390327
2416.26393259
2416.65396190
2417.04399121
2417.43402052
2417.82404983
2418.21407914
2418.60410845
2418.99413776
2419.38416708
2419.77419639
2420.16422570
2420.55425501
2420.94428432
2421.33431363
2421.72434294
2422.11437225
2422.50440156
2422.89443088
2423.28446019
2423.67448950
2424.06451881
2424.45454812
2424.84457743
2425.23460674
2425.62463605
2426.01466537
2426.40469468
2426.79472399
2427.18475330
2427.57478261
2427.96481192
2428.35484123
2428.74487054
2429.13489985
2429.52492917
2429.91495848
2430.30498779
2430.69501710
2431.08504641
2431.47507572
2431.86510503
2432.25513434
2432.64516366
2433.03519297
2433.42522228
2433.81525159
2434.20528090
2434.59531021
2434.98533952
2435.37536883
2435.76539814
2436.15542746
2436.54545677
2436.93548608
2437.32551539
2437.71554470
2438.10557401
2438.49560332
2438.88563263
2439.27566195
2439.66569126
2440.05572057
2440.44574988
2440.83577919
2441.22580850
2441.61583781
2442.00586712
2442.39589643
2442.78592575
2443.17595506
2443.56598437
2443.95601368
2444.34604299
2444.73607230
2445.12610161
2445.51613092
2445.90616024
2446.29618955
2446.68621886
2447.07624817
2447.46627748
2447.85630679
2448.24633610
2448.63636541
2449.02639472
2449.41642404
2449.80645335
2450.19648266
2450.58651197
2450.97654128
2451.36657059
2451.75659990
2452.14662921
2452.53665853
2452.92668784
2453.31671715
2453.70674646
2454.09677577
2454.48680508
2454.87683439
2455.26686370
2455.65689301
2456.04692233
2456.43695164
2456.82698095
2457.21701026
2457.60703957
2457.99706888
2458.38709819
2458.77712750
2459.16715682
2459.55718613
2459.94721544
2460.33724475
2460.72727406
2461.11730337
2461.50733268
2461.89736199
2462.28739130
2462.67742062
2463.06744993
2463.45747924
2463.84750855
2464.23753786
2464.62756717
2465.01759648
2465.40762579
2465.79765511
2466.18768442
2466.57771373
2466.96774304
2467.35777235
2467.74780166
2468.13783097
2468.52786028
2468.91788960
2469.30791891
2469.69794822
2470.08797753
2470.47800684
2470.86803615
2471.25806546
2471.64809477
2472.03812408
2472.42815340
2472.81818271
2473.20821202
2473.59824133
2473.98827064
2474.37829995
2474.76832926
2475.15835857
2475.54838789
2475.93841720
2476.32844651
2476.71847582
2477.10850513
2477.49853444
2477.88856375
2478.27859306
2478.66862237
2479.05865169
2479.44868100
2479.83871031
2480.22873962
2480.61876893
2481.00879824
2481.39882755
2481.78885686
2482.17888618
2482.56891549
2482.95894480
2483.34897411
2483.73900342
2484.12903273
2484.51906204
2484.90909135
2485.29912066
2485.68914998
2486.07917929
2486.46920860
2486.85923791
2487.24926722
2487.63929653
2488.02932584
2488.41935515
2488.80938447
2489.19941378
2489.58944309
2489.97947240
2490.36950171
2490.75953102
2491.14956033
2491.53958964
2491.92961895
2492.31964827
2492.70967758
2493.09970689
2493.48973620
2493.87976551
2494.26979482
2494.65982413
2495.04985344
2495.43988276
2495.82991207
2496.21994138
2496.60997069
2497.00000000
2497.39002931
2497.78005862
2498.17008793
2498.56011724
2498.95014656
2499.34017587
2499.73020518
2500.12023449
2500.51026380
2500.90029311
2501.29032242
2501.68035173
2502.07038105
2502.46041036
2502.85043967
2503.24046898
2503.63049829
2504.02052760
2504.41055691
2504.80058622
2505.19061553
2505.58064485
2505.97067416
2506.36070347
2506.75073278
2507.14076209
2507.53079140
2507.92082071
2508.31085002
2508.70087934
2509.09090865
2509.48093796
2509.87096727
2510.26099658
2510.65102589
2511.04105520
2511.43108451
2511.82111382
2512.21114314
2512.60117245
2512.99120176
2513.38123107
2513.77126038
2514.16128969
2514.55131900
2514.94134831
2515.33137763
2515.72140694
2516.11143625
2516.50146556
2516.89149487
2517.28152418
2517.67155349
2518.06158280
2518.45161211
2518.84164143
2519.23167074
2519.62170005
2520.01172936
2520.40175867
2520.79178798
2521.18181729
2521.57184660
2521.96187592
2522.35190523
2522.74193454
2523.13196385
2523.52199316
2523.91202247
2524.30205178
2524.69208109
2525.08211040
2525.47213972
2525.86216903
2526.25219834
2526.64222765
2527.03225696
2527.42228627
2527.81231558
2528.20234489
2528.59237421
2528.98240352
2529.37243283
2529.76246214
2530.15249145
2530.54252076
2530.93255007
2531.32257938
2531.71260870
2532.10263801
2532.49266732
2532.88269663
2533.27272594
2533.66275525
2534.05278456
2534.44281387
2534.83284318
2535.22287250
2535.61290181
2536.00293112
2536.39296043
2536.78298974
2537.17301905
2537.56304836
2537.95307767
2538.34310699
2538.73313630
2539.12316561
2539.51319492
2539.90322423
2540.29325354
2540.68328285
2541.07331216
2541.46334147
2541.85337079
2542.24340010
2542.63342941
2543.02345872
2543.41348803
2543.80351734
2544.19354665
2544.58357596
2544.97360528
2545.36363459
2545.75366390
2546.14369321
2546.53372252
2546.92375183
2547.31378114
2547.70381045
2548.09383976
2548.48386908
2548.87389839
2549.26392770
2549.65395701
2550.04398632
2550.43401563
2550.82404494
2551.21407425
2551.60410357
2551.99413288
2552.38416219
2552.77419150
2553.16422081
2553.55425012
2553.94427943
2554.33430874
2554.72433805
2555.11436737
2555.50439668
2555.89442599
2556.28445530
2556.67448461
2557.06451392
2557.45454323
2557.84457254
2558.23460186
2558.62463117
2559.01466048
2559.40468979
2559.79471910
2560.18474841
2560.57477772
2560.96480703
2561.35483634
2561.74486566
2562.13489497
2562.52492428
2562.91495359
2563.30498290
2563.69501221
2564.08504152
2564.47507083
2564.86510015
2565.25512946
2565.64515877
2566.03518808
2566.42521739
2566.81524670
2567.20527601
2567.59530532
2567.98533463
2568.37536395
2568.76539326
2569.15542257
2569.54545188
2569.93548119
2570.32551050
2570.71553981
2571.10556912
2571.49559844
2571.88562775
2572.27565706
2572.66568637
2573.05571568
2573.44574499
2573.83577430
2574.22580361
2574.61583292
2575.00586224
2575.39589155
2575.78592086
2576.17595017
2576.56597948
2576.95600879
2577.34603810
2577.73606741
2578.12609673
2578.51612604
2578.90615535
2579.29618466
2579.68621397
2580.07624328
2580.46627259
2580.85630190
2581.24633121
2581.63636053
2582.02638984
2582.41641915
2582.80644846
2583.19647777
2583.58650708
2583.97653639
2584.36656570
2584.75659502
2585.14662433
2585.53665364
2585.92668295
2586.31671226
2586.70674157
2587.09677088
2587.48680019
2587.87682950
2588.26685882
2588.65688813
2589.04691744
2589.43694675
2589.82697606
2590.21700537
2590.60703468
2590.99706399
2591.38709331
2591.77712262
2592.16715193
2592.55718124
2592.94721055
2593.33723986
2593.72726917
2594.11729848
2594.50732780
2594.89735711
2595.28738642
2595.67741573
2596.06744504
2596.45747435
2596.84750366
2597.23753297
2597.62756228
2598.01759160
2598.40762091
2598.79765022
2599.18767953
2599.57770884
2599.96773815
2600.35776746
2600.74779677
2601.13782609
2601.52785540
2601.91788471
2602.30791402
2602.69794333
2603.08797264
2603.47800195
2603.86803126
2604.25806057
2604.64808989
2605.03811920
2605.42814851
2605.81817782
2606.20820713
2606.59823644
2606.98826575
2607.37829506
2607.76832438
2608.15835369
2608.54838300
2608.93841231
2609.32844162
2609.71847093
2610.10850024
2610.49852955
2610.88855886
2611.27858818
2611.66861749
2612.05864680
2612.44867611
2612.83870542
2613.22873473
2613.61876404
2614.00879335
2614.39882267
2614.78885198
2615.17888129
2615.56891060
2615.95893991
2616.34896922
2616.73899853
2617.12902784
2617.51905715
2617.90908647
2618.29911578
2618.68914509
2619.07917440
2619.46920371
2619.85923302
2620.24926233
2620.63929164
2621.02932096
2621.41935027
2621.80937958
2622.19940889
2622.58943820
2622.97946751
2623.36949682
2623.75952613
2624.14955544
2624.53958476
2624.92961407
2625.31964338
2625.70967269
2626.09970200
2626.48973131
2626.87976062
2627.26978993
2627.65981925
2628.04984856
2628.43987787
2628.82990718
2629.21993649
2629.60996580
2629.99999511
2630.39002442
2630.78005373
2631.17008305
2631.56011236
2631.95014167
2632.34017098
2632.73020029
2633.12022960
2633.51025891
2633.90028822
2634.29031754
2634.68034685
2635.07037616
2635.46040547
2635.85043478
2636.24046409
2636.63049340
2637.02052271
2637.41055202
2637.80058134
2638.19061065
2638.58063996
2638.97066927
2639.36069858
2639.75072789
2640.14075720
2640.53078651
2640.92081583
2641.31084514
2641.70087445
2642.09090376
2642.48093307
2642.87096238
2643.26099169
2643.65102100
2644.04105031
2644.43107963
2644.82110894
2645.21113825
2645.60116756
2645.99119687
2646.38122618
2646.77125549
2647.16128480
2647.55131412
2647.94134343
2648.33137274
2648.72140205
2649.11143136
2649.50146067
2649.89148998
2650.28151929
2650.67154860
2651.06157792
2651.45160723
2651.84163654
2652.23166585
2652.62169516
2653.01172447
2653.40175378
2653.79178309
2654.18181241
2654.57184172
2654.96187103
2655.35190034
2655.74192965
2656.13195896
2656.52198827
2656.91201758
2657.30204690
2657.69207621
2658.08210552
2658.47213483
2658.86216414
2659.25219345
2659.64222276
2660.03225207
2660.42228138
2660.81231070
2661.20234001
2661.59236932
2661.98239863
2662.37242794
2662.76245725
2663.15248656
2663.54251587
2663.93254519
2664.32257450
2664.71260381
2665.10263312
2665.49266243
2665.88269174
2666.27272105
2666.66275036
2667.05277967
2667.44280899
2667.83283830
2668.22286761
2668.61289692
2669.00292623
2669.39295554
2669.78298485
2670.17301416
2670.56304348
2670.95307279
2671.34310210
2671.73313141
2672.12316072
2672.51319003
2672.90321934
2673.29324865
2673.68327796
2674.07330728
2674.46333659
2674.85336590
2675.24339521
2675.63342452
2676.02345383
2676.41348314
2676.80351245
2677.19354177
2677.58357108
2677.97360039
2678.36362970
2678.75365901
2679.14368832
2679.53371763
2679.92374694
2680.31377625
2680.70380557
2681.09383488
2681.48386419
2681.87389350
2682.26392281
2682.65395212
2683.04398143
2683.43401074
2683.82404006
2684.21406937
2684.60409868
2684.99412799
2685.38415730
2685.77418661
2686.16421592
2686.55424523
2686.94427454
2687.33430386
2687.72433317
2688.11436248
2688.50439179
2688.89442110
2689.28445041
2689.67447972
2690.06450903
2690.45453835
2690.84456766
2691.23459697
2691.62462628
2692.01465559
2692.40468490
2692.79471421
2693.18474352
2693.57477283
2693.96480215
2694.35483146
2694.74486077
2695.13489008
2695.52491939
2695.91494870
2696.30497801
2696.69500732
2697.08503664
2697.47506595
2697.86509526
2698.25512457
2698.64515388
2699.03518319
2699.42521250
2699.81524181
2700.20527112
2700.59530044
2700.98532975
2701.37535906
2701.76538837
2702.15541768
2702.54544699
2702.93547630
2703.32550561
2703.71553493
2704.10556424
2704.49559355
2704.88562286
2705.27565217
2705.66568148
2706.05571079
2706.44574010
2706.83576941
2707.22579873
2707.61582804
2708.00585735
2708.39588666
2708.78591597
2709.17594528
2709.56597459
2709.95600390
2710.34603322
2710.73606253
2711.12609184
2711.51612115
2711.90615046
2712.29617977
2712.68620908
2713.07623839
2713.46626770
2713.85629702
2714.24632633
2714.63635564
2715.02638495
2715.41641426
2715.80644357
2716.19647288
2716.58650219
2716.97653151
2717.36656082
2717.75659013
2718.14661944
2718.53664875
2718.92667806
2719.31670737
2719.70673668
2720.09676600
2720.48679531
2720.87682462
2721.26685393
2721.65688324
2722.04691255
2722.43694186
2722.82697117
2723.21700048
2723.60702980
2723.99705911
2724.38708842
2724.77711773
2725.16714704
2725.55717635
2725.94720566
2726.33723497
2726.72726429
2727.11729360
2727.50732291
2727.89735222
2728.28738153
2728.67741084
2729.06744015
2729.45746946
2729.84749877
2730.23752809
2730.62755740
2731.01758671
2731.40761602
2731.79764533
2732.18767464
2732.57770395
2732.96773326
2733.35776258
2733.74779189
2734.13782120
2734.52785051
2734.91787982
2735.30790913
2735.69793844
2736.08796775
2736.47799706
2736.86802638
2737.25805569
2737.64808500
2738.03811431
2738.42814362
2738.81817293
2739.20820224
2739.59823155
2739.98826087
2740.37829018
2740.76831949
2741.15834880
2741.54837811
2741.93840742
2742.32843673
2742.71846604
2743.10849535
2743.49852467
2743.88855398
2744.27858329
2744.66861260
2745.05864191
2745.44867122
2745.83870053
2746.22872984
2746.61875916
2747.00878847
2747.39881778
2747.78884709
2748.17887640
2748.56890571
2748.95893502
2749.34896433
2749.73899364
2750.12902296
2750.51905227
2750.90908158
2751.29911089
2751.68914020
2752.07916951
2752.46919882
2752.85922813
2753.24925745
2753.63928676
2754.02931607
2754.41934538
2754.80937469
2755.19940400
2755.58943331
2755.97946262
2756.36949193
2756.75952125
2757.14955056
2757.53957987
2757.92960918
2758.31963849
2758.70966780
2759.09969711
2759.48972642
2759.87975574
2760.26978505
2760.65981436
2761.04984367
2761.43987298
2761.82990229
2762.21993160
2762.60996091
2762.99999022
2763.39001954
2763.78004885
2764.17007816
2764.56010747
2764.95013678
2765.34016609
2765.73019540
2766.12022471
2766.51025403
2766.90028334
2767.29031265
2767.68034196
2768.07037127
2768.46040058
2768.85042989
2769.24045920
2769.63048851
2770.02051783
2770.41054714
2770.80057645
2771.19060576
2771.58063507
2771.97066438
2772.36069369
2772.75072300
2773.14075232
2773.53078163
2773.92081094
2774.31084025
2774.70086956
2775.09089887
2775.48092818
2775.87095749
2776.26098680
2776.65101612
2777.04104543
2777.43107474
2777.82110405
2778.21113336
2778.60116267
2778.99119198
2779.38122129
2779.77125061
2780.16127992
2780.55130923
2780.94133854
2781.33136785
2781.72139716
2782.11142647
2782.50145578
2782.89148510
2783.28151441
2783.67154372
2784.06157303
2784.45160234
2784.84163165
2785.23166096
2785.62169027
2786.01171958
2786.40174890
2786.79177821
2787.18180752
2787.57183683
2787.96186614
2788.35189545
2788.74192476
2789.13195407
2789.52198339
2789.91201270
2790.30204201
2790.69207132
2791.08210063
2791.47212994
2791.86215925
2792.25218856
2792.64221787
2793.03224719
2793.42227650
2793.81230581
2794.20233512
2794.59236443
2794.98239374
2795.37242305
2795.76245236
2796.15248168
2796.54251099
2796.93254030
2797.32256961
2797.71259892
2798.10262823
2798.49265754
2798.88268685
2799.27271616
2799.66274548
2800.05277479
2800.44280410
2800.83283341
2801.22286272
2801.61289203
2802.00292134
2802.39295065
2802.78297997
2803.17300928
2803.56303859
2803.95306790
2804.34309721
2804.73312652
2805.12315583
2805.51318514
2805.90321445
2806.29324377
2806.68327308
2807.07330239
2807.46333170
2807.85336101
2808.24339032
2808.63341963
2809.02344894
2809.41347826
2809.48389411
2809.87099087
2810.25808764
2810.64518440
2811.03228116
2811.41937792
2811.80647469
2812.19357145
2812.58066821
2812.96776497
2813.35486174
2813.74195850
2814.12905526
2814.51615202
2814.90324879
2815.29034555
2815.67744231
2816.06453907
2816.45163584
2816.83873260
2817.22582936
2817.61292613
2818.00002289
2818.38711965
2818.77421641
2819.16131318
2819.54840994
2819.93550670
2820.32260346
2820.70970023
2821.09679699
2821.48389375
2821.87099051
2822.25808728
2822.64518404
2823.03228080
2823.41937757
2823.80647433
2824.19357109
2824.58066785
2824.96776462
2825.35486138
2825.74195814
2826.12905490
2826.51615167
2826.90324843
2827.29034519
2827.67744195
2828.06453872
2828.45163548
2828.83873224
2829.22582901
2829.61292577
2830.00002253
2830.38711929
2830.77421606
2831.16131282
2831.54840958
2831.93550634
2832.32260311
2832.70969987
2833.09679663
2833.48389339
2833.87099016
2834.25808692
2834.64518368
2835.03228045
2835.41937721
2835.80647397
2836.19357073
2836.58066750
2836.96776426
2837.35486102
2837.74195778
2838.12905455
2838.51615131
2838.90324807
2839.29034483
2839.67744160
2840.06453836
2840.45163512
2840.83873188
2841.22582865
2841.61292541
2842.00002217
2842.38711894
2842.77421570
2843.16131246
2843.54840922
2843.93550599
2844.32260275
2844.70969951
2845.09679627
2845.48389304
2845.87098980
2846.25808656
2846.64518332
2847.03228009
2847.41937685
2847.80647361
2848.19357038
2848.58066714
2848.96776390
2849.35486066
2849.74195743
2850.12905419
2850.51615095
2850.90324771
2851.29034448
2851.67744124
2852.06453800
2852.45163476
2852.83873153
2853.22582829
2853.61292505
2854.00002182
2854.38711858
2854.77421534
2855.16131210
2855.54840887
2855.93550563
2856.32260239
2856.70969915
2857.09679592
2857.48389268
2857.87098944
2858.25808620
2858.64518297
2859.03227973
2859.41937649
2859.80647326
2860.19357002
2860.58066678
2860.96776354
2861.35486031
2861.74195707
2862.12905383
2862.51615059
2862.90324736
2863.29034412
2863.67744088
2864.06453764
2864.45163441
2864.83873117
2865.22582793
2865.61292470
2866.00002146
2866.38711822
2866.77421498
2867.16131175
2867.54840851
2867.93550527
2868.32260203
2868.70969880
2869.09679556
2869.48389232
2869.87098908
2870.25808585
2870.64518261
2871.03227937
2871.41937613
2871.80647290
2872.19356966
2872.58066642
2872.96776319
2873.35485995
2873.74195671
2874.12905347
2874.51615024
2874.90324700
2875.29034376
2875.67744052
2876.06453729
2876.45163405
2876.83873081
2877.22582757
2877.61292434
2878.00002110
2878.38711786
2878.77421463
2879.16131139
2879.54840815
2879.93550491
2880.32260168
2880.70969844
2881.09679520
2881.48389196
2881.87098873
2882.25808549
2882.64518225
2883.03227901
2883.41937578
2883.80647254
2884.19356930
2884.58066607
2884.96776283
2885.35485959
2885.74195635
2886.12905312
2886.51614988
2886.90324664
2887.29034340
2887.67744017
2888.06453693
2888.45163369
2888.83873045
2889.22582722
2889.61292398
2890.00002074
2890.38711751
2890.77421427
2891.16131103
2891.54840779
2891.93550456
2892.32260132
2892.70969808
2893.09679484
2893.48389161
2893.87098837
2894.25808513
2894.64518189
2895.03227866
2895.41937542
2895.80647218
2896.19356894
2896.58066571
2896.96776247
2897.35485923
2897.74195600
2898.12905276
2898.51614952
2898.90324628
2899.29034305
2899.67743981
2900.06453657
2900.45163333
2900.83873010
2901.22582686
2901.61292362
2902.00002038
2902.38711715
2902.77421391
2903.16131067
2903.54840744
2903.93550420
2904.32260096
2904.70969772
2905.09679449
2905.48389125
2905.87098801
2906.25808477
2906.64518154
2907.03227830
2907.41937506
2907.80647182
2908.19356859
2908.58066535
2908.96776211
2909.35485888
2909.74195564
2910.12905240
2910.51614916
2910.90324593
2911.29034269
2911.67743945
2912.06453621
2912.45163298
2912.83872974
2913.22582650
2913.61292326
2914.00002003
2914.38711679
2914.77421355
2915.16131032
2915.54840708
2915.93550384
2916.32260060
2916.70969737
2917.09679413
2917.48389089
2917.87098765
2918.25808442
2918.64518118
2919.03227794
2919.41937470
2919.80647147
2920.19356823
2920.58066499
2920.96776175
2921.35485852
2921.74195528
2922.12905204
2922.51614881
2922.90324557
2923.29034233
2923.67743909
2924.06453586
2924.45163262
2924.83872938
2925.22582614
2925.61292291
2926.00001967
2926.38711643
2926.77421319
2927.16130996
2927.54840672
2927.93550348
2928.32260025
2928.70969701
2929.09679377
2929.48389053
2929.87098730
2930.25808406
2930.64518082
2931.03227758
2931.41937435
2931.80647111
2932.19356787
2932.58066463
2932.96776140
2933.35485816
2933.74195492
2934.12905169
2934.51614845
2934.90324521
2935.29034197
2935.67743874
2936.06453550
2936.45163226
2936.83872902
2937.22582579
2937.61292255
2938.00001931
2938.38711607
2938.77421284
2939.16130960
2939.54840636
2939.93550313
2940.32259989
2940.70969665
2941.09679341
2941.48389018
2941.87098694
2942.25808370
2942.64518046
2943.03227723
2943.41937399
2943.80647075
2944.19356751
2944.58066428
2944.96776104
2945.35485780
2945.74195457
2946.12905133
2946.51614809
2946.90324485
2947.29034162
2947.67743838
2948.06453514
2948.45163190
2948.83872867
2949.22582543
2949.61292219
2950.00001895
2950.38711572
2950.77421248
2951.16130924
2951.54840600
2951.93550277
2952.32259953
2952.70969629
2953.09679306
2953.48388982
2953.87098658
2954.25808334
2954.64518011
2955.03227687
2955.41937363
2955.80647039
2956.19356716
2956.58066392
2956.96776068
2957.35485744
2957.74195421
2958.12905097
2958.51614773
2958.90324450
2959.29034126
2959.67743802
2960.06453478
2960.45163155
2960.83872831
2961.22582507
2961.61292183
2962.00001860
2962.38711536
2962.77421212
2963.16130888
2963.54840565
2963.93550241
2964.32259917
2964.70969594
2965.09679270
2965.48388946
2965.87098622
2966.25808299
2966.64517975
2967.03227651
2967.41937327
2967.80647004
2968.19356680
2968.58066356
2968.96776032
2969.35485709
2969.74195385
2970.12905061
2970.51614738
2970.90324414
2971.29034090
2971.67743766
2972.06453443
2972.45163119
2972.83872795
2973.22582471
2973.61292148
2974.00001824
2974.38711500
2974.77421176
2975.16130853
2975.54840529
2975.93550205
2976.32259881
2976.70969558
2977.09679234
2977.48388910
2977.87098587
2978.25808263
2978.64517939
2979.03227615
2979.41937292
2979.80646968
2980.19356644
2980.58066320
2980.96775997
2981.35485673
2981.74195349
2982.12905025
2982.51614702
2982.90324378
2983.29034054
2983.67743731
2984.06453407
2984.45163083
2984.83872759
2985.22582436
2985.61292112
2986.00001788
2986.38711464
2986.77421141
2987.16130817
2987.54840493
2987.93550169
2988.32259846
2988.70969522
2989.09679198
2989.48388875
2989.87098551
2990.25808227
2990.64517903
2991.03227580
2991.41937256
2991.80646932
2992.19356608
2992.58066285
2992.96775961
2993.35485637
2993.74195313
2994.12904990
2994.51614666
2994.90324342
2995.29034019
2995.67743695
2996.06453371
2996.45163047
2996.83872724
2997.22582400
2997.61292076
2998.00001752
2998.38711429
2998.77421105
2999.16130781
2999.54840457
2999.93550134
3000.32259810
3000.70969486
3001.09679163
3001.48388839
3001.87098515
3002.25808191
3002.64517868
3003.03227544
3003.41937220
3003.80646896
3004.19356573
3004.58066249
3004.96775925
3005.35485601
3005.74195278
3006.12904954
3006.51614630
3006.90324306
3007.29033983
3007.67743659
3008.06453335
3008.45163012
3008.83872688
3009.22582364
3009.61292040
3010.00001717
3010.38711393
3010.77421069
3011.16130745
3011.54840422
3011.93550098
3012.32259774
3012.70969450
3013.09679127
3013.48388803
3013.87098479
3014.25808156
3014.64517832
3015.03227508
3015.41937184
3015.80646861
3016.19356537
3016.58066213
3016.96775889
3017.35485566
3017.74195242
3018.12904918
3018.51614594
3018.90324271
3019.29033947
3019.67743623
3020.06453300
3020.45162976
3020.83872652
3021.22582328
3021.61292005
3022.00001681
3022.38711357
3022.77421033
3023.16130710
3023.54840386
3023.93550062
3024.32259738
3024.70969415
3025.09679091
3025.48388767
3025.87098444
3026.25808120
3026.64517796
3027.03227472
3027.41937149
3027.80646825
3028.19356501
3028.58066177
3028.96775854
3029.35485530
3029.74195206
3030.12904882
3030.51614559
3030.90324235
3031.29033911
3031.67743587
3032.06453264
3032.45162940
3032.83872616
3033.22582293
3033.61291969
3034.00001645
3034.38711321
3034.77420998
3035.16130674
3035.54840350
3035.93550026
3036.32259703
3036.70969379
3037.09679055
3037.48388731
3037.87098408
3038.25808084
3038.64517760
3039.03227437
3039.41937113
3039.80646789
3040.19356465
3040.58066142
3040.96775818
3041.35485494
3041.74195170
3042.12904847
3042.51614523
3042.90324199
3043.29033875
3043.67743552
3044.06453228
3044.45162904
3044.83872581
3045.22582257
3045.61291933
3046.00001609
3046.38711286
3046.77420962
3047.16130638
3047.54840314
3047.93549991
3048.32259667
3048.70969343
3049.09679019
3049.48388696
3049.87098372
3050.25808048
3050.64517725
3051.03227401
3051.41937077
3051.80646753
3052.19356430
3052.58066106
3052.96775782
3053.35485458
3053.74195135
3054.12904811
3054.51614487
3054.90324163
3055.29033840
3055.67743516
3056.06453192
3056.45162868
3056.83872545
3057.22582221
3057.61291897
3058.00001574
3058.38711250
3058.77420926
3059.16130602
3059.54840279
3059.93549955
3060.32259631
3060.70969307
3061.09678984
3061.48388660
3061.87098336
3062.25808012
3062.64517689
3063.03227365
3063.41937041
3063.80646718
3064.19356394
3064.58066070
3064.96775746
3065.35485423
3065.74195099
3066.12904775
3066.51614451
3066.90324128
3067.29033804
3067.67743480
3068.06453156
3068.45162833
3068.83872509
3069.22582185
3069.61291862
3070.00001538
3070.38711214
3070.77420890
3071.16130567
3071.54840243
3071.93549919
3072.32259595
3072.70969272
3073.09678948
3073.48388624
3073.87098300
3074.25807977
3074.64517653
3075.03227329
3075.41937006
3075.80646682
3076.19356358
3076.58066034
3076.96775711
3077.35485387
3077.74195063
3078.12904739
3078.51614416
3078.90324092
3079.29033768
3079.67743444
3080.06453121
3080.45162797
3080.83872473
3081.22582150
3081.61291826
3082.00001502
3082.38711178
3082.77420855
3083.16130531
3083.54840207
3083.93549883
3084.32259560
3084.70969236
3085.09678912
3085.48388588
3085.87098265
3086.25807941
3086.64517617
3087.03227293
3087.41936970
3087.80646646
3088.19356322
3088.58065999
3088.96775675
3089.35485351
3089.74195027
3090.12904704
3090.51614380
3090.90324056
3091.29033732
3091.67743409
3092.06453085
3092.45162761
3092.83872437
3093.22582114
3093.61291790
3094.00001466
3094.38711143
3094.77420819
3095.16130495
3095.54840171
3095.93549848
3096.32259524
3096.70969200
3097.09678876
3097.48388553
3097.87098229
3098.25807905
3098.64517581
3099.03227258
3099.41936934
3099.80646610
3100.19356287
3100.58065963
3100.96775639
3101.35485315
3101.74194992
3102.12904668
3102.51614344
3102.90324020
3103.29033697
3103.67743373
3104.06453049
3104.45162725
3104.83872402
3105.22582078
3105.61291754
3106.00001431
3106.38711107
3106.77420783
3107.16130459
3107.54840136
3107.93549812
3108.32259488
3108.70969164
3109.09678841
3109.48388517
3109.87098193
3110.25807869
3110.64517546
3111.03227222
3111.41936898
3111.80646574
3112.19356251
3112.58065927
3112.96775603
3113.35485280
3113.74194956
3114.12904632
3114.51614308
3114.90323985
3115.29033661
3115.67743337
3116.06453013
3116.45162690
3116.83872366
3117.22582042
3117.61291718
3118.00001395
3118.38711071
3118.77420747
3119.16130424
3119.54840100
3119.93549776
3120.32259452
3120.70969129
3121.09678805
3121.48388481
3121.87098157
3122.25807834
3122.64517510
3123.03227186
3123.41936862
3123.80646539
3124.19356215
3124.58065891
3124.96775568
3125.35485244
3125.74194920
3126.12904596
3126.51614273
3126.90323949
3127.29033625
3127.67743301
3128.06452978
3128.45162654
3128.83872330
3129.22582006
3129.61291683
3130.00001359
3130.38711035
3130.77420712
3131.16130388
3131.54840064
3131.93549740
3132.32259417
3132.70969093
3133.09678769
3133.48388445
3133.87098122
3134.25807798
3134.64517474
3135.03227150
3135.41936827
3135.80646503
3136.19356179
3136.58065856
3136.96775532
3137.35485208
3137.74194884
3138.12904561
3138.51614237
3138.90323913
3139.29033589
3139.67743266
3140.06452942
3140.45162618
3140.83872294
3141.22581971
3141.61291647
3142.00001323
3142.38710999
3142.77420676
3143.16130352
3143.54840028
3143.93549705
3144.32259381
3144.70969057
3145.09678733
3145.48388410
3145.87098086
3146.25807762
3146.64517438
3147.03227115
3147.41936791
3147.80646467
3148.19356143
3148.58065820
3148.96775496
3149.35485172
3149.74194849
3150.12904525
3150.51614201
3150.90323877
3151.29033554
3151.67743230
3152.06452906
3152.45162582
3152.83872259
3153.22581935
3153.61291611
3154.00001287
3154.38710964
3154.77420640
3155.16130316
3155.54839993
3155.93549669
3156.32259345
3156.70969021
3157.09678698
3157.48388374
3157.87098050
3158.25807726
3158.64517403
3159.03227079
3159.41936755
3159.80646431
3160.19356108
3160.58065784
3160.96775460
3161.35485137
3161.74194813
3162.12904489
3162.51614165
3162.90323842
3163.29033518
3163.67743194
3164.06452870
3164.45162547
3164.83872223
3165.22581899
3165.61291575
3166.00001252
3166.38710928
3166.77420604
3167.16130280
3167.54839957
3167.93549633
3168.32259309
3168.70968986
3169.09678662
3169.48388338
3169.87098014
3170.25807691
3170.64517367
3171.03227043
3171.41936719
3171.80646396
3172.19356072
3172.58065748
3172.96775424
3173.35485101
3173.74194777
3174.12904453
3174.51614130
3174.90323806
3175.29033482
3175.67743158
3176.06452835
3176.45162511
3176.83872187
3177.22581863
3177.61291540
3178.00001216
3178.38710892
3178.77420568
3179.16130245
3179.54839921
3179.93549597
3180.32259274
3180.70968950
3181.09678626
3181.48388302
3181.87097979
3182.25807655
3182.64517331
3183.03227007
3183.41936684
3183.80646360
3184.19356036
3184.58065712
3184.96775389
3185.35485065
3185.74194741
3186.12904418
3186.51614094
3186.90323770
3187.29033446
3187.67743123
3188.06452799
3188.45162475
3188.83872151
3189.22581828
3189.61291504
3190.00001180
3190.38710856
3190.77420533
3191.16130209
3191.54839885
3191.93549562
3192.32259238
3192.70968914
3193.09678590
3193.48388267
3193.87097943
3194.25807619
3194.64517295
3195.03226972
3195.41936648
3195.80646324
3196.19356000
3196.58065677
3196.96775353
3197.35485029
3197.74194705
3198.12904382
3198.51614058
3198.90323734
3199.29033411
3199.67743087
3200.06452763
3200.45162439
3200.83872116
3201.22581792
3201.61291468
3202.00001144
3202.38710821
3202.77420497
3203.16130173
3203.54839849
3203.93549526
3204.32259202
3204.70968878
3205.09678555
3205.48388231
3205.87097907
3206.25807583
3206.64517260
3207.03226936
3207.41936612
3207.80646288
3208.19355965
3208.58065641
3208.96775317
3209.35484993
3209.74194670
3210.12904346
3210.51614022
3210.90323699
3211.29033375
3211.67743051
3212.06452727
3212.45162404
3212.83872080
3213.22581756
3213.61291432
3214.00001109
3214.38710785
3214.77420461
3215.16130137
3215.54839814
3215.93549490
3216.32259166
3216.70968843
3217.09678519
3217.48388195
3217.87097871
3218.25807548
3218.64517224
3219.03226900
3219.41936576
3219.80646253
3220.19355929
3220.58065605
3220.96775281
3221.35484958
3221.74194634
3222.12904310
3222.51613986
3222.90323663
3223.29033339
3223.67743015
3224.06452692
3224.45162368
3224.83872044
3225.22581720
3225.61291397
3226.00001073
3226.38710749
3226.77420425
3227.16130102
3227.54839778
3227.93549454
3228.32259130
3228.70968807
3229.09678483
3229.48388159
3229.87097836
3230.25807512
3230.64517188
3231.03226864
3231.41936541
3231.80646217
3232.19355893
3232.58065569
3232.96775246
3233.35484922
3233.74194598
3234.12904274
3234.51613951
3234.90323627
3235.29033303
3235.67742980
3236.06452656
3236.45162332
3236.83872008
3237.22581685
3237.61291361
3238.00001037
3238.38710713
3238.77420390
3239.16130066
3239.54839742
3239.93549418
3240.32259095
3240.70968771
3241.09678447
3241.48388124
3241.87097800
3242.25807476
3242.64517152
3243.03226829
3243.41936505
3243.80646181
3244.19355857
3244.58065534
3244.96775210
3245.35484886
3245.74194562
3246.12904239
3246.51613915
3246.90323591
3247.29033267
3247.67742944
3248.06452620
3248.45162296
3248.83871973
3249.22581649
3249.61291325
3250.00001001
3250.38710678
3250.77420354
3251.16130030
3251.54839706
3251.93549383
3252.32259059
3252.70968735
3253.09678411
3253.48388088
3253.87097764
3254.25807440
3254.64517117
3255.03226793
3255.41936469
3255.80646145
3256.19355822
3256.58065498
3256.96775174
3257.35484850
3257.74194527
3258.12904203
3258.51613879
3258.90323555
3259.29033232
3259.67742908
3260.06452584
3260.45162261
3260.83871937
3261.22581613
3261.61291289
3262.00000966
3262.38710642
3262.77420318
3263.16129994
3263.54839671
3263.93549347
3264.32259023
3264.70968699
3265.09678376
3265.48388052
3265.87097728
3266.25807405
3266.64517081
3267.03226757
3267.41936433
3267.80646110
3268.19355786
3268.58065462
3268.96775138
3269.35484815
3269.74194491
3270.12904167
3270.51613843
3270.90323520
3271.29033196
3271.67742872
3272.06452549
3272.45162225
3272.83871901
3273.22581577
3273.61291254
3274.00000930
3274.38710606
3274.77420282
3275.16129959
3275.54839635
3275.93549311
3276.32258987
3276.70968664
3277.09678340
3277.48388016
3277.87097692
3278.25807369
3278.64517045
3279.03226721
3279.41936398
3279.80646074
3280.19355750
3280.58065426
3280.96775103
3281.35484779
3281.74194455
3282.12904131
3282.51613808
3282.90323484
3283.29033160
3283.67742836
3284.06452513
3284.45162189
3284.83871865
3285.22581542
3285.61291218
3286.00000894
3286.38710570
3286.77420247
3287.16129923
3287.54839599
3287.93549275
3288.32258952
3288.70968628
3289.09678304
3289.48387980
3289.87097657
3290.25807333
3290.64517009
3291.03226686
3291.41936362
3291.80646038
3292.19355714
3292.58065391
3292.96775067
3293.35484743
3293.74194419
3294.12904096
3294.51613772
3294.90323448
3295.29033124
3295.67742801
3296.06452477
3296.45162153
3296.83871830
3297.22581506
3297.61291182
3298.00000858
3298.38710535
3298.77420211
3299.16129887
3299.54839563
3299.93549240
3300.32258916
3300.70968592
3301.09678268
3301.48387945
3301.87097621
3302.25807297
3302.64516973
3303.03226650
3303.41936326
3303.80646002
3304.19355679
3304.58065355
3304.96775031
3305.35484707
3305.74194384
3306.12904060
3306.51613736
3306.90323412
3307.29033089
3307.67742765
3308.06452441
3308.45162117
3308.83871794
3309.22581470
3309.61291146
3310.00000823
3310.38710499
3310.77420175
3311.16129851
3311.54839528
3311.93549204
3312.32258880
3312.70968556
3313.09678233
3313.48387909
3313.87097585
3314.25807261
3314.64516938
3315.03226614
3315.41936290
3315.80645967
3316.19355643
3316.58065319
3316.96774995
3317.35484672
3317.74194348
3318.12904024
3318.51613700
3318.90323377
3319.29033053
3319.67742729
3320.06452405
3320.45162082
3320.83871758
3321.22581434
3321.61291111
3322.00000787
3322.38710463
3322.77420139
3323.16129816
3323.54839492
3323.93549168
3324.32258844
3324.70968521
3325.09678197
3325.48387873
3325.87097549
3326.25807226
3326.64516902
3327.03226578
3327.41936255
3327.80645931
3328.19355607
3328.58065283
3328.96774960
3329.35484636
3329.74194312
3330.12903988
3330.51613665
3330.90323341
3331.29033017
3331.67742693
3332.06452370
3332.45162046
3332.83871722
3333.22581398
3333.61291075
3334.00000751
3334.38710427
3334.77420104
3335.16129780
3335.54839456
3335.93549132
3336.32258809
3336.70968485
3337.09678161
3337.48387837
3337.87097514
3338.25807190
3338.64516866
3339.03226542
3339.41936219
3339.80645895
3340.19355571
3340.58065248
3340.96774924
3341.35484600
3341.74194276
3342.12903953
3342.51613629
3342.90323305
3343.29032981
3343.67742658
3344.06452334
3344.45162010
3344.83871686
3345.22581363
3345.61291039
3346.00000715
3346.38710392
3346.77420068
3347.16129744
3347.54839420
3347.93549097
3348.32258773
3348.70968449
3349.09678125
3349.48387802
3349.87097478
3350.25807154
3350.64516830
3351.03226507
3351.41936183
3351.80645859
3352.19355536
3352.58065212
3352.96774888
3353.35484564
3353.74194241
3354.12903917
3354.51613593
3354.90323269
3355.29032946
3355.67742622
3356.06452298
3356.45161974
3356.83871651
3357.22581327
3357.61291003
3358.00000679
3358.38710356
3358.77420032
3359.16129708
3359.54839385
3359.93549061
3360.32258737
3360.70968413
3361.09678090
3361.48387766
3361.87097442
3362.25807118
3362.64516795
3363.03226471
3363.41936147
3363.80645823
3364.19355500
3364.58065176
3364.96774852
3365.35484529
3365.74194205
3366.12903881
3366.51613557
3366.90323234
3367.29032910
3367.67742586
3368.06452262
3368.45161939
3368.83871615
3369.22581291
3369.61290967
3370.00000644
3370.38710320
3370.77419996
3371.16129673
3371.54839349
3371.93549025
3372.32258701
3372.70968378
3373.09678054
3373.48387730
3373.87097406
3374.25807083
3374.64516759
3375.03226435
3375.41936111
3375.80645788
3376.19355464
3376.58065140
3376.96774817
3377.35484493
3377.74194169
3378.12903845
3378.51613522
3378.90323198
3379.29032874
3379.67742550
3380.06452227
3380.45161903
3380.83871579
3381.22581255
3381.61290932
3382.00000608
3382.38710284
3382.77419960
3383.16129637
3383.54839313
3383.93548989
3384.32258666
3384.70968342
3385.09678018
3385.48387694
3385.87097371
3386.25807047
3386.64516723
3387.03226399
3387.41936076
3387.80645752
3388.19355428
3388.58065104
3388.96774781
3389.35484457
3389.74194133
3390.12903810
3390.51613486
3390.90323162
3391.29032838
3391.67742515
3392.06452191
3392.45161867
3392.83871543
3393.22581220
3393.61290896
3394.00000572
3394.38710248
3394.77419925
3395.16129601
3395.54839277
3395.93548954
3396.32258630
3396.70968306
3397.09677982
3397.48387659
3397.87097335
3398.25807011
3398.64516687
3399.03226364
3399.41936040
3399.80645716
3400.19355392
3400.58065069
3400.96774745
3401.35484421
3401.74194098
3402.12903774
3402.51613450
3402.90323126
3403.29032803
3403.67742479
3404.06452155
3404.45161831
3404.83871508
3405.22581184
3405.61290860
3406.00000536
3406.38710213
3406.77419889
3407.16129565
3407.54839242
3407.93548918
3408.32258594
3408.70968270
3409.09677947
3409.48387623
3409.87097299
3410.25806975
3410.64516652
3411.03226328
3411.41936004
3411.80645680
3412.19355357
3412.58065033
3412.96774709
3413.35484385
3413.74194062
3414.12903738
3414.51613414
3414.90323091
3415.29032767
3415.67742443
3416.06452119
3416.45161796
3416.83871472
3417.22581148
3417.61290824
3418.00000501
3418.38710177
3418.77419853
3419.16129529
3419.54839206
3419.93548882
3420.32258558
3420.70968235
3421.09677911
3421.48387587
3421.87097263
3422.25806940
3422.64516616
3423.03226292
3423.41935968
3423.80645645
3424.19355321
3424.58064997
3424.96774673
3425.35484350
3425.74194026
3426.12903702
3426.51613379
3426.90323055
3427.29032731
3427.67742407
3428.06452084
3428.45161760
3428.83871436
3429.22581112
3429.61290789
3430.00000465
3430.38710141
3430.77419817
3431.16129494
3431.54839170
3431.93548846
3432.32258523
3432.70968199
3433.09677875
3433.48387551
3433.87097228
3434.25806904
3434.64516580
3435.03226256
3435.41935933
3435.80645609
3436.19355285
3436.58064961
3436.96774638
3437.35484314
3437.74193990
3438.12903666
3438.51613343
3438.90323019
3439.29032695
3439.67742372
3440.06452048
3440.45161724
3440.83871400
3441.22581077
3441.61290753
3442.00000429
3442.38710105
3442.77419782
3443.16129458
3443.54839134
3443.93548810
3444.32258487
3444.70968163
3445.09677839
3445.48387516
3445.87097192
3446.25806868
3446.64516544
3447.03226221
3447.41935897
3447.80645573
3448.19355249
3448.58064926
3448.96774602
3449.35484278
3449.74193954
3450.12903631
3450.51613307
3450.90322983
3451.29032660
3451.67742336
3452.06452012
3452.45161688
3452.83871365
3453.22581041
3453.61290717
3454.00000393
3454.38710070
3454.77419746
3455.16129422
3455.54839098
3455.93548775
3456.32258451
3456.70968127
3457.09677804
3457.48387480
3457.87097156
3458.25806832
3458.64516509
3459.03226185
3459.41935861
3459.80645537
3460.19355214
3460.58064890
3460.96774566
3461.35484242
3461.74193919
3462.12903595
3462.51613271
3462.90322948
3463.29032624
3463.67742300
3464.06451976
3464.45161653
3464.83871329
3465.22581005
3465.61290681
3466.00000358
3466.38710034
3466.77419710
3467.16129386
3467.54839063
3467.93548739
3468.32258415
3468.70968091
3469.09677768
3469.48387444
3469.87097120
3470.25806797
3470.64516473
3471.03226149
3471.41935825
3471.80645502
3472.19355178
3472.58064854
3472.96774530
3473.35484207
3473.74193883
3474.12903559
3474.51613235
3474.90322912
3475.29032588
3475.67742264
3476.06451941
3476.45161617
3476.83871293
3477.22580969
3477.61290646
3478.00000322
3478.38709998
3478.77419674
3479.16129351
3479.54839027
3479.93548703
3480.32258379
3480.70968056
3481.09677732
3481.48387408
3481.87097085
3482.25806761
3482.64516437
3483.03226113
3483.41935790
3483.80645466
3484.19355142
3484.58064818
3484.96774495
3485.35484171
3485.74193847
3486.12903523
3486.51613200
3486.90322876
3487.29032552
3487.67742229
3488.06451905
3488.45161581
3488.83871257
3489.22580934
3489.61290610
3490.00000286
3490.38709962
3490.77419639
3491.16129315
3491.54838991
3491.93548667
3492.32258344
3492.70968020
3493.09677696
3493.48387372
3493.87097049
3494.25806725
3494.64516401
3495.03226078
3495.41935754
3495.80645430
3496.19355106
3496.58064783
3496.96774459
3497.35484135
3497.74193811
3498.12903488
3498.51613164
3498.90322840
3499.29032516
3499.67742193
3500.06451869
3500.45161545
3500.83871222
3501.22580898
3501.61290574
3502.00000250
3502.38709927
3502.77419603
3503.16129279
3503.54838955
3503.93548632
3504.32258308
3504.70967984
3505.09677660
3505.48387337
3505.87097013
3506.25806689
3506.64516366
3507.03226042
3507.41935718
3507.80645394
3508.19355071
3508.58064747
3508.96774423
3509.35484099
3509.74193776
3510.12903452
3510.51613128
3510.90322804
3511.29032481
3511.67742157
3512.06451833
3512.45161510
3512.83871186
3513.22580862
3513.61290538
3514.00000215
3514.38709891
3514.77419567
3515.16129243
3515.54838920
3515.93548596
3516.32258272
3516.70967948
3517.09677625
3517.48387301
3517.87096977
3518.25806653
3518.64516330
3519.03226006
3519.41935682
3519.80645359
3520.19355035
3520.58064711
3520.96774387
3521.35484064
3521.74193740
3522.12903416
3522.51613092
3522.90322769
3523.29032445
3523.67742121
3524.06451797
3524.45161474
3524.83871150
3525.22580826
3525.61290503
3526.00000179
3526.38709855
3526.77419531
3527.16129208
3527.54838884
3527.93548560
3528.32258236
3528.70967913
3529.09677589
3529.48387265
3529.87096941
3530.25806618
3530.64516294
3531.03225970
3531.41935647
3531.80645323
3532.19354999
3532.58064675
3532.96774352
3533.35484028
3533.74193704
3534.12903380
3534.51613057
3534.90322733
3535.29032409
3535.67742085
3536.06451762
3536.45161438
3536.83871114
3537.22580791
3537.61290467
3538.00000143
3538.38709819
3538.77419496
3539.16129172
3539.54838848
3539.93548524
3540.32258201
3540.70967877
3541.09677553
3541.48387229
3541.87096906
3542.25806582
3542.64516258
3543.03225935
3543.41935611
3543.80645287
3544.19354963
3544.58064640
3544.96774316
3545.35483992
3545.74193668
3546.12903345
3546.51613021
3546.90322697
3547.29032373
3547.67742050
3548.06451726
3548.45161402
3548.83871078
3549.22580755
3549.61290431
3550.00000107
3550.38709784
3550.77419460
3551.16129136
3551.54838812
3551.93548489
3552.32258165
3552.70967841
3553.09677517
3553.48387194
3553.87096870
3554.25806546
3554.64516222
3555.03225899
3555.41935575
3555.80645251
3556.19354928
3556.58064604
3556.96774280
3557.35483956
3557.74193633
3558.12903309
3558.51612985
3558.90322661
3559.29032338
3559.67742014
3560.06451690
3560.45161366
3560.83871043
3561.22580719
3561.61290395
3562.00000072
3562.38709748
3562.77419424
3563.16129100
3563.54838777
3563.93548453
3564.32258129
3564.70967805
3565.09677482
3565.48387158
3565.87096834
3566.25806510
3566.64516187
3567.03225863
3567.41935539
3567.80645216
3568.19354892
3568.58064568
3568.96774244
3569.35483921
3569.74193597
3570.12903273
3570.51612949
3570.90322626
3571.29032302
3571.67741978
3572.06451654
3572.45161331
3572.83871007
3573.22580683
3573.61290359
3574.00000036
3574.38709712
3574.77419388
3575.16129065
3575.54838741
3575.93548417
3576.32258093
3576.70967770
3577.09677446
3577.48387122
3577.87096798
3578.25806475
3578.64516151
3579.03225827
3579.41935503
3579.80645180
3580.19354856
3580.58064532
3580.96774209
3581.35483885
3581.74193561
3582.12903237
3582.51612914
3582.90322590
3583.29032266
3583.67741942
3584.06451619
3584.45161295
3584.83870971
3585.22580647
3585.61290324
3586.00000000
3586.38709676
3586.77419353
3587.16129029
3587.54838705
3587.93548381
3588.32258058
3588.70967734
3589.09677410
3589.48387086
3589.87096763
3590.25806439
3590.64516115
3591.03225791
3591.41935468
3591.80645144
3592.19354820
3592.58064497
3592.96774173
3593.35483849
3593.74193525
3594.12903202
3594.51612878
3594.90322554
3595.29032230
3595.67741907
3596.06451583
3596.45161259
3596.83870935
3597.22580612
3597.61290288
3597.99999964
3598.38709641
3598.77419317
3599.16128993
3599.54838669
3599.93548346
3600.32258022
3600.70967698
3601.09677374
3601.48387051
3601.87096727
3602.25806403
3602.64516079
3603.03225756
3603.41935432
3603.80645108
3604.19354784
3604.58064461
3604.96774137
3605.35483813
3605.74193490
3606.12903166
3606.51612842
3606.90322518
3607.29032195
3607.67741871
3608.06451547
3608.45161223
3608.83870900
3609.22580576
3609.61290252
3609.99999928
3610.38709605
3610.77419281
3611.16128957
3611.54838634
3611.93548310
3612.32257986
3612.70967662
3613.09677339
3613.48387015
3613.87096691
3614.25806367
3614.64516044
3615.03225720
3615.41935396
3615.80645072
3616.19354749
3616.58064425
3616.96774101
3617.35483778
3617.74193454
3618.12903130
3618.51612806
3618.90322483
3619.29032159
3619.67741835
3620.06451511
3620.45161188
3620.83870864
3621.22580540
3621.61290216
3621.99999893
3622.38709569
3622.77419245
3623.16128922
3623.54838598
3623.93548274
3624.32257950
3624.70967627
3625.09677303
3625.48386979
3625.87096655
3626.25806332
3626.64516008
3627.03225684
3627.41935360
3627.80645037
3628.19354713
3628.58064389
3628.96774065
3629.35483742
3629.74193418
3630.12903094
3630.51612771
3630.90322447
3631.29032123
3631.67741799
3632.06451476
3632.45161152
3632.83870828
3633.22580504
3633.61290181
3633.99999857
3634.38709533
3634.77419209
3635.16128886
3635.54838562
3635.93548238
3636.32257915
3636.70967591
3637.09677267
3637.48386943
3637.87096620
3638.25806296
3638.64515972
3639.03225648
3639.41935325
3639.80645001
3640.19354677
3640.58064353
3640.96774030
3641.35483706
3641.74193382
3642.12903059
3642.51612735
3642.90322411
3643.29032087
3643.67741764
3644.06451440
3644.45161116
3644.83870792
3645.22580469
3645.61290145
3645.99999821
3646.38709497
3646.77419174
3647.16128850
3647.54838526
3647.93548203
3648.32257879
3648.70967555
3649.09677231
3649.48386908
3649.87096584
3650.25806260
3650.64515936
3651.03225613
3651.41935289
3651.80644965
3652.19354641
3652.58064318
3652.96773994
3653.35483670
3653.74193347
3654.12903023
3654.51612699
3654.90322375
3655.29032052
3655.67741728
3656.06451404
3656.45161080
3656.83870757
3657.22580433
3657.61290109
3657.99999785
3658.38709462
3658.77419138
3659.16128814
3659.54838490
3659.93548167
3660.32257843
3660.70967519
3661.09677196
3661.48386872
3661.87096548
3662.25806224
3662.64515901
3663.03225577
3663.41935253
3663.80644929
3664.19354606
3664.58064282
3664.96773958
3665.35483634
3665.74193311
3666.12902987
3666.51612663
3666.90322340
3667.29032016
3667.67741692
3668.06451368
3668.45161045
3668.83870721
3669.22580397
3669.61290073
3669.99999750
3670.38709426
3670.77419102
3671.16128778
3671.54838455
3671.93548131
3672.32257807
3672.70967484
3673.09677160
3673.48386836
3673.87096512
3674.25806189
3674.64515865
3675.03225541
3675.41935217
3675.80644894
3676.19354570
3676.58064246
3676.96773922
3677.35483599
3677.74193275
3678.12902951
3678.51612628
3678.90322304
3679.29031980
3679.67741656
3680.06451333
3680.45161009
3680.83870685
3681.22580361
3681.61290038
3681.99999714
3682.38709390
3682.77419066
3683.16128743
3683.54838419
3683.93548095
3684.32257771
3684.70967448
3685.09677124
3685.48386800
3685.87096477
3686.25806153
3686.64515829
3687.03225505
3687.41935182
3687.80644858
3688.19354534
3688.58064210
3688.96773887
3689.35483563
3689.74193239
3690.12902915
3690.51612592
3690.90322268
3691.29031944
3691.67741621
3692.06451297
3692.45160973
3692.83870649
3693.22580326
3693.61290002
3693.99999678
3694.38709354
3694.77419031
3695.16128707
3695.54838383
3695.93548059
3696.32257736
3696.70967412
3697.09677088
3697.48386765
3697.87096441
3698.25806117
3698.64515793
3699.03225470
3699.41935146
3699.80644822
3700.19354498
3700.58064175
3700.96773851
3701.35483527
3701.74193203
3702.12902880
3702.51612556
3702.90322232
3703.29031909
3703.67741585
3704.06451261
3704.45160937
3704.83870614
3705.22580290
3705.61289966
3705.99999642
3706.38709319
3706.77418995
3707.16128671
3707.54838347
3707.93548024
3708.32257700
3708.70967376
3709.09677052
3709.48386729
3709.87096405
3710.25806081
3710.64515758
3711.03225434
3711.41935110
3711.80644786
3712.19354463
3712.58064139
3712.96773815
3713.35483491
3713.74193168
3714.12902844
3714.51612520
3714.90322196
3715.29031873
3715.67741549
3716.06451225
3716.45160902
3716.83870578
3717.22580254
3717.61289930
3717.99999607
3718.38709283
3718.77418959
3719.16128635
3719.54838312
3719.93547988
3720.32257664
3720.70967340
3721.09677017
3721.48386693
3721.87096369
3722.25806046
3722.64515722
3723.03225398
3723.41935074
3723.80644751
3724.19354427
3724.58064103
3724.96773779
3725.35483456
3725.74193132
3726.12902808
3726.51612484
3726.90322161
3727.29031837
3727.67741513
3728.06451190
3728.45160866
3728.83870542
3729.22580218
3729.61289895
3729.99999571
3730.38709247
3730.77418923
3731.16128600
3731.54838276
3731.93547952
3732.32257628
3732.70967305
3733.09676981
3733.48386657
3733.87096334
3734.25806010
3734.64515686
3735.03225362
3735.41935039
3735.80644715
3736.19354391
3736.58064067
3736.96773744
3737.35483420
3737.74193096
3738.12902772
3738.51612449
3738.90322125
3739.29031801
3739.67741477
3740.06451154
3740.45160830
3740.83870506
3741.22580183
3741.61289859
3741.99999535
3742.38709211
3742.77418888
3743.16128564
3743.54838240
3743.93547916
3744.32257593
3744.70967269
3745.09676945
3745.48386621
3745.87096298
3746.25805974
3746.64515650
3747.03225327
3747.41935003
3747.80644679
3748.19354355
3748.58064032
3748.96773708
3749.35483384
3749.74193060
3750.12902737
3750.51612413
3750.90322089
3751.29031765
3751.67741442
3752.06451118
3752.45160794
3752.83870471
3753.22580147
3753.61289823
3753.99999499
3754.38709176
3754.77418852
3755.16128528
3755.54838204
3755.93547881
3756.32257557
3756.70967233
3757.09676909
3757.48386586
3757.87096262
3758.25805938
3758.64515615
3759.03225291
3759.41934967
3759.80644643
3760.19354320
3760.58063996
3760.96773672
3761.35483348
3761.74193025
3762.12902701
3762.51612377
3762.90322053
3763.29031730
3763.67741406
3764.06451082
3764.45160758
3764.83870435
3765.22580111
3765.61289787
3765.99999464
3766.38709140
3766.77418816
3767.16128492
3767.54838169
3767.93547845
3768.32257521
3768.70967197
3769.09676874
3769.48386550
3769.87096226
3770.25805902
3770.64515579
3771.03225255
3771.41934931
3771.80644608
3772.19354284
3772.58063960
3772.96773636
3773.35483313
3773.74192989
3774.12902665
3774.51612341
3774.90322018
3775.29031694
3775.67741370
3776.06451046
3776.45160723
3776.83870399
3777.22580075
3777.61289752
3777.99999428
3778.38709104
3778.77418780
3779.16128457
3779.54838133
3779.93547809
3780.32257485
3780.70967162
3781.09676838
3781.48386514
3781.87096190
3782.25805867
3782.64515543
3783.03225219
3783.41934896
3783.80644572
3784.19354248
3784.58063924
3784.96773601
3785.35483277
3785.74192953
3786.12902629
3786.51612306
3786.90321982
3787.29031658
3787.67741334
3788.06451011
3788.45160687
3788.83870363
3789.22580040
3789.61289716
3789.99999392
3790.38709068
3790.77418745
3791.16128421
3791.54838097
3791.93547773
3792.32257450
3792.70967126
3793.09676802
3793.48386478
3793.87096155
3794.25805831
3794.64515507
3795.03225183
3795.41934860
3795.80644536
3796.19354212
3796.58063889
3796.96773565
3797.35483241
3797.74192917
3798.12902594
3798.51612270
3798.90321946
3799.29031622
3799.67741299
3800.06450975
3800.45160651
3800.83870327
3801.22580004
3801.61289680
3801.99999356
3802.38709033
3802.77418709
3803.16128385
3803.54838061
3803.93547738
3804.32257414
3804.70967090
3805.09676766
3805.48386443
3805.87096119
3806.25805795
3806.64515471
3807.03225148
3807.41934824
3807.80644500
3808.19354177
3808.58063853
3808.96773529
3809.35483205
3809.74192882
3810.12902558
3810.51612234
3810.90321910
3811.29031587
3811.67741263
3812.06450939
3812.45160615
3812.83870292
3813.22579968
3813.61289644
3813.99999321
3814.38708997
3814.77418673
3815.16128349
3815.54838026
3815.93547702
3816.32257378
3816.70967054
3817.09676731
3817.48386407
3817.87096083
3818.25805759
3818.64515436
3819.03225112
3819.41934788
3819.80644464
3820.19354141
3820.58063817
3820.96773493
3821.35483170
3821.74192846
3822.12902522
3822.51612198
3822.90321875
3823.29031551
3823.67741227
3824.06450903
3824.45160580
3824.83870256
3825.22579932
3825.61289608
3825.99999285
3826.38708961
3826.77418637
3827.16128314
3827.54837990
3827.93547666
3828.32257342
3828.70967019
3829.09676695
3829.48386371
3829.87096047
3830.25805724
3830.64515400
3831.03225076
3831.41934752
3831.80644429
3832.19354105
3832.58063781
3832.96773458
3833.35483134
3833.74192810
3834.12902486
3834.51612163
3834.90321839
3835.29031515
3835.67741191
3836.06450868
3836.45160544
3836.83870220
3837.22579896
3837.61289573
3837.99999249
3838.38708925
3838.77418602
3839.16128278
3839.54837954
3839.93547630
3840.32257307
3840.70966983
3841.09676659
3841.48386335
3841.87096012
3842.25805688
3842.64515364
3843.03225040
3843.41934717
3843.80644393
3844.19354069
3844.58063745
3844.96773422
3845.35483098
3845.74192774
3846.12902451
3846.51612127
3846.90321803
3847.29031479
3847.67741156
3848.06450832
3848.45160508
3848.83870184
3849.22579861
3849.61289537
3849.99999213
3850.38708889
3850.77418566
3851.16128242
3851.54837918
3851.93547595
3852.32257271
3852.70966947
3853.09676623
3853.48386300
3853.87095976
3854.25805652
3854.64515328
3855.03225005
3855.41934681
3855.80644357
3856.19354033
3856.58063710
3856.96773386
3857.35483062
3857.74192739
3858.12902415
3858.51612091
3858.90321767
3859.29031444
3859.67741120
3860.06450796
3860.45160472
3860.83870149
3861.22579825
3861.61289501
3861.99999177
3862.38708854
3862.77418530
3863.16128206
3863.54837883
3863.93547559
3864.32257235
3864.70966911
3865.09676588
3865.48386264
3865.87095940
3866.25805616
3866.64515293
3867.03224969
3867.41934645
3867.80644321
3868.19353998
3868.58063674
3868.96773350
3869.35483027
3869.74192703
3870.12902379
3870.51612055
3870.90321732
3871.29031408
3871.67741084
3872.06450760
3872.45160437
3872.83870113
3873.22579789
3873.61289465
3873.99999142
3874.38708818
3874.77418494
3875.16128170
3875.54837847
3875.93547523
3876.32257199
3876.70966876
3877.09676552
3877.48386228
3877.87095904
3878.25805581
3878.64515257
3879.03224933
3879.41934609
3879.80644286
3880.19353962
3880.58063638
3880.96773314
3881.35482991
3881.74192667
3882.12902343
3882.51612020
3882.90321696
3883.29031372
3883.67741048
3884.06450725
3884.45160401
3884.83870077
3885.22579753
3885.61289430
3885.99999106
3886.38708782
3886.77418458
3887.16128135
3887.54837811
3887.93547487
3888.32257164
3888.70966840
3889.09676516
3889.48386192
3889.87095869
3890.25805545
3890.64515221
3891.03224897
3891.41934574
3891.80644250
3892.19353926
3892.58063602
3892.96773279
3893.35482955
3893.74192631
3894.12902308
3894.51611984
3894.90321660
3895.29031336
3895.67741013
3896.06450689
3896.45160365
3896.83870041
3897.22579718
3897.61289394
3897.99999070
3898.38708746
3898.77418423
3899.16128099
3899.54837775
3899.93547451
3900.32257128
3900.70966804
3901.09676480
3901.48386157
3901.87095833
3902.25805509
3902.64515185
3903.03224862
3903.41934538
3903.80644214
3904.19353890
3904.58063567
3904.96773243
3905.35482919
3905.74192595
3906.12902272
3906.51611948
3906.90321624
3907.29031301
3907.67740977
3908.06450653
3908.45160329
3908.83870006
3909.22579682
3909.61289358
3909.99999034
3910.38708711
3910.77418387
3911.16128063
3911.54837739
3911.93547416
3912.32257092
3912.70966768
3913.09676445
3913.48386121
3913.87095797
3914.25805473
3914.64515150
3915.03224826
3915.41934502
3915.80644178
3916.19353855
3916.58063531
3916.96773207
3917.35482883
3917.74192560
3918.12902236
3918.51611912
3918.90321589
3919.29031265
3919.67740941
3920.06450617
3920.45160294
3920.83869970
3921.22579646
3921.61289322
3921.99998999
3922.38708675
3922.77418351
3923.16128027
3923.54837704
3923.93547380
3924.32257056
3924.70966733
3925.09676409
3925.48386085
3925.87095761
3926.25805438
3926.64515114
3927.03224790
3927.41934466
3927.80644143
3928.19353819
3928.58063495
3928.96773171
3929.35482848
3929.74192524
3930.12902200
3930.51611876
3930.90321553
3931.29031229
3931.67740905
3932.06450582
3932.45160258
3932.83869934
3933.22579610
3933.61289287
3933.99998963
3934.38708639
3934.77418315
3935.16127992
3935.54837668
3935.93547344
3936.32257020
3936.70966697
3937.09676373
3937.48386049
3937.87095726
3938.25805402
3938.64515078
3939.03224754
3939.41934431
3939.80644107
3940.19353783
3940.58063459
3940.96773136
3941.35482812
3941.74192488
3942.12902164
3942.51611841
3942.90321517
3943.29031193
3943.67740870
3943.87099087
3944.25808764
3944.64518440
3945.03228116
3945.41937792
3945.80647469
3946.19357145
3946.58066821
3946.96776497
3947.35486174
3947.74195850
3948.12905526
3948.51615202
3948.90324879
3949.29034555
3949.67744231
3950.06453907
3950.45163584
3950.83873260
3951.22582936
3951.61292613
3952.00002289
3952.38711965
3952.77421641
3953.16131318
3953.54840994
3953.93550670
3954.32260346
3954.70970023
3955.09679699
3955.48389375
3955.87099051
3956.25808728
3956.64518404
3957.03228080
3957.41937757
3957.80647433
3958.19357109
3958.58066785
3958.96776462
3959.35486138
3959.74195814
3960.12905490
3960.51615167
3960.90324843
3961.29034519
3961.67744195
3962.06453872
3962.45163548
3962.83873224
3963.22582901
3963.61292577
3964.00002253
3964.38711929
3964.77421606
3965.16131282
3965.54840958
3965.93550634
3966.32260311
3966.70969987
3967.09679663
3967.48389339
3967.87099016
3968.25808692
3968.64518368
3969.03228045
3969.41937721
3969.80647397
3970.19357073
3970.58066750
3970.96776426
3971.35486102
3971.74195778
3972.12905455
3972.51615131
3972.90324807
3973.29034483
3973.67744160
3974.06453836
3974.45163512
3974.83873188
3975.22582865
3975.61292541
3976.00002217
3976.38711894
3976.77421570
3977.16131246
3977.54840922
3977.93550599
3978.32260275
3978.70969951
3979.09679627
3979.48389304
3979.87098980
3980.25808656
3980.64518332
3981.03228009
3981.41937685
3981.80647361
3982.19357038
3982.58066714
3982.96776390
3983.35486066
3983.74195743
3984.12905419
3984.51615095
3984.90324771
3985.29034448
3985.67744124
3986.06453800
3986.45163476
3986.83873153
3987.22582829
3987.61292505
3988.00002182
3988.38711858
3988.77421534
3989.16131210
3989.54840887
3989.93550563
3990.32260239
3990.70969915
3991.09679592
3991.48389268
3991.87098944
3992.25808620
3992.64518297
3993.03227973
3993.41937649
3993.80647326
3994.19357002
3994.58066678
3994.96776354
3995.35486031
3995.74195707
3996.12905383
3996.51615059
3996.90324736
3997.29034412
3997.67744088
3998.06453764
3998.45163441
3998.83873117
3999.22582793
3999.61292470
4000.00002146
4000.38711822
4000.77421498
4001.16131175
4001.54840851
4001.93550527
4002.32260203
4002.70969880
4003.09679556
4003.48389232
4003.87098908
4004.25808585
4004.64518261
4005.03227937
4005.41937613
4005.80647290
4006.19356966
4006.58066642
4006.96776319
4007.35485995
4007.74195671
4008.12905347
4008.51615024
4008.90324700
4009.29034376
4009.67744052
4010.06453729
4010.45163405
4010.83873081
4011.22582757
4011.61292434
4012.00002110
4012.38711786
4012.77421463
4013.16131139
4013.54840815
4013.93550491
4014.32260168
4014.70969844
4015.09679520
4015.48389196
4015.87098873
4016.25808549
4016.64518225
4017.03227901
4017.41937578
4017.80647254
4018.19356930
4018.58066607
4018.96776283
4019.35485959
4019.74195635
4020.12905312
4020.51614988
4020.90324664
4021.29034340
4021.67744017
4022.06453693
4022.45163369
4022.83873045
4023.22582722
4023.61292398
4024.00002074
4024.38711751
4024.77421427
4025.16131103
4025.54840779
4025.93550456
4026.32260132
4026.70969808
4027.09679484
4027.48389161
4027.87098837
4028.25808513
4028.64518189
4029.03227866
4029.41937542
4029.80647218
4030.19356894
4030.58066571
4030.96776247
4031.35485923
4031.74195600
4032.12905276
4032.51614952
4032.90324628
4033.29034305
4033.67743981
4034.06453657
4034.45163333
4034.83873010
4035.22582686
4035.61292362
4036.00002038
4036.38711715
4036.77421391
4037.16131067
4037.54840744
4037.93550420
4038.32260096
4038.70969772
4039.09679449
4039.48389125
4039.87098801
4040.25808477
4040.64518154
4041.03227830
4041.41937506
4041.80647182
4042.19356859
4042.58066535
4042.96776211
4043.35485888
4043.74195564
4044.12905240
4044.51614916
4044.90324593
4045.29034269
4045.67743945
4046.06453621
4046.45163298
4046.83872974
4047.22582650
4047.61292326
4048.00002003
4048.38711679
4048.77421355
4049.16131032
4049.54840708
4049.93550384
4050.32260060
4050.70969737
4051.09679413
4051.48389089
4051.87098765
4052.25808442
4052.64518118
4053.03227794
4053.41937470
4053.80647147
4054.19356823
4054.58066499
4054.96776175
4055.35485852
4055.74195528
4056.12905204
4056.51614881
4056.90324557
4057.29034233
4057.67743909
4058.06453586
4058.45163262
4058.83872938
4059.22582614
4059.61292291
4060.00001967
4060.38711643
4060.77421319
4061.16130996
4061.54840672
4061.93550348
4062.32260025
4062.70969701
4063.09679377
4063.48389053
4063.87098730
4064.25808406
4064.64518082
4065.03227758
4065.41937435
4065.80647111
4066.19356787
4066.58066463
4066.96776140
4067.35485816
4067.74195492
4068.12905169
4068.51614845
4068.90324521
4069.29034197
4069.67743874
4070.06453550
4070.45163226
4070.83872902
4071.22582579
4071.61292255
4072.00001931
4072.38711607
4072.77421284
4073.16130960
4073.54840636
4073.93550313
4074.32259989
4074.70969665
4075.09679341
4075.48389018
4075.87098694
4076.25808370
4076.64518046
4077.03227723
4077.41937399
4077.80647075
4078.19356751
4078.58066428
4078.96776104
4079.35485780
4079.74195457
4080.12905133
4080.51614809
4080.90324485
4081.29034162
4081.67743838
4082.06453514
4082.45163190
4082.83872867
4083.22582543
4083.61292219
4084.00001895
4084.38711572
4084.77421248
4085.16130924
4085.54840600
4085.93550277
4086.32259953
4086.70969629
4087.09679306
4087.48388982
4087.87098658
4088.25808334
4088.64518011
4089.03227687
4089.41937363
4089.80647039
4090.19356716
4090.58066392
4090.96776068
4091.35485744
4091.74195421
4092.12905097
4092.51614773
4092.90324450
4093.29034126
4093.67743802
4094.06453478
4094.45163155
4094.83872831
4095.22582507
4095.61292183
4096.00001860
4096.38711536
4096.77421212
4097.16130888
4097.54840565
4097.93550241
4098.32259917
4098.70969594
4099.09679270
4099.48388946
4099.87098622
4100.25808299
4100.64517975
4101.03227651
4101.41937327
4101.80647004
4102.19356680
4102.58066356
4102.96776032
4103.35485709
4103.74195385
4104.12905061
4104.51614738
4104.90324414
4105.29034090
4105.67743766
4106.06453443
4106.45163119
4106.83872795
4107.22582471
4107.61292148
4108.00001824
4108.38711500
4108.77421176
4109.16130853
4109.54840529
4109.93550205
4110.32259881
4110.70969558
4111.09679234
4111.48388910
4111.87098587
4112.25808263
4112.64517939
4113.03227615
4113.41937292
4113.80646968
4114.19356644
4114.58066320
4114.96775997
4115.35485673
4115.74195349
4116.12905025
4116.51614702
4116.90324378
4117.29034054
4117.67743731
4118.06453407
4118.45163083
4118.83872759
4119.22582436
4119.61292112
4120.00001788
4120.38711464
4120.77421141
4121.16130817
4121.54840493
4121.93550169
4122.32259846
4122.70969522
4123.09679198
4123.48388875
4123.87098551
4124.25808227
4124.64517903
4125.03227580
4125.41937256
4125.80646932
4126.19356608
4126.58066285
4126.96775961
4127.35485637
4127.74195313
4128.12904990
4128.51614666
4128.90324342
4129.29034019
4129.67743695
4130.06453371
4130.45163047
4130.83872724
4131.22582400
4131.61292076
4132.00001752
4132.38711429
4132.77421105
4133.16130781
4133.54840457
4133.93550134
4134.32259810
4134.70969486
4135.09679163
4135.48388839
4135.87098515
4136.25808191
4136.64517868
4137.03227544
4137.41937220
4137.80646896
4138.19356573
4138.58066249
4138.96775925
4139.35485601
4139.74195278
4140.12904954
4140.51614630
4140.90324306
4141.29033983
4141.67743659
4142.06453335
4142.45163012
4142.83872688
4143.22582364
4143.61292040
4144.00001717
4144.38711393
4144.77421069
4145.16130745
4145.54840422
4145.93550098
4146.32259774
4146.70969450
4147.09679127
4147.48388803
4147.87098479
4148.25808156
4148.64517832
4149.03227508
4149.41937184
4149.80646861
4150.19356537
4150.58066213
4150.96775889
4151.35485566
4151.74195242
4152.12904918
4152.51614594
4152.90324271
4153.29033947
4153.67743623
4154.06453300
4154.45162976
4154.83872652
4155.22582328
4155.61292005
4156.00001681
4156.38711357
4156.77421033
4157.16130710
4157.54840386
4157.93550062
4158.32259738
4158.70969415
4159.09679091
4159.48388767
4159.87098444
4160.25808120
4160.64517796
4161.03227472
4161.41937149
4161.80646825
4162.19356501
4162.58066177
4162.96775854
4163.35485530
4163.74195206
4164.12904882
4164.51614559
4164.90324235
4165.29033911
4165.67743587
4166.06453264
4166.45162940
4166.83872616
4167.22582293
4167.61291969
4168.00001645
4168.38711321
4168.77420998
4169.16130674
4169.54840350
4169.93550026
4170.32259703
4170.70969379
4171.09679055
4171.48388731
4171.87098408
4172.25808084
4172.64517760
4173.03227437
4173.41937113
4173.80646789
4174.19356465
4174.58066142
4174.96775818
4175.35485494
4175.74195170
4176.12904847
4176.51614523
4176.90324199
4177.29033875
4177.67743552
4178.06453228
4178.45162904
4178.83872581
4179.22582257
4179.61291933
4180.00001609
4180.38711286
4180.77420962
4181.16130638
4181.54840314
4181.93549991
4182.32259667
4182.70969343
4183.09679019
4183.48388696
4183.87098372
4184.25808048
4184.64517725
4185.03227401
4185.41937077
4185.80646753
4186.19356430
4186.58066106
4186.96775782
4187.35485458
4187.74195135
4188.12904811
4188.51614487
4188.90324163
4189.29033840
4189.67743516
4190.06453192
4190.45162868
4190.83872545
4191.22582221
4191.61291897
4192.00001574
4192.38711250
4192.77420926
4193.16130602
4193.54840279
4193.93549955
4194.32259631
4194.70969307
4195.09678984
4195.48388660
4195.87098336
4196.25808012
4196.64517689
4197.03227365
4197.41937041
4197.80646718
4198.19356394
4198.58066070
4198.96775746
4199.35485423
4199.74195099
4200.12904775
4200.51614451
4200.90324128
4201.29033804
4201.67743480
4202.06453156
4202.45162833
4202.83872509
4203.22582185
4203.61291862
4204.00001538
4204.38711214
4204.77420890
4205.16130567
4205.54840243
4205.93549919
4206.32259595
4206.70969272
4207.09678948
4207.48388624
4207.87098300
4208.25807977
4208.64517653
4209.03227329
4209.41937006
4209.80646682
4210.19356358
4210.58066034
4210.96775711
4211.35485387
4211.74195063
4212.12904739
4212.51614416
4212.90324092
4213.29033768
4213.67743444
4214.06453121
4214.45162797
4214.83872473
4215.22582150
4215.61291826
4216.00001502
4216.38711178
4216.77420855
4217.16130531
4217.54840207
4217.93549883
4218.32259560
4218.70969236
4219.09678912
4219.48388588
4219.87098265
4220.25807941
4220.64517617
4221.03227293
4221.41936970
4221.80646646
4222.19356322
4222.58065999
4222.96775675
4223.35485351
4223.74195027
4224.12904704
4224.51614380
4224.90324056
4225.29033732
4225.67743409
4226.06453085
4226.45162761
4226.83872437
4227.22582114
4227.61291790
4228.00001466
4228.38711143
4228.77420819
4229.16130495
4229.54840171
4229.93549848
4230.32259524
4230.70969200
4231.09678876
4231.48388553
4231.87098229
4232.25807905
4232.64517581
4233.03227258
4233.41936934
4233.80646610
4234.19356287
4234.58065963
4234.96775639
4235.35485315
4235.74194992
4236.12904668
4236.51614344
4236.90324020
4237.29033697
4237.67743373
4238.06453049
4238.45162725
4238.83872402
4239.22582078
4239.61291754
4240.00001431
4240.38711107
4240.77420783
4241.16130459
4241.54840136
4241.93549812
4242.32259488
4242.70969164
4243.09678841
4243.48388517
4243.87098193
4244.25807869
4244.64517546
4245.03227222
4245.41936898
4245.80646574
4246.19356251
4246.58065927
4246.96775603
4247.35485280
4247.74194956
4248.12904632
4248.51614308
4248.90323985
4249.29033661
4249.67743337
4250.06453013
4250.45162690
4250.83872366
4251.22582042
4251.61291718
4252.00001395
4252.38711071
4252.77420747
4253.16130424
4253.54840100
4253.93549776
4254.32259452
4254.70969129
4255.09678805
4255.48388481
4255.87098157
4256.25807834
4256.64517510
4257.03227186
4257.41936862
4257.80646539
4258.19356215
4258.58065891
4258.96775568
4259.35485244
4259.74194920
4260.12904596
4260.51614273
4260.90323949
4261.29033625
4261.67743301
4262.06452978
4262.45162654
4262.83872330
4263.22582006
4263.61291683
4264.00001359
4264.38711035
4264.77420712
4265.16130388
4265.54840064
4265.93549740
4266.32259417
4266.70969093
4267.09678769
4267.48388445
4267.87098122
4268.25807798
4268.64517474
4269.03227150
4269.41936827
4269.80646503
4270.19356179
4270.58065856
4270.96775532
4271.35485208
4271.74194884
4272.12904561
4272.51614237
4272.90323913
4273.29033589
4273.67743266
4274.06452942
4274.45162618
4274.83872294
4275.22581971
4275.61291647
4276.00001323
4276.38710999
4276.77420676
4277.16130352
4277.54840028
4277.93549705
4278.32259381
4278.70969057
4279.09678733
4279.48388410
4279.87098086
4280.25807762
4280.64517438
4281.03227115
4281.41936791
4281.80646467
4282.19356143
4282.58065820
4282.96775496
4283.35485172
4283.74194849
4284.12904525
4284.51614201
4284.90323877
4285.29033554
4285.67743230
4286.06452906
4286.45162582
4286.83872259
4287.22581935
4287.61291611
4288.00001287
4288.38710964
4288.77420640
4289.16130316
4289.54839993
4289.93549669
4290.32259345
4290.70969021
4291.09678698
4291.48388374
4291.87098050
4292.25807726
4292.64517403
4293.03227079
4293.41936755
4293.80646431
4294.19356108
4294.58065784
4294.96775460
4295.35485137
4295.74194813
4296.12904489
4296.51614165
4296.90323842
4297.29033518
4297.67743194
4298.06452870
4298.45162547
4298.83872223
4299.22581899
4299.61291575
4300.00001252
4300.38710928
4300.77420604
4301.16130280
4301.54839957
4301.93549633
4302.32259309
4302.70968986
4303.09678662
4303.48388338
4303.87098014
4304.25807691
4304.64517367
4305.03227043
4305.41936719
4305.80646396
4306.19356072
4306.58065748
4306.96775424
4307.35485101
4307.74194777
4308.12904453
4308.51614130
4308.90323806
4309.29033482
4309.67743158
4310.06452835
4310.45162511
4310.83872187
4311.22581863
4311.61291540
4312.00001216
4312.38710892
4312.77420568
4313.16130245
4313.54839921
4313.93549597
4314.32259274
4314.70968950
4315.09678626
4315.48388302
4315.87097979
4316.25807655
4316.64517331
4317.03227007
4317.41936684
4317.80646360
4318.19356036
4318.58065712
4318.96775389
4319.35485065
4319.74194741
4320.12904418
4320.51614094
4320.90323770
4321.29033446
4321.67743123
4322.06452799
4322.45162475
4322.83872151
4323.22581828
4323.61291504
4324.00001180
4324.38710856
4324.77420533
4325.16130209
4325.54839885
4325.93549562
4326.32259238
4326.70968914
4327.09678590
4327.48388267
4327.87097943
4328.25807619
4328.64517295
4329.03226972
4329.41936648
4329.80646324
4330.19356000
4330.58065677
4330.96775353
4331.35485029
4331.74194705
4332.12904382
4332.51614058
4332.90323734
4333.29033411
4333.67743087
4334.06452763
4334.45162439
4334.83872116
4335.22581792
4335.61291468
4336.00001144
4336.38710821
4336.77420497
4337.16130173
4337.54839849
4337.93549526
4338.32259202
4338.70968878
4339.09678555
4339.48388231
4339.87097907
4340.25807583
4340.64517260
4341.03226936
4341.41936612
4341.80646288
4342.19355965
4342.58065641
4342.96775317
4343.35484993
4343.74194670
4344.12904346
4344.51614022
4344.90323699
4345.29033375
4345.67743051
4346.06452727
4346.45162404
4346.83872080
4347.22581756
4347.61291432
4348.00001109
4348.38710785
4348.77420461
4349.16130137
4349.54839814
4349.93549490
4350.32259166
4350.70968843
4351.09678519
4351.48388195
4351.87097871
4352.25807548
4352.64517224
4353.03226900
4353.41936576
4353.80646253
4354.19355929
4354.58065605
4354.96775281
4355.35484958
4355.74194634
4356.12904310
4356.51613986
4356.90323663
4357.29033339
4357.67743015
4358.06452692
4358.45162368
4358.83872044
4359.22581720
4359.61291397
4360.00001073
4360.38710749
4360.77420425
4361.16130102
4361.54839778
4361.93549454
4362.32259130
4362.70968807
4363.09678483
4363.48388159
4363.87097836
4364.25807512
4364.64517188
4365.03226864
4365.41936541
4365.80646217
4366.19355893
4366.58065569
4366.96775246
4367.35484922
4367.74194598
4368.12904274
4368.51613951
4368.90323627
4369.29033303
4369.67742980
4370.06452656
4370.45162332
4370.83872008
4371.22581685
4371.61291361
4372.00001037
4372.38710713
4372.77420390
4373.16130066
4373.54839742
4373.93549418
4374.32259095
4374.70968771
4375.09678447
4375.48388124
4375.87097800
4376.25807476
4376.64517152
4377.03226829
4377.41936505
4377.80646181
4378.19355857
4378.58065534
4378.96775210
4379.35484886
4379.74194562
4380.12904239
4380.51613915
4380.90323591
4381.29033267
4381.67742944
4382.06452620
4382.45162296
4382.83871973
4383.22581649
4383.61291325
4384.00001001
4384.38710678
4384.77420354
4385.16130030
4385.54839706
4385.93549383
4386.32259059
4386.70968735
4387.09678411
4387.48388088
4387.87097764
4388.25807440
4388.64517117
4389.03226793
4389.41936469
4389.80646145
4390.19355822
4390.58065498
4390.96775174
4391.35484850
4391.74194527
4392.12904203
4392.51613879
4392.90323555
4393.29033232
4393.67742908
4394.06452584
4394.45162261
4394.83871937
4395.22581613
4395.61291289
4396.00000966
4396.38710642
4396.77420318
4397.16129994
4397.54839671
4397.93549347
4398.32259023
4398.70968699
4399.09678376
4399.48388052
4399.87097728
4400.25807405
4400.64517081
4401.03226757
4401.41936433
4401.80646110
4402.19355786
4402.58065462
4402.96775138
4403.35484815
4403.74194491
4404.12904167
4404.51613843
4404.90323520
4405.29033196
4405.67742872
4406.06452549
4406.45162225
4406.83871901
4407.22581577
4407.61291254
4408.00000930
4408.38710606
4408.77420282
4409.16129959
4409.54839635
4409.93549311
4410.32258987
4410.70968664
4411.09678340
4411.48388016
4411.87097692
4412.25807369
4412.64517045
4413.03226721
4413.41936398
4413.80646074
4414.19355750
4414.58065426
4414.96775103
4415.35484779
4415.74194455
4416.12904131
4416.51613808
4416.90323484
4417.29033160
4417.67742836
4418.06452513
4418.45162189
4418.83871865
4419.22581542
4419.61291218
4420.00000894
4420.38710570
4420.77420247
4421.16129923
4421.54839599
4421.93549275
4422.32258952
4422.70968628
4423.09678304
4423.48387980
4423.87097657
4424.25807333
4424.64517009
4425.03226686
4425.41936362
4425.80646038
4426.19355714
4426.58065391
4426.96775067
4427.35484743
4427.74194419
4428.12904096
4428.51613772
4428.90323448
4429.29033124
4429.67742801
4430.06452477
4430.45162153
4430.83871830
4431.22581506
4431.61291182
4432.00000858
4432.38710535
4432.77420211
4433.16129887
4433.54839563
4433.93549240
4434.32258916
4434.70968592
4435.09678268
4435.48387945
4435.87097621
4436.25807297
4436.64516973
4437.03226650
4437.41936326
4437.80646002
4438.19355679
4438.58065355
4438.96775031
4439.35484707
4439.74194384
4440.12904060
4440.51613736
4440.90323412
4441.29033089
4441.67742765
4442.06452441
4442.45162117
4442.83871794
4443.22581470
4443.61291146
4444.00000823
4444.38710499
4444.77420175
4445.16129851
4445.54839528
4445.93549204
4446.32258880
4446.70968556
4447.09678233
4447.48387909
4447.87097585
4448.25807261
4448.64516938
4449.03226614
4449.41936290
4449.80645967
4450.19355643
4450.58065319
4450.96774995
4451.35484672
4451.74194348
4452.12904024
4452.51613700
4452.90323377
4453.29033053
4453.67742729
4454.06452405
4454.45162082
4454.83871758
4455.22581434
4455.61291111
4456.00000787
4456.38710463
4456.77420139
4457.16129816
4457.54839492
4457.93549168
4458.32258844
4458.70968521
4459.09678197
4459.48387873
4459.87097549
4460.25807226
4460.64516902
4461.03226578
4461.41936255
4461.80645931
4462.19355607
4462.58065283
4462.96774960
4463.35484636
4463.74194312
4464.12903988
4464.51613665
4464.90323341
4465.29033017
4465.67742693
4466.06452370
4466.45162046
4466.83871722
4467.22581398
4467.61291075
4468.00000751
4468.38710427
4468.77420104
4469.16129780
4469.54839456
4469.93549132
4470.32258809
4470.70968485
4471.09678161
4471.48387837
4471.87097514
4472.25807190
4472.64516866
4473.03226542
4473.41936219
4473.80645895
4474.19355571
4474.58065248
4474.96774924
4475.35484600
4475.74194276
4476.12903953
4476.51613629
4476.90323305
4477.29032981
4477.67742658
4478.06452334
4478.45162010
4478.83871686
4479.22581363
4479.61291039
4480.00000715
4480.38710392
4480.77420068
4481.16129744
4481.54839420
4481.93549097
4482.32258773
4482.70968449
4483.09678125
4483.48387802
4483.87097478
4484.25807154
4484.64516830
4485.03226507
4485.41936183
4485.80645859
4486.19355536
4486.58065212
4486.96774888
4487.35484564
4487.74194241
4488.12903917
4488.51613593
4488.90323269
4489.29032946
4489.67742622
4490.06452298
4490.45161974
4490.83871651
4491.22581327
4491.61291003
4492.00000679
4492.38710356
4492.77420032
4493.16129708
4493.54839385
4493.93549061
4494.32258737
4494.70968413
4495.09678090
4495.48387766
4495.87097442
4496.25807118
4496.64516795
4497.03226471
4497.41936147
4497.80645823
4498.19355500
4498.58065176
4498.96774852
4499.35484529
4499.74194205
4500.12903881
4500.51613557
4500.90323234
4501.29032910
4501.67742586
4502.06452262
4502.45161939
4502.83871615
4503.22581291
4503.61290967
4504.00000644
4504.38710320
4504.77419996
4505.16129673
4505.54839349
4505.93549025
4506.32258701
4506.70968378
4507.09678054
4507.48387730
4507.87097406
4508.25807083
4508.64516759
4509.03226435
4509.41936111
4509.80645788
4510.19355464
4510.58065140
4510.96774817
4511.35484493
4511.74194169
4512.12903845
4512.51613522
4512.90323198
4513.29032874
4513.67742550
4514.06452227
4514.45161903
4514.83871579
4515.22581255
4515.61290932
4516.00000608
4516.38710284
4516.77419960
4517.16129637
4517.54839313
4517.93548989
4518.32258666
4518.70968342
4519.09678018
4519.48387694
4519.87097371
4520.25807047
4520.64516723
4521.03226399
4521.41936076
4521.80645752
4522.19355428
4522.58065104
4522.96774781
4523.35484457
4523.74194133
4524.12903810
4524.51613486
4524.90323162
4525.29032838
4525.67742515
4526.06452191
4526.45161867
4526.83871543
4527.22581220
4527.61290896
4528.00000572
4528.38710248
4528.77419925
4529.16129601
4529.54839277
4529.93548954
4530.32258630
4530.70968306
4531.09677982
4531.48387659
4531.87097335
4532.25807011
4532.64516687
4533.03226364
4533.41936040
4533.80645716
4534.19355392
4534.58065069
4534.96774745
4535.35484421
4535.74194098
4536.12903774
4536.51613450
4536.90323126
4537.29032803
4537.67742479
4538.06452155
4538.45161831
4538.83871508
4539.22581184
4539.61290860
4540.00000536
4540.38710213
4540.77419889
4541.16129565
4541.54839242
4541.93548918
4542.32258594
4542.70968270
4543.09677947
4543.48387623
4543.87097299
4544.25806975
4544.64516652
4545.03226328
4545.41936004
4545.80645680
4546.19355357
4546.58065033
4546.96774709
4547.35484385
4547.74194062
4548.12903738
4548.51613414
4548.90323091
4549.29032767
4549.67742443
4550.06452119
4550.45161796
4550.83871472
4551.22581148
4551.61290824
4552.00000501
4552.38710177
4552.77419853
4553.16129529
4553.54839206
4553.93548882
4554.32258558
4554.70968235
4555.09677911
4555.48387587
4555.87097263
4556.25806940
4556.64516616
4557.03226292
4557.41935968
4557.80645645
4558.19355321
4558.58064997
4558.96774673
4559.35484350
4559.74194026
4560.12903702
4560.51613379
4560.90323055
4561.29032731
4561.67742407
4562.06452084
4562.45161760
4562.83871436
4563.22581112
4563.61290789
4564.00000465
4564.38710141
4564.77419817
4565.16129494
4565.54839170
4565.93548846
4566.32258523
4566.70968199
4567.09677875
4567.48387551
4567.87097228
4568.25806904
4568.64516580
4569.03226256
4569.41935933
4569.80645609
4570.19355285
4570.58064961
4570.96774638
4571.35484314
4571.74193990
4572.12903666
4572.51613343
4572.90323019
4573.29032695
4573.67742372
4574.06452048
4574.45161724
4574.83871400
4575.22581077
4575.61290753
4576.00000429
4576.38710105
4576.77419782
4577.16129458
4577.54839134
4577.93548810
4578.32258487
4578.70968163
4579.09677839
4579.48387516
4579.87097192
4580.25806868
4580.64516544
4581.03226221
4581.41935897
4581.80645573
4582.19355249
4582.58064926
4582.96774602
4583.35484278
4583.74193954
4584.12903631
4584.51613307
4584.90322983
4585.29032660
4585.67742336
4586.06452012
4586.45161688
4586.83871365
4587.22581041
4587.61290717
4588.00000393
4588.38710070
4588.77419746
4589.16129422
4589.54839098
4589.93548775
4590.32258451
4590.70968127
4591.09677804
4591.48387480
4591.87097156
4592.25806832
4592.64516509
4593.03226185
4593.41935861
4593.80645537
4594.19355214
4594.58064890
4594.96774566
4595.35484242
4595.74193919
4596.12903595
4596.51613271
4596.90322948
4597.29032624
4597.67742300
4598.06451976
4598.45161653
4598.83871329
4599.22581005
4599.61290681
4600.00000358
4600.38710034
4600.77419710
4601.16129386
4601.54839063
4601.93548739
4602.32258415
4602.70968091
4603.09677768
4603.48387444
4603.87097120
4604.25806797
4604.64516473
4605.03226149
4605.41935825
4605.80645502
4606.19355178
4606.58064854
4606.96774530
4607.35484207
4607.74193883
4608.12903559
4608.51613235
4608.90322912
4609.29032588
4609.67742264
4610.06451941
4610.45161617
4610.83871293
4611.22580969
4611.61290646
4612.00000322
4612.38709998
4612.77419674
4613.16129351
4613.54839027
4613.93548703
4614.32258379
4614.70968056
4615.09677732
4615.48387408
4615.87097085
4616.25806761
4616.64516437
4617.03226113
4617.41935790
4617.80645466
4618.19355142
4618.58064818
4618.96774495
4619.35484171
4619.74193847
4620.12903523
4620.51613200
4620.90322876
4621.29032552
4621.67742229
4622.06451905
4622.45161581
4622.83871257
4623.22580934
4623.61290610
4624.00000286
4624.38709962
4624.77419639
4625.16129315
4625.54838991
4625.93548667
4626.32258344
4626.70968020
4627.09677696
4627.48387372
4627.87097049
4628.25806725
4628.64516401
4629.03226078
4629.41935754
4629.80645430
4630.19355106
4630.58064783
4630.96774459
4631.35484135
4631.74193811
4632.12903488
4632.51613164
4632.90322840
4633.29032516
4633.67742193
4634.06451869
4634.45161545
4634.83871222
4635.22580898
4635.61290574
4636.00000250
4636.38709927
4636.77419603
4637.16129279
4637.54838955
4637.93548632
4638.32258308
4638.70967984
4639.09677660
4639.48387337
4639.87097013
4640.25806689
4640.64516366
4641.03226042
4641.41935718
4641.80645394
4642.19355071
4642.58064747
4642.96774423
4643.35484099
4643.74193776
4644.12903452
4644.51613128
4644.90322804
4645.29032481
4645.67742157
4646.06451833
4646.45161510
4646.83871186
4647.22580862
4647.61290538
4648.00000215
4648.38709891
4648.77419567
4649.16129243
4649.54838920
4649.93548596
4650.32258272
4650.70967948
4651.09677625
4651.48387301
4651.87096977
4652.25806653
4652.64516330
4653.03226006
4653.41935682
4653.80645359
4654.19355035
4654.58064711
4654.96774387
4655.35484064
4655.74193740
4656.12903416
4656.51613092
4656.90322769
4657.29032445
4657.67742121
4658.06451797
4658.45161474
4658.83871150
4659.22580826
4659.61290503
4660.00000179
4660.38709855
4660.77419531
4661.16129208
4661.54838884
4661.93548560
4662.32258236
4662.70967913
4663.09677589
4663.48387265
4663.87096941
4664.25806618
4664.64516294
4665.03225970
4665.41935647
4665.80645323
4666.19354999
4666.58064675
4666.96774352
4667.35484028
4667.74193704
4668.12903380
4668.51613057
4668.90322733
4669.29032409
4669.67742085
4670.06451762
4670.45161438
4670.83871114
4671.22580791
4671.61290467
4672.00000143
4672.38709819
4672.77419496
4673.16129172
4673.54838848
4673.93548524
4674.32258201
4674.70967877
4675.09677553
4675.48387229
4675.87096906
4676.25806582
4676.64516258
4677.03225935
4677.41935611
4677.80645287
4678.19354963
4678.58064640
4678.96774316
4679.35483992
4679.74193668
4680.12903345
4680.51613021
4680.90322697
4681.29032373
4681.67742050
4682.06451726
4682.45161402
4682.83871078
4683.22580755
4683.61290431
4684.00000107
4684.38709784
4684.77419460
4685.16129136
4685.54838812
4685.93548489
4686.32258165
4686.70967841
4687.09677517
4687.48387194
4687.87096870
4688.25806546
4688.64516222
4689.03225899
4689.41935575
4689.80645251
4690.19354928
4690.58064604
4690.96774280
4691.35483956
4691.74193633
4692.12903309
4692.51612985
4692.90322661
4693.29032338
4693.67742014
4694.06451690
4694.45161366
4694.83871043
4695.22580719
4695.61290395
4696.00000072
4696.38709748
4696.77419424
4697.16129100
4697.54838777
4697.93548453
4698.32258129
4698.70967805
4699.09677482
4699.48387158
4699.87096834
4700.25806510
4700.64516187
4701.03225863
4701.41935539
4701.80645216
4702.19354892
4702.58064568
4702.96774244
4703.35483921
4703.74193597
4704.12903273
4704.51612949
4704.90322626
4705.29032302
4705.67741978
4706.06451654
4706.45161331
4706.83871007
4707.22580683
4707.61290359
4708.00000036
4708.38709712
4708.77419388
4709.16129065
4709.54838741
4709.93548417
4710.32258093
4710.70967770
4711.09677446
4711.48387122
4711.87096798
4712.25806475
4712.64516151
4713.03225827
4713.41935503
4713.80645180
4714.19354856
4714.58064532
4714.96774209
4715.35483885
4715.74193561
4716.12903237
4716.51612914
4716.90322590
4717.29032266
4717.67741942
4718.06451619
4718.45161295
4718.83870971
4719.22580647
4719.61290324
4720.00000000
4720.38709676
4720.77419353
4721.16129029
4721.54838705
4721.93548381
4722.32258058
4722.70967734
4723.09677410
4723.48387086
4723.87096763
4724.25806439
4724.64516115
4725.03225791
4725.41935468
4725.80645144
4726.19354820
4726.58064497
4726.96774173
4727.35483849
4727.74193525
4728.12903202
4728.51612878
4728.90322554
4729.29032230
4729.67741907
4730.06451583
4730.45161259
4730.83870935
4731.22580612
4731.61290288
4731.99999964
