1640.01761115
1640.40764046
1640.79766977
1641.18769908
1641.57772839
1641.96775770
1642.35778701
1642.74781632
1643.13784564
1643.52787495
1643.91790426
1644.30793357
1644.69796288
1645.08799219
1645.47802150
1645.86805081
1646.25808012
1646.64810944
1647.03813875
1647.42816806
1647.81819737
1648.20822668
1648.59825599
1648.98828530
1649.37831461
1649.76834393
1650.15837324
1650.54840255
1650.93843186
1651.32846117
1651.71849048
1652.10851979
1652.49854910
1652.88857841
1653.27860773
1653.66863704
1654.05866635
1654.44869566
1654.83872497
1655.22875428
1655.61878359
1656.00881290
1656.39884222
1656.78887153
1657.17890084
1657.56893015
1657.95895946
1658.34898877
1658.73901808
1659.12904739
1659.51907670
1659.90910602
1660.29913533
1660.68916464
1661.07919395
1661.46922326
1661.85925257
1662.24928188
1662.63931119
1663.02934051
1663.41936982
1663.80939913
1664.19942844
1664.58945775
1664.97948706
1665.36951637
1665.75954568
1666.14957500
1666.53960431
1666.92963362
1667.31966293
1667.70969224
1668.09972155
1668.48975086
1668.87978017
1669.26980948
1669.65983880
1670.04986811
1670.43989742
1670.82992673
1671.21995604
1671.60998535
1672.00001466
1672.39004397
1672.78007329
1673.17010260
1673.56013191
1673.95016122
1674.34019053
1674.73021984
1675.12024915
1675.51027846
1675.90030777
1676.29033709
1676.68036640
1677.07039571
1677.46042502
1677.85045433
1678.24048364
1678.63051295
1679.02054226
1679.41057158
1679.80060089
1680.19063020
1680.58065951
1680.97068882
1681.36071813
1681.75074744
1682.14077675
1682.53080606
1682.92083538
1683.31086469
1683.70089400
1684.09092331
1684.48095262
1684.87098193
1685.26101124
1685.65104055
1686.04106987
1686.43109918
1686.82112849
1687.21115780
1687.60118711
1687.99121642
1688.38124573
1688.77127504
1689.16130435
1689.55133367
1689.94136298
1690.33139229
1690.72142160
1691.11145091
1691.50148022
1691.89150953
1692.28153884
1692.67156816
1693.06159747
1693.45162678
1693.84165609
1694.23168540
1694.62171471
1695.01174402
1695.40177333
1695.79180264
1696.18183196
1696.57186127
1696.96189058
1697.35191989
1697.74194920
1698.13197851
1698.52200782
1698.91203713
1699.30206645
1699.69209576
1700.08212507
1700.47215438
1700.86218369
1701.25221300
1701.64224231
1702.03227162
1702.42230093
1702.81233025
1703.20235956
1703.59238887
1703.98241818
1704.37244749
1704.76247680
1705.15250611
1705.54253542
1705.93256474
1706.32259405
1706.71262336
1707.10265267
1707.49268198
1707.88271129
1708.27274060
1708.66276991
1709.05279922
1709.44282854
1709.83285785
1710.22288716
1710.61291647
1711.00294578
1711.39297509
1711.78300440
1712.17303371
1712.56306303
1712.95309234
1713.34312165
1713.73315096
1714.12318027
1714.51320958
1714.90323889
1715.29326820
1715.68329751
1716.07332683
1716.46335614
1716.85338545
1717.24341476
1717.63344407
1718.02347338
1718.41350269
1718.80353200
1719.19356132
1719.58359063
1719.97361994
1720.36364925
1720.75367856
1721.14370787
1721.53373718
1721.92376649
1722.31379580
1722.70382512
1723.09385443
1723.48388374
1723.87391305
1724.26394236
1724.65397167
1725.04400098
1725.43403029
1725.82405961
1726.21408892
1726.60411823
1726.99414754
1727.38417685
1727.77420616
1728.16423547
1728.55426478
1728.94429410
1729.33432341
1729.72435272
1730.11438203
1730.50441134
1730.89444065
1731.28446996
1731.67449927
1732.06452858
1732.45455790
1732.84458721
1733.23461652
1733.62464583
1734.01467514
1734.40470445
1734.79473376
1735.18476307
1735.57479239
1735.96482170
1736.35485101
1736.74488032
1737.13490963
1737.52493894
1737.91496825
1738.30499756
1738.69502687
1739.08505619
1739.47508550
1739.86511481
1740.25514412
1740.64517343
1741.03520274
1741.42523205
1741.81526136
1742.20529068
1742.59531999
1742.98534930
1743.37537861
1743.76540792
1744.15543723
1744.54546654
1744.93549585
1745.32552516
1745.71555448
1746.10558379
1746.49561310
1746.88564241
1747.27567172
1747.66570103
1748.05573034
1748.44575965
1748.83578897
1749.22581828
1749.61584759
1750.00587690
1750.39590621
1750.78593552
1751.17596483
1751.56599414
1751.95602345
1752.34605277
1752.73608208
1753.12611139
1753.51614070
1753.90617001
1754.29619932
1754.68622863
1755.07625794
1755.46628726
1755.85631657
1756.24634588
1756.63637519
1757.02640450
1757.41643381
1757.80646312
1758.19649243
1758.58652174
1758.97655106
1759.36658037
1759.75660968
1760.14663899
1760.53666830
1760.92669761
1761.31672692
1761.70675623
1762.09678555
1762.48681486
1762.87684417
1763.26687348
1763.65690279
1764.04693210
1764.43696141
1764.82699072
1765.21702003
1765.60704935
1765.99707866
1766.38710797
1766.77713728
1767.16716659
1767.55719590
1767.94722521
1768.33725452
1768.72728384
1769.11731315
1769.50734246
1769.89737177
1770.28740108
1770.67743039
1771.06745970
1771.45748901
1771.84751832
1772.23754764
1772.62757695
1773.01760626
1773.40763557
1773.79766488
1774.18769419
1774.57772350
1774.96775281
1775.35778213
1775.74781144
1776.13784075
1776.52787006
1776.91789937
1777.30792868
1777.69795799
1778.08798730
1778.47801661
1778.86804593
1779.25807524
1779.64810455
1780.03813386
1780.42816317
1780.81819248
1781.20822179
1781.59825110
1781.98828042
1782.37830973
1782.76833904
1783.15836835
1783.54839766
1783.93842697
1784.32845628
1784.71848559
1785.10851490
1785.49854422
1785.88857353
1786.27860284
1786.66863215
1787.05866146
1787.44869077
1787.83872008
1788.22874939
1788.61877871
1789.00880802
1789.39883733
1789.78886664
1790.17889595
1790.56892526
1790.95895457
1791.34898388
1791.73901320
1792.12904251
1792.51907182
1792.90910113
1793.29913044
1793.68915975
1794.07918906
1794.46921837
1794.85924768
1795.24927700
1795.63930631
1796.02933562
1796.41936493
1796.80939424
1797.19942355
1797.58945286
1797.97948217
1798.36951149
1798.75954080
1799.14957011
1799.53959942
1799.92962873
1800.31965804
1800.70968735
1801.09971666
1801.48974597
1801.87977529
1802.26980460
1802.65983391
1803.04986322
1803.43989253
1803.82992184
1804.21995115
1804.60998046
1805.00000978
1805.39003909
1805.78006840
1806.17009771
1806.56012702
1806.95015633
1807.34018564
1807.73021495
1808.12024426
1808.51027358
1808.90030289
1809.29033220
1809.68036151
1810.07039082
1810.46042013
1810.85044944
1811.24047875
1811.63050807
1812.02053738
1812.41056669
1812.80059600
1813.19062531
1813.58065462
1813.97068393
1814.36071324
1814.75074255
1815.14077187
1815.53080118
1815.92083049
1816.31085980
1816.70088911
1817.09091842
1817.48094773
1817.87097704
1818.26100636
1818.65103567
1819.04106498
1819.43109429
1819.82112360
1820.21115291
1820.60118222
1820.99121153
1821.38124084
1821.77127016
1822.16129947
1822.55132878
1822.94135809
1823.33138740
1823.72141671
1824.11144602
1824.50147533
1824.89150465
1825.28153396
1825.67156327
1826.06159258
1826.45162189
1826.84165120
1827.23168051
1827.62170982
1828.01173913
1828.40176845
1828.79179776
1829.18182707
1829.57185638
1829.96188569
1830.35191500
1830.74194431
1831.13197362
1831.52200294
1831.91203225
1832.30206156
1832.69209087
1833.08212018
1833.47214949
1833.86217880
1834.25220811
1834.64223742
1835.03226674
1835.42229605
1835.81232536
1836.20235467
1836.59238398
1836.98241329
1837.37244260
1837.76247191
1838.15250123
1838.54253054
1838.93255985
1839.32258916
1839.71261847
1840.10264778
1840.49267709
1840.88270640
1841.27273571
1841.66276503
1842.05279434
1842.44282365
1842.83285296
1843.22288227
1843.61291158
1844.00294089
1844.39297020
1844.78299952
1845.17302883
1845.56305814
1845.95308745
1846.34311676
1846.73314607
1847.12317538
1847.51320469
1847.90323400
1848.29326332
1848.68329263
1849.07332194
1849.46335125
1849.85338056
1850.24340987
1850.63343918
1851.02346849
1851.41349781
1851.80352712
1852.19355643
1852.58358574
1852.97361505
1853.36364436
1853.75367367
1854.14370298
1854.53373230
1854.92376161
1855.31379092
1855.70382023
1856.09384954
1856.48387885
1856.87390816
1857.26393747
1857.65396678
1858.04399610
1858.43402541
1858.82405472
1859.21408403
1859.60411334
1859.99414265
1860.38417196
1860.77420127
1861.16423059
1861.55425990
1861.94428921
1862.33431852
1862.72434783
1863.11437714
1863.50440645
1863.89443576
1864.28446507
1864.67449439
1865.06452370
1865.45455301
1865.84458232
1866.23461163
1866.62464094
1867.01467025
1867.40469956
1867.79472888
1868.18475819
1868.57478750
1868.96481681
1869.35484612
1869.74487543
1870.13490474
1870.52493405
1870.91496336
1871.30499268
1871.69502199
1872.08505130
1872.47508061
1872.86510992
1873.25513923
1873.64516854
1874.03519785
1874.42522717
1874.81525648
1875.20528579
1875.59531510
1875.98534441
1876.37537372
1876.76540303
1877.15543234
1877.54546165
1877.93549097
1878.32552028
1878.71554959
1879.10557890
1879.49560821
1879.88563752
1880.27566683
1880.66569614
1881.05572546
1881.44575477
1881.83578408
1882.22581339
1882.61584270
1883.00587201
1883.39590132
1883.78593063
1884.17595994
1884.56598926
1884.95601857
1885.34604788
1885.73607719
1886.12610650
1886.51613581
1886.90616512
1887.29619443
1887.68622375
1888.07625306
1888.46628237
1888.85631168
1889.24634099
1889.63637030
1890.02639961
1890.41642892
1890.80645823
1891.19648755
1891.58651686
1891.97654617
1892.36657548
1892.75660479
1893.14663410
1893.53666341
1893.92669272
1894.31672204
1894.70675135
1895.09678066
1895.48680997
1895.87683928
1896.26686859
1896.65689790
1897.04692721
1897.43695652
1897.82698584
1898.21701515
1898.60704446
1898.99707377
1899.38710308
1899.77713239
1900.16716170
1900.55719101
1900.94722033
1901.33724964
1901.72727895
1902.11730826
1902.50733757
1902.89736688
1903.28739619
1903.67742550
1904.06745481
1904.45748413
1904.84751344
1905.23754275
1905.62757206
1906.01760137
1906.40763068
1906.79765999
1907.18768930
1907.57771862
1907.96774793
1908.35777724
1908.74780655
1909.13783586
1909.52786517
1909.91789448
1910.30792379
1910.69795310
1911.08798242
1911.47801173
1911.86804104
1912.25807035
1912.64809966
1913.03812897
1913.42815828
1913.81818759
1914.20821691
1914.59824622
1914.98827553
1915.37830484
1915.76833415
1916.15836346
1916.54839277
1916.93842208
1917.32845140
1917.71848071
1918.10851002
1918.49853933
1918.88856864
1919.27859795
1919.66862726
1920.05865657
1920.44868588
1920.83871520
1921.22874451
1921.61877382
1922.00880313
1922.39883244
1922.78886175
1923.17889106
1923.56892037
1923.95894969
1924.34897900
1924.73900831
1925.12903762
1925.51906693
1925.90909624
1926.29912555
1926.68915486
1927.07918417
1927.46921349
1927.85924280
1928.24927211
1928.63930142
1929.02933073
1929.41936004
1929.80938935
1930.19941866
1930.58944798
1930.97947729
1931.36950660
1931.75953591
1932.14956522
1932.53959453
1932.92962384
1933.31965315
1933.70968246
1934.09971178
1934.48974109
1934.87977040
1935.26979971
1935.65982902
1936.04985833
1936.43988764
1936.82991695
1937.21994627
1937.60997558
1938.00000489
1938.39003420
1938.78006351
1939.17009282
1939.56012213
1939.95015144
1940.34018075
1940.73021007
1941.12023938
1941.51026869
1941.90029800
1942.29032731
1942.68035662
1943.07038593
1943.46041524
1943.85044456
1944.24047387
1944.63050318
1945.02053249
1945.41056180
1945.80059111
1946.19062042
1946.58064973
1946.97067904
1947.36070836
1947.75073767
1948.14076698
1948.53079629
1948.92082560
1949.31085491
1949.70088422
1950.09091353
1950.48094285
1950.87097216
1951.26100147
1951.65103078
1952.04106009
1952.43108940
1952.82111871
1953.21114802
1953.60117733
1953.99120665
1954.38123596
1954.77126527
1955.16129458
1955.55132389
1955.94135320
1956.33138251
1956.72141182
1957.11144114
1957.50147045
1957.89149976
1958.28152907
1958.67155838
1959.06158769
1959.45161700
1959.84164631
1960.23167562
1960.62170494
1961.01173425
1961.40176356
1961.79179287
1962.18182218
1962.57185149
1962.96188080
1963.35191011
1963.74193943
1964.13196874
1964.52199805
1964.91202736
1965.30205667
1965.69208598
1966.08211529
1966.47214460
1966.86217391
1967.25220323
1967.64223254
1968.03226185
1968.42229116
1968.81232047
1969.20234978
1969.59237909
1969.98240840
1970.37243772
1970.76246703
1971.15249634
1971.54252565
1971.93255496
1972.32258427
1972.71261358
1973.10264289
1973.49267220
1973.88270152
1974.27273083
1974.66276014
1975.05278945
1975.44281876
1975.83284807
1976.22287738
1976.61290669
1977.00293601
1977.39296532
1977.78299463
1978.17302394
1978.56305325
1978.95308256
1979.34311187
1979.73314118
1980.12317050
1980.51319981
1980.90322912
1981.29325843
1981.68328774
1982.07331705
1982.46334636
1982.85337567
1983.24340498
1983.63343430
1984.02346361
1984.41349292
1984.80352223
1985.19355154
1985.58358085
1985.97361016
1986.36363947
1986.75366879
1987.14369810
1987.53372741
1987.92375672
1988.31378603
1988.70381534
1989.09384465
1989.48387396
1989.87390327
1990.26393259
1990.65396190
1991.04399121
1991.43402052
1991.82404983
1992.21407914
1992.60410845
1992.99413776
1993.38416708
1993.77419639
1994.16422570
1994.55425501
1994.94428432
1995.33431363
1995.72434294
1996.11437225
1996.50440156
1996.89443088
1997.28446019
1997.67448950
1998.06451881
1998.45454812
1998.84457743
1999.23460674
1999.62463605
2000.01466537
2000.40469468
2000.79472399
2001.18475330
2001.57478261
2001.96481192
2002.35484123
2002.74487054
2003.13489985
2003.52492917
2003.91495848
2004.30498779
2004.69501710
2005.08504641
2005.47507572
2005.86510503
2006.25513434
2006.64516366
2007.03519297
2007.42522228
2007.81525159
2008.20528090
2008.59531021
2008.98533952
2009.37536883
2009.76539814
2010.15542746
2010.54545677
2010.93548608
2011.32551539
2011.71554470
2012.10557401
2012.49560332
2012.88563263
2013.27566195
2013.66569126
2014.05572057
2014.44574988
2014.83577919
2015.22580850
2015.61583781
2016.00586712
2016.39589643
2016.78592575
2017.17595506
2017.56598437
2017.95601368
2018.34604299
2018.73607230
2019.12610161
2019.51613092
2019.90616024
2020.29618955
2020.68621886
2021.07624817
2021.46627748
2021.85630679
2022.24633610
2022.63636541
2023.02639472
2023.41642404
2023.80645335
2024.19648266
2024.58651197
2024.97654128
2025.36657059
2025.75659990
2026.14662921
2026.53665853
2026.92668784
2027.31671715
2027.70674646
2028.09677577
2028.48680508
2028.87683439
2029.26686370
2029.65689301
2030.04692233
2030.43695164
2030.82698095
2031.21701026
2031.60703957
2031.99706888
2032.38709819
2032.77712750
2033.16715682
2033.55718613
2033.94721544
2034.33724475
2034.72727406
2035.11730337
2035.50733268
2035.89736199
2036.28739130
2036.67742062
2037.06744993
2037.45747924
2037.84750855
2038.23753786
2038.62756717
2039.01759648
2039.40762579
2039.79765511
2040.18768442
2040.57771373
2040.96774304
2041.35777235
2041.74780166
2042.13783097
2042.52786028
2042.91788960
2043.30791891
2043.69794822
2044.08797753
2044.47800684
2044.86803615
2045.25806546
2045.64809477
2046.03812408
2046.42815340
2046.81818271
2047.20821202
2047.59824133
2047.98827064
2048.37829995
2048.76832926
2049.15835857
2049.54838789
2049.93841720
2050.32844651
2050.71847582
2051.10850513
2051.49853444
2051.88856375
2052.27859306
2052.66862237
2053.05865169
2053.44868100
2053.83871031
2054.22873962
2054.61876893
2055.00879824
2055.39882755
2055.78885686
2056.17888618
2056.56891549
2056.95894480
2057.34897411
2057.73900342
2058.12903273
2058.51906204
2058.90909135
2059.29912066
2059.68914998
2060.07917929
2060.46920860
2060.85923791
2061.24926722
2061.63929653
2062.02932584
2062.41935515
2062.80938447
2063.19941378
2063.58944309
2063.97947240
2064.36950171
2064.75953102
2065.14956033
2065.53958964
2065.92961895
2066.31964827
2066.70967758
2067.09970689
2067.48973620
2067.87976551
2068.26979482
2068.65982413
2069.04985344
2069.43988276
2069.82991207
2070.21994138
2070.60997069
2071.00000000
2071.39002931
2071.78005862
2072.17008793
2072.56011724
2072.95014656
2073.34017587
2073.73020518
2074.12023449
2074.51026380
2074.90029311
2075.29032242
2075.68035173
2076.07038105
2076.46041036
2076.85043967
2077.24046898
2077.63049829
2078.02052760
2078.41055691
2078.80058622
2079.19061553
2079.58064485
2079.97067416
2080.36070347
2080.75073278
2081.14076209
2081.53079140
2081.92082071
2082.31085002
2082.70087934
2083.09090865
2083.48093796
2083.87096727
2084.26099658
2084.65102589
2085.04105520
2085.43108451
2085.82111382
2086.21114314
2086.60117245
2086.99120176
2087.38123107
2087.77126038
2088.16128969
2088.55131900
2088.94134831
2089.33137763
2089.72140694
2090.11143625
2090.50146556
2090.89149487
2091.28152418
2091.67155349
2092.06158280
2092.45161211
2092.84164143
2093.23167074
2093.62170005
2094.01172936
2094.40175867
2094.79178798
2095.18181729
2095.57184660
2095.96187592
2096.35190523
2096.74193454
2097.13196385
2097.52199316
2097.91202247
2098.30205178
2098.69208109
2099.08211040
2099.47213972
2099.86216903
2100.25219834
2100.64222765
2101.03225696
2101.42228627
2101.81231558
2102.20234489
2102.59237421
2102.98240352
2103.37243283
2103.76246214
2104.15249145
2104.54252076
2104.93255007
2105.32257938
2105.71260870
2106.10263801
2106.49266732
2106.88269663
2107.27272594
2107.66275525
2108.05278456
2108.44281387
2108.83284318
2109.22287250
2109.61290181
2110.00293112
2110.39296043
2110.78298974
2111.17301905
2111.56304836
2111.95307767
2112.34310699
2112.73313630
2113.12316561
2113.51319492
2113.90322423
2114.29325354
2114.68328285
2115.07331216
2115.46334147
2115.85337079
2116.24340010
2116.63342941
2117.02345872
2117.41348803
2117.80351734
2118.19354665
2118.58357596
2118.97360528
2119.36363459
2119.75366390
2120.14369321
2120.53372252
2120.92375183
2121.31378114
2121.70381045
2122.09383976
2122.48386908
2122.87389839
2123.26392770
2123.65395701
2124.04398632
2124.43401563
2124.82404494
2125.21407425
2125.60410357
2125.99413288
2126.38416219
2126.77419150
2127.16422081
2127.55425012
2127.94427943
2128.33430874
2128.72433805
2129.11436737
2129.50439668
2129.89442599
2130.28445530
2130.67448461
2131.06451392
2131.45454323
2131.84457254
2132.23460186
2132.62463117
2133.01466048
2133.40468979
2133.79471910
2134.18474841
2134.57477772
2134.96480703
2135.35483634
2135.74486566
2136.13489497
2136.52492428
2136.91495359
2137.30498290
2137.69501221
2138.08504152
2138.47507083
2138.86510015
2139.25512946
2139.64515877
2140.03518808
2140.42521739
2140.81524670
2141.20527601
2141.59530532
2141.98533463
2142.37536395
2142.76539326
2143.15542257
2143.54545188
2143.93548119
2144.32551050
2144.71553981
2145.10556912
2145.49559844
2145.88562775
2146.27565706
2146.66568637
2147.05571568
2147.44574499
2147.83577430
2148.22580361
2148.61583292
2149.00586224
2149.39589155
2149.78592086
2150.17595017
2150.56597948
2150.95600879
2151.34603810
2151.73606741
2152.12609673
2152.51612604
2152.90615535
2153.29618466
2153.68621397
2154.07624328
2154.46627259
2154.85630190
2155.24633121
2155.63636053
2156.02638984
2156.41641915
2156.80644846
2157.19647777
2157.58650708
2157.97653639
2158.36656570
2158.75659502
2159.14662433
2159.53665364
2159.92668295
2160.31671226
2160.70674157
2161.09677088
2161.48680019
2161.87682950
2162.26685882
2162.65688813
2163.04691744
2163.43694675
2163.82697606
2164.21700537
2164.60703468
2164.99706399
2165.38709331
2165.77712262
2166.16715193
2166.55718124
2166.94721055
2167.33723986
2167.72726917
2168.11729848
2168.50732780
2168.89735711
2169.28738642
2169.67741573
2170.06744504
2170.45747435
2170.84750366
2171.23753297
2171.62756228
2172.01759160
2172.40762091
2172.79765022
2173.18767953
2173.57770884
2173.96773815
2174.35776746
2174.74779677
2175.13782609
2175.52785540
2175.91788471
2176.30791402
2176.69794333
2177.08797264
2177.47800195
2177.86803126
2178.25806057
2178.64808989
2179.03811920
2179.42814851
2179.81817782
2180.20820713
2180.59823644
2180.98826575
2181.37829506
2181.76832438
2182.15835369
2182.54838300
2182.93841231
2183.32844162
2183.71847093
2184.10850024
2184.49852955
2184.88855886
2185.27858818
2185.66861749
2186.05864680
2186.44867611
2186.83870542
2187.22873473
2187.61876404
2188.00879335
2188.39882267
2188.78885198
2189.17888129
2189.56891060
2189.95893991
2190.34896922
2190.73899853
2191.12902784
2191.51905715
2191.90908647
2192.29911578
2192.68914509
2193.07917440
2193.46920371
2193.85923302
2194.24926233
2194.63929164
2195.02932096
2195.41935027
2195.80937958
2196.19940889
2196.58943820
2196.97946751
2197.36949682
2197.75952613
2198.14955544
2198.53958476
2198.92961407
2199.31964338
2199.70967269
2200.09970200
2200.48973131
2200.87976062
2201.26978993
2201.65981925
2202.04984856
2202.43987787
2202.82990718
2203.21993649
2203.60996580
2203.99999511
2204.39002442
2204.78005373
2205.17008305
2205.56011236
2205.95014167
2206.34017098
2206.73020029
2207.12022960
2207.51025891
2207.90028822
2208.29031754
2208.68034685
2209.07037616
2209.46040547
2209.85043478
2210.24046409
2210.63049340
2211.02052271
2211.41055202
2211.80058134
2212.19061065
2212.58063996
2212.97066927
2213.36069858
2213.75072789
2214.14075720
2214.53078651
2214.92081583
2215.31084514
2215.70087445
2216.09090376
2216.48093307
2216.87096238
2217.26099169
2217.65102100
2218.04105031
2218.43107963
2218.82110894
2219.21113825
2219.60116756
2219.99119687
2220.38122618
2220.77125549
2221.16128480
2221.55131412
2221.94134343
2222.33137274
2222.72140205
2223.11143136
2223.50146067
2223.89148998
2224.28151929
2224.67154860
2225.06157792
2225.45160723
2225.84163654
2226.23166585
2226.62169516
2227.01172447
2227.40175378
2227.79178309
2228.18181241
2228.57184172
2228.96187103
2229.35190034
2229.74192965
2230.13195896
2230.52198827
2230.91201758
2231.30204690
2231.69207621
2232.08210552
2232.47213483
2232.86216414
2233.25219345
2233.64222276
2234.03225207
2234.42228138
2234.81231070
2235.20234001
2235.59236932
2235.98239863
2236.37242794
2236.76245725
2237.15248656
2237.54251587
2237.93254519
2238.32257450
2238.71260381
2239.10263312
2239.49266243
2239.88269174
2240.27272105
2240.66275036
2241.05277967
2241.44280899
2241.83283830
2242.22286761
2242.61289692
2243.00292623
2243.39295554
2243.78298485
2244.17301416
2244.56304348
2244.95307279
2245.34310210
2245.73313141
2246.12316072
2246.51319003
2246.90321934
2247.29324865
2247.68327796
2248.07330728
2248.46333659
2248.85336590
2249.24339521
2249.63342452
2250.02345383
2250.41348314
2250.80351245
2251.19354177
2251.58357108
2251.97360039
2252.36362970
2252.75365901
2253.14368832
2253.53371763
2253.92374694
2254.31377625
2254.70380557
2255.09383488
2255.48386419
2255.87389350
2256.26392281
2256.65395212
2257.04398143
2257.43401074
2257.82404006
2258.21406937
2258.60409868
2258.99412799
2259.38415730
2259.77418661
2260.16421592
2260.55424523
2260.94427454
2261.33430386
2261.72433317
2262.11436248
2262.50439179
2262.89442110
2263.28445041
2263.67447972
2264.06450903
2264.45453835
2264.84456766
2265.23459697
2265.62462628
2266.01465559
2266.40468490
2266.79471421
2267.18474352
2267.57477283
2267.96480215
2268.35483146
2268.74486077
2269.13489008
2269.52491939
2269.91494870
2270.30497801
2270.69500732
2271.08503664
2271.47506595
2271.86509526
2272.25512457
2272.64515388
2273.03518319
2273.42521250
2273.81524181
2274.20527112
2274.59530044
2274.98532975
2275.37535906
2275.76538837
2276.15541768
2276.54544699
2276.93547630
2277.32550561
2277.71553493
2278.10556424
2278.49559355
2278.88562286
2279.27565217
2279.66568148
2280.05571079
2280.44574010
2280.83576941
2281.22579873
2281.61582804
2282.00585735
2282.39588666
2282.78591597
2283.17594528
2283.56597459
2283.95600390
2284.34603322
2284.73606253
2285.12609184
2285.51612115
2285.90615046
2286.29617977
2286.68620908
2287.07623839
2287.46626770
2287.85629702
2288.24632633
2288.63635564
2289.02638495
2289.41641426
2289.80644357
2290.19647288
2290.58650219
2290.97653151
2291.36656082
2291.75659013
2292.14661944
2292.53664875
2292.92667806
2293.31670737
2293.70673668
2294.09676600
2294.48679531
2294.87682462
2295.26685393
2295.65688324
2296.04691255
2296.43694186
2296.82697117
2297.21700048
2297.60702980
2297.99705911
2298.38708842
2298.77711773
2299.16714704
2299.55717635
2299.94720566
2300.33723497
2300.72726429
2301.11729360
2301.50732291
2301.89735222
2302.28738153
2302.67741084
2303.06744015
2303.45746946
2303.84749877
2304.23752809
2304.62755740
2305.01758671
2305.40761602
2305.79764533
2306.18767464
2306.57770395
2306.96773326
2307.35776258
2307.74779189
2308.13782120
2308.52785051
2308.91787982
2309.30790913
2309.69793844
2310.08796775
2310.47799706
2310.86802638
2311.25805569
2311.64808500
2312.03811431
2312.42814362
2312.81817293
2313.20820224
2313.59823155
2313.98826087
2314.37829018
2314.76831949
2315.15834880
2315.54837811
2315.93840742
2316.32843673
2316.71846604
2317.10849535
2317.49852467
2317.88855398
2318.27858329
2318.66861260
2319.05864191
2319.44867122
2319.83870053
2320.22872984
2320.61875916
2321.00878847
2321.39881778
2321.78884709
2322.17887640
2322.56890571
2322.95893502
2323.34896433
2323.73899364
2324.12902296
2324.51905227
2324.90908158
2325.29911089
2325.68914020
2326.07916951
2326.46919882
2326.85922813
2327.24925745
2327.63928676
2328.02931607
2328.41934538
2328.80937469
2329.19940400
2329.58943331
2329.97946262
2330.36949193
2330.75952125
2331.14955056
2331.53957987
2331.92960918
2332.31963849
2332.70966780
2333.09969711
2333.48972642
2333.87975574
2334.26978505
2334.65981436
2335.04984367
2335.43987298
2335.82990229
2336.21993160
2336.60996091
2336.99999022
2337.39001954
2337.78004885
2338.17007816
2338.56010747
2338.95013678
2339.34016609
2339.73019540
2340.12022471
2340.51025403
2340.90028334
2341.29031265
2341.68034196
2342.07037127
2342.46040058
2342.85042989
2343.24045920
2343.63048851
2344.02051783
2344.41054714
2344.80057645
2345.19060576
2345.58063507
2345.97066438
2346.36069369
2346.75072300
2347.14075232
2347.53078163
2347.92081094
2348.31084025
2348.70086956
2349.09089887
2349.48092818
2349.87095749
2350.26098680
2350.65101612
2351.04104543
2351.43107474
2351.82110405
2352.21113336
2352.60116267
2352.99119198
2353.38122129
2353.77125061
2354.16127992
2354.55130923
2354.94133854
2355.33136785
2355.72139716
2356.11142647
2356.50145578
2356.89148510
2357.28151441
2357.67154372
2358.06157303
2358.45160234
2358.84163165
2359.23166096
2359.62169027
2360.01171958
2360.40174890
2360.79177821
2361.18180752
2361.57183683
2361.96186614
2362.35189545
2362.74192476
2363.13195407
2363.52198339
2363.91201270
2364.30204201
2364.69207132
2365.08210063
2365.47212994
2365.86215925
2366.25218856
2366.64221787
2367.03224719
2367.42227650
2367.81230581
2368.20233512
2368.59236443
2368.98239374
2369.37242305
2369.76245236
2370.15248168
2370.54251099
2370.93254030
2371.32256961
2371.71259892
2372.10262823
2372.49265754
2372.88268685
2373.27271616
2373.66274548
2374.05277479
2374.44280410
2374.83283341
2375.22286272
2375.61289203
2376.00292134
2376.39295065
2376.78297997
2377.17300928
2377.56303859
2377.95306790
2378.34309721
2378.73312652
2379.12315583
2379.51318514
2379.90321445
2380.29324377
2380.68327308
2381.07330239
2381.46333170
2381.85336101
2382.24339032
2382.63341963
2383.02344894
2383.41347826
2383.80350757
2384.19353688
2384.58356619
2384.97359550
2385.36362481
2385.75365412
2386.14368343
2386.53371274
2386.92374206
2387.31377137
2387.70380068
2388.09382999
2388.48385930
2388.87388861
2389.26391792
2389.65394723
2390.04397655
2390.43400586
2390.82403517
2391.21406448
2391.60409379
2391.99412310
2392.38415241
2392.77418172
2393.16421103
2393.55424035
2393.94426966
2394.33429897
2394.72432828
2395.11435759
2395.50438690
2395.89441621
2396.28444552
2396.67447484
2397.06450415
2397.45453346
2397.84456277
2398.23459208
2398.62462139
2399.01465070
2399.40468001
2399.79470932
2399.83287251
2400.22290182
2400.61293113
2401.00296044
2401.39298975
2401.78301907
2402.17304838
2402.56307769
2402.95310700
2403.34313631
2403.73316562
2404.12319493
2404.51322424
2404.90325356
2405.29328287
2405.68331218
2406.07334149
2406.46337080
2406.85340011
2407.24342942
2407.63345873
2408.02348804
2408.41351736
2408.80354667
2409.19357598
2409.58360529
2409.97363460
2410.36366391
2410.75369322
2411.14372253
2411.53375185
2411.92378116
2412.31381047
2412.70383978
2413.09386909
2413.48389840
2413.87392771
2414.26395702
2414.65398633
2415.04401565
2415.43404496
2415.82407427
2416.21410358
2416.60413289
2416.99416220
2417.38419151
2417.77422082
2418.16425014
2418.55427945
2418.94430876
2419.33433807
2419.72436738
2420.11439669
2420.50442600
2420.89445531
2421.28448462
2421.67451394
2422.06454325
2422.45457256
2422.84460187
2423.23463118
2423.62466049
2424.01468980
2424.40471911
2424.79474843
2425.18477774
2425.57480705
2425.96483636
2426.35486567
2426.74489498
2427.13492429
2427.52495360
2427.91498291
2428.30501223
2428.69504154
2429.08507085
2429.47510016
2429.86512947
2430.25515878
2430.64518809
2431.03521740
2431.42524672
2431.81527603
2432.20530534
2432.59533465
2432.98536396
2433.37539327
2433.76542258
2434.15545189
2434.54548120
2434.93551052
2435.32553983
2435.71556914
2436.10559845
2436.49562776
2436.88565707
2437.27568638
2437.66571569
2438.05574501
2438.44577432
2438.83580363
2439.22583294
2439.61586225
2440.00589156
2440.39592087
2440.78595018
2441.17597950
2441.56600881
2441.95603812
2442.34606743
2442.73609674
2443.12612605
2443.51615536
2443.90618467
2444.29621398
2444.68624330
2445.07627261
2445.46630192
2445.85633123
2446.24636054
2446.63638985
2447.02641916
2447.41644847
2447.80647779
2448.19650710
2448.58653641
2448.97656572
2449.36659503
2449.75662434
2450.14665365
2450.53668296
2450.92671227
2451.31674159
2451.70677090
2452.09680021
2452.48682952
2452.87685883
2453.26688814
2453.65691745
2454.04694676
2454.43697608
2454.82700539
2455.21703470
2455.60706401
2455.99709332
2456.38712263
2456.77715194
2457.16718125
2457.55721056
2457.94723988
2458.33726919
2458.72729850
2459.11732781
2459.50735712
2459.89738643
2460.28741574
2460.67744505
2461.06747437
2461.45750368
2461.84753299
2462.23756230
2462.62759161
2463.01762092
2463.40765023
2463.79767954
2464.18770885
2464.57773817
2464.96776748
2465.35779679
2465.74782610
2466.13785541
2466.52788472
2466.91791403
2467.30794334
2467.69797266
2468.08800197
2468.47803128
2468.86806059
2469.25808990
2469.64811921
2470.03814852
2470.42817783
2470.81820714
2471.20823646
2471.59826577
2471.98829508
2472.37832439
2472.76835370
2473.15838301
2473.54841232
2473.93844163
2474.32847095
2474.71850026
2475.10852957
2475.49855888
2475.88858819
2476.27861750
2476.66864681
2477.05867612
2477.44870543
2477.83873475
2478.22876406
2478.61879337
2479.00882268
2479.39885199
2479.78888130
2480.17891061
2480.56893992
2480.95896924
2481.34899855
2481.73902786
2482.12905717
2482.51908648
2482.90911579
2483.29914510
2483.68917441
2484.07920372
2484.46923304
2484.85926235
2485.24929166
2485.63932097
2486.02935028
2486.41937959
2486.80940890
2487.19943821
2487.58946753
2487.97949684
2488.36952615
2488.75955546
2489.14958477
2489.53961408
2489.92964339
2490.31967270
2490.70970201
2491.09973133
2491.48976064
2491.87978995
2492.26981926
2492.65984857
2493.04987788
2493.43990719
2493.82993650
2494.21996582
2494.60999513
2495.00002444
2495.39005375
2495.78008306
2496.17011237
2496.56014168
2496.95017099
2497.34020030
2497.73022962
2498.12025893
2498.51028824
2498.90031755
2499.29034686
2499.68037617
2500.07040548
2500.46043479
2500.85046411
2501.24049342
2501.63052273
2502.02055204
2502.41058135
2502.80061066
2503.19063997
2503.58066928
2503.97069860
2504.36072791
2504.75075722
2505.14078653
2505.53081584
2505.92084515
2506.31087446
2506.70090377
2507.09093308
2507.48096240
2507.87099171
2508.26102102
2508.65105033
2509.04107964
2509.43110895
2509.82113826
2510.21116757
2510.60119689
2510.99122620
2511.38125551
2511.77128482
2512.16131413
2512.55134344
2512.94137275
2513.33140206
2513.72143137
2514.11146069
2514.50149000
2514.89151931
2515.28154862
2515.67157793
2516.06160724
2516.45163655
2516.84166586
2517.23169518
2517.62172449
2518.01175380
2518.40178311
2518.79181242
2519.18184173
2519.57187104
2519.96190035
2520.35192966
2520.74195898
2521.13198829
2521.52201760
2521.91204691
2522.30207622
2522.69210553
2523.08213484
2523.47216415
2523.86219347
2524.25222278
2524.64225209
2525.03228140
2525.42231071
2525.81234002
2526.20236933
2526.59239864
2526.98242795
2527.37245727
2527.76248658
2528.15251589
2528.54254520
2528.93257451
2529.32260382
2529.71263313
2530.10266244
2530.49269176
2530.88272107
2531.27275038
2531.66277969
2532.05280900
2532.44283831
2532.83286762
2533.22289693
2533.61292624
2534.00295556
2534.39298487
2534.78301418
2535.17304349
2535.56307280
2535.95310211
2536.34313142
2536.73316073
2537.12319005
2537.51321936
2537.90324867
2538.29327798
2538.68330729
2539.07333660
2539.46336591
2539.85339522
2540.24342453
2540.63345385
2541.02348316
2541.41351247
2541.80354178
2542.19357109
2542.58360040
2542.97362971
2543.36365902
2543.75368834
2544.14371765
2544.53374696
2544.92377627
2545.31380558
2545.70383489
2546.09386420
2546.48389351
2546.87392282
2547.26395214
2547.65398145
2548.04401076
2548.43404007
2548.82406938
2549.21409869
2549.60412800
2549.99415731
2550.38418663
2550.77421594
2551.16424525
2551.55427456
2551.94430387
2552.33433318
2552.72436249
2553.11439180
2553.50442111
2553.89445043
2554.28447974
2554.67450905
2555.06453836
2555.45456767
2555.84459698
2556.23462629
2556.62465560
2557.01468492
2557.40471423
2557.79474354
2558.18477285
2558.57480216
2558.96483147
2559.35486078
2559.74489009
2560.13491940
2560.52494872
2560.91497803
2561.30500734
2561.69503665
2562.08506596
2562.47509527
2562.86512458
2563.25515389
2563.64518321
2564.03521252
2564.42524183
2564.81527114
2565.20530045
2565.59532976
2565.98535907
2566.37538838
2566.76541770
2567.15544701
2567.54547632
2567.93550563
2568.32553494
2568.71556425
2569.10559356
2569.49562287
2569.88565218
2570.27568150
2570.66571081
2571.05574012
2571.44576943
2571.83579874
2572.22582805
2572.61585736
2573.00588667
2573.39591599
2573.78594530
2574.17597461
2574.56600392
2574.95603323
2575.34606254
2575.73609185
2576.12612116
2576.51615047
2576.90617979
2577.29620910
2577.68623841
2578.07626772
2578.46629703
2578.85632634
2579.24635565
2579.63638496
2580.02641428
2580.41644359
2580.80647290
2581.19650221
2581.58653152
2581.97656083
2582.36659014
2582.75661945
2583.14664876
2583.53667808
2583.92670739
2584.31673670
2584.70676601
2585.09679532
2585.48682463
2585.87685394
2586.26688325
2586.65691257
2587.04694188
2587.43697119
2587.82700050
2588.21702981
2588.60705912
2588.99708843
2589.38711774
2589.77714705
2590.16717637
2590.55720568
2590.94723499
2591.33726430
2591.72729361
2592.11732292
2592.50735223
2592.89738154
2593.28741086
2593.67744017
2594.06746948
2594.45749879
2594.84752810
2595.23755741
2595.62758672
2596.01761603
2596.40764534
2596.79767466
2597.18770397
2597.57773328
2597.96776259
2598.35779190
2598.74782121
2599.13785052
2599.52787983
2599.91790915
2600.30793846
2600.69796777
2601.08799708
2601.47802639
2601.86805570
2602.25808501
2602.64811432
2603.03814363
2603.42817295
2603.81820226
2604.20823157
2604.59826088
2604.98829019
2605.37831950
2605.76834881
2606.15837812
2606.54840744
2606.93843675
2607.32846606
2607.71849537
2608.10852468
2608.49855399
2608.88858330
2609.27861261
2609.66864192
2610.05867124
2610.44870055
2610.83872986
2611.22875917
2611.61878848
2612.00881779
2612.39884710
2612.78887641
2613.17890573
2613.56893504
2613.95896435
2614.34899366
2614.73902297
2615.12905228
2615.51908159
2615.90911090
2616.29914021
2616.68916953
2617.07919884
2617.46922815
2617.85925746
2618.24928677
2618.63931608
2619.02934539
2619.41937470
2619.80940402
2620.19943333
2620.58946264
2620.97949195
2621.36952126
2621.75955057
2622.14957988
2622.53960919
2622.92963850
2623.31966782
2623.70969713
2624.09972644
2624.48975575
2624.87978506
2625.26981437
2625.65984368
2626.04987299
2626.43990231
2626.82993162
2627.21996093
2627.60999024
2628.00001955
2628.39004886
2628.78007817
2629.17010748
2629.56013680
2629.95016611
2630.34019542
2630.73022473
2631.12025404
2631.51028335
2631.90031266
2632.29034197
2632.68037128
2633.07040060
2633.46042991
2633.85045922
2634.24048853
2634.63051784
2635.02054715
2635.41057646
2635.80060577
2636.19063509
2636.58066440
2636.97069371
2637.36072302
2637.75075233
2638.14078164
2638.53081095
2638.92084026
2639.31086957
2639.70089889
2640.09092820
2640.48095751
2640.87098682
2641.26101613
2641.65104544
2642.04107475
2642.43110406
2642.82113338
2643.21116269
2643.60119200
2643.99122131
2644.38125062
2644.77127993
2645.16130924
2645.55133855
2645.94136786
2646.33139718
2646.72142649
2647.11145580
2647.50148511
2647.89151442
2648.28154373
2648.67157304
2649.06160235
2649.45163167
2649.84166098
2650.23169029
2650.62171960
2651.01174891
2651.40177822
2651.79180753
2652.18183684
2652.57186615
2652.96189547
2653.35192478
2653.74195409
2654.13198340
2654.52201271
2654.91204202
2655.30207133
2655.69210064
2656.08212996
2656.47215927
2656.86218858
2657.25221789
2657.64224720
2658.03227651
2658.42230582
2658.81233513
2659.20236444
2659.59239376
2659.98242307
2660.37245238
2660.76248169
2661.15251100
2661.54254031
2661.93256962
2662.32259893
2662.71262825
2663.10265756
2663.49268687
2663.88271618
2664.27274549
2664.66277480
2665.05280411
2665.44283342
2665.83286273
2666.22289205
2666.61292136
2667.00295067
2667.39297998
2667.78300929
2668.17303860
2668.56306791
2668.95309722
2669.34312654
2669.73315585
2670.12318516
2670.51321447
2670.90324378
2671.29327309
2671.68330240
2672.07333171
2672.46336102
2672.85339034
2673.24341965
2673.63344896
2674.02347827
2674.41350758
2674.80353689
2675.19356620
2675.58359551
2675.97362483
2676.36365414
2676.75368345
2677.14371276
2677.53374207
2677.92377138
2678.31380069
2678.70383000
2679.09385931
2679.48388863
2679.87391794
2680.26394725
2680.65397656
2681.04400587
2681.43403518
2681.82406449
2682.21409380
2682.60412312
2682.99415243
2683.38418174
2683.77421105
2684.16424036
2684.55426967
2684.94429898
2685.33432829
2685.72435760
2686.11438692
2686.50441623
2686.89444554
2687.28447485
2687.67450416
2688.06453347
2688.45456278
2688.84459209
2689.23462141
2689.62465072
2690.01468003
2690.40470934
2690.79473865
2691.18476796
2691.57479727
2691.96482658
2692.35485590
2692.74488521
2693.13491452
2693.52494383
2693.91497314
2694.30500245
2694.69503176
2695.08506107
2695.47509038
2695.86511970
2696.25514901
2696.64517832
2697.03520763
2697.42523694
2697.81526625
2698.20529556
2698.59532487
2698.98535419
2699.37538350
2699.76541281
2700.15544212
2700.54547143
2700.93550074
2701.32553005
2701.71555936
2702.10558867
2702.49561799
2702.88564730
2703.27567661
2703.66570592
2704.05573523
2704.44576454
2704.83579385
2705.22582316
2705.61585248
2706.00588179
2706.39591110
2706.78594041
2707.17596972
2707.56599903
2707.95602834
2708.34605765
2708.73608696
2709.12611628
2709.51614559
2709.90617490
2710.29620421
2710.68623352
2711.07626283
2711.46629214
2711.85632145
2712.24635077
2712.63638008
2713.02640939
2713.41643870
2713.80646801
2714.19649732
2714.58652663
2714.97655594
2715.36658525
2715.75661457
2716.14664388
2716.53667319
2716.92670250
2717.31673181
2717.70676112
2718.09679043
2718.48681974
2718.87684906
2719.26687837
2719.65690768
2720.04693699
2720.43696630
2720.82699561
2721.21702492
2721.60705423
2721.99708354
2722.38711286
2722.77714217
2723.16717148
2723.55720079
2723.94723010
2724.33725941
2724.72728872
2725.11731803
2725.50734735
2725.89737666
2726.28740597
2726.67743528
2727.06746459
2727.45749390
2727.84752321
2728.23755252
2728.62758183
2729.01761115
2729.40764046
2729.79766977
2730.18769908
2730.57772839
2730.96775770
2731.35778701
2731.74781632
2732.13784564
2732.52787495
2732.91790426
2733.30793357
2733.69796288
2734.08799219
2734.47802150
2734.86805081
2735.25808012
2735.64810944
2736.03813875
2736.42816806
2736.81819737
2737.20822668
2737.59825599
2737.98828530
2738.37831461
2738.76834393
2739.15837324
2739.54840255
2739.93843186
2740.32846117
2740.71849048
2741.10851979
2741.49854910
2741.88857841
2742.27860773
2742.66863704
2743.05866635
2743.44869566
2743.83872497
2744.22875428
2744.61878359
2745.00881290
2745.39884222
2745.78887153
2746.17890084
2746.56893015
2746.95895946
2747.34898877
2747.73901808
2748.12904739
2748.51907670
2748.90910602
2749.29913533
2749.68916464
2750.07919395
2750.46922326
2750.85925257
2751.24928188
2751.63931119
2752.02934051
2752.41936982
2752.80939913
2753.19942844
2753.58945775
2753.97948706
2754.36951637
2754.75954568
2755.14957500
2755.53960431
2755.92963362
2756.31966293
2756.70969224
2757.09972155
2757.48975086
2757.87978017
2758.26980948
2758.65983880
2759.04986811
2759.43989742
2759.82992673
2760.21995604
2760.60998535
2761.00001466
2761.39004397
2761.78007329
2762.17010260
2762.56013191
2762.95016122
2763.34019053
2763.73021984
2764.12024915
2764.51027846
2764.90030777
2765.29033709
2765.68036640
2766.07039571
2766.46042502
2766.85045433
2767.24048364
2767.63051295
2768.02054226
2768.41057158
2768.80060089
2769.19063020
2769.58065951
2769.97068882
2770.36071813
2770.75074744
2771.14077675
2771.53080606
2771.92083538
2772.31086469
2772.70089400
2773.09092331
2773.48095262
2773.87098193
2774.26101124
2774.65104055
2775.04106987
2775.43109918
2775.82112849
2776.21115780
2776.60118711
2776.99121642
2777.38124573
2777.77127504
2778.16130435
2778.55133367
2778.94136298
2779.33139229
2779.72142160
2780.11145091
2780.50148022
2780.89150953
2781.28153884
2781.67156816
2782.06159747
2782.45162678
2782.84165609
2783.23168540
2783.62171471
2784.01174402
2784.40177333
2784.79180264
2785.18183196
2785.57186127
2785.96189058
2786.35191989
2786.74194920
2787.13197851
2787.52200782
2787.91203713
2788.30206645
2788.69209576
2789.08212507
2789.47215438
2789.86218369
2790.25221300
2790.64224231
2791.03227162
2791.42230093
2791.81233025
2792.20235956
2792.59238887
2792.98241818
2793.37244749
2793.76247680
2794.15250611
2794.54253542
2794.93256474
2795.32259405
2795.71262336
2796.10265267
2796.49268198
2796.88271129
2797.27274060
2797.66276991
2798.05279922
2798.44282854
2798.83285785
2799.22288716
2799.61291647
2800.00294578
2800.39297509
2800.78300440
2801.17303371
2801.56306303
2801.95309234
2802.34312165
2802.73315096
2803.12318027
2803.51320958
2803.90323889
2804.29326820
2804.68329751
2805.07332683
2805.46335614
2805.85338545
2806.24341476
2806.63344407
2807.02347338
2807.41350269
2807.80353200
2808.19356132
2808.58359063
2808.97361994
2809.36364925
2809.75367856
2810.14370787
2810.53373718
2810.92376649
2811.31379580
2811.70382512
2812.09385443
2812.48388374
2812.87391305
2813.26394236
2813.65397167
2814.04400098
2814.43403029
2814.82405961
2815.21408892
2815.60411823
2815.99414754
2816.38417685
2816.77420616
2817.16423547
2817.55426478
2817.94429410
2818.33432341
2818.72435272
2819.11438203
2819.50441134
2819.89444065
2820.28446996
2820.67449927
2821.06452858
2821.45455790
2821.84458721
2822.23461652
2822.62464583
2823.01467514
2823.40470445
2823.79473376
2824.18476307
2824.57479239
2824.96482170
2825.35485101
2825.74488032
2826.13490963
2826.52493894
2826.91496825
2827.30499756
2827.69502687
2828.08505619
2828.47508550
2828.86511481
2829.25514412
2829.64517343
2830.03520274
2830.42523205
2830.81526136
2831.20529068
2831.59531999
2831.98534930
2832.37537861
2832.76540792
2833.15543723
2833.54546654
2833.93549585
2834.32552516
2834.71555448
2835.10558379
2835.49561310
2835.88564241
2836.27567172
2836.66570103
2837.05573034
2837.44575965
2837.83578897
2838.22581828
2838.61584759
2839.00587690
2839.39590621
2839.78593552
2840.17596483
2840.56599414
2840.95602345
2841.34605277
2841.73608208
2842.12611139
2842.51614070
2842.90617001
2843.29619932
2843.68622863
2844.07625794
2844.46628726
2844.85631657
2845.24634588
2845.63637519
2846.02640450
2846.41643381
2846.80646312
2847.19649243
2847.58652174
2847.97655106
2848.36658037
2848.75660968
2849.14663899
2849.53666830
2849.92669761
2850.31672692
2850.70675623
2851.09678555
2851.48681486
2851.87684417
2852.26687348
2852.65690279
2853.04693210
2853.43696141
2853.82699072
2854.21702003
2854.60704935
2854.99707866
2855.38710797
2855.77713728
2856.16716659
2856.55719590
2856.94722521
2857.33725452
2857.72728384
2858.11731315
2858.50734246
2858.89737177
2859.28740108
2859.67743039
2860.06745970
2860.45748901
2860.84751832
2861.23754764
2861.62757695
2862.01760626
2862.40763557
2862.79766488
2863.18769419
2863.57772350
2863.96775281
2864.35778213
2864.74781144
2865.13784075
2865.52787006
2865.91789937
2866.30792868
2866.69795799
2867.08798730
2867.47801661
2867.86804593
2868.25807524
2868.64810455
2869.03813386
2869.42816317
2869.81819248
2870.20822179
2870.59825110
2870.98828042
2871.37830973
2871.76833904
2872.15836835
2872.54839766
2872.93842697
2873.32845628
2873.71848559
2874.10851490
2874.49854422
2874.88857353
2875.27860284
2875.66863215
2876.05866146
2876.44869077
2876.83872008
2877.22874939
2877.61877871
2878.00880802
2878.39883733
2878.78886664
2879.17889595
2879.56892526
2879.95895457
2880.34898388
2880.73901320
2881.12904251
2881.51907182
2881.90910113
2882.29913044
2882.68915975
2883.07918906
2883.46921837
2883.85924768
2884.24927700
2884.63930631
2885.02933562
2885.41936493
2885.80939424
2886.19942355
2886.58945286
2886.97948217
2887.36951149
2887.75954080
2888.14957011
2888.53959942
2888.92962873
2889.31965804
2889.70968735
2890.09971666
2890.48974597
2890.87977529
2891.26980460
2891.65983391
2892.04986322
2892.43989253
2892.82992184
2893.21995115
2893.60998046
2894.00000978
2894.39003909
2894.78006840
2895.17009771
2895.56012702
2895.95015633
2896.34018564
2896.73021495
2897.12024426
2897.51027358
2897.90030289
2898.29033220
2898.68036151
2899.07039082
2899.46042013
2899.85044944
2900.24047875
2900.63050807
2901.02053738
2901.41056669
2901.80059600
2902.19062531
2902.58065462
2902.97068393
2903.36071324
2903.75074255
2904.14077187
2904.53080118
2904.92083049
2905.31085980
2905.70088911
2906.09091842
2906.48094773
2906.87097704
2907.26100636
2907.65103567
2908.04106498
2908.43109429
2908.82112360
2909.21115291
2909.60118222
2909.99121153
2910.38124084
2910.77127016
2911.16129947
2911.55132878
2911.94135809
2912.33138740
2912.72141671
2913.11144602
2913.50147533
2913.89150465
2914.28153396
2914.67156327
2915.06159258
2915.45162189
2915.84165120
2916.23168051
2916.62170982
2917.01173913
2917.40176845
2917.79179776
2918.18182707
2918.57185638
2918.96188569
2919.35191500
2919.74194431
2920.13197362
2920.52200294
2920.91203225
2921.30206156
2921.69209087
2922.08212018
2922.47214949
2922.86217880
2923.25220811
2923.64223742
2924.03226674
2924.42229605
2924.81232536
2925.20235467
2925.59238398
2925.98241329
2926.37244260
2926.76247191
2927.15250123
2927.54253054
2927.93255985
2928.32258916
2928.71261847
2929.10264778
2929.49267709
2929.88270640
2930.27273571
2930.66276503
2931.05279434
2931.44282365
2931.83285296
2932.22288227
2932.61291158
2933.00294089
2933.39297020
2933.78299952
2934.17302883
2934.56305814
2934.95308745
2935.34311676
2935.73314607
2936.12317538
2936.51320469
2936.90323400
2937.29326332
2937.68329263
2938.07332194
2938.46335125
2938.85338056
2939.24340987
2939.63343918
2940.02346849
2940.41349781
2940.80352712
2941.19355643
2941.58358574
2941.97361505
2942.36364436
2942.75367367
2943.14370298
2943.53373230
2943.92376161
2944.31379092
2944.70382023
2945.09384954
2945.48387885
2945.87390816
2946.26393747
2946.65396678
2947.04399610
2947.43402541
2947.82405472
2948.21408403
2948.60411334
2948.99414265
2949.38417196
2949.77420127
2950.16423059
2950.55425990
2950.94428921
2951.33431852
2951.72434783
2952.11437714
2952.50440645
2952.89443576
2953.28446507
2953.67449439
2954.06452370
2954.45455301
2954.84458232
2955.23461163
2955.62464094
2956.01467025
2956.40469956
2956.79472888
2957.18475819
2957.57478750
2957.96481681
2958.35484612
2958.74487543
2959.13490474
2959.52493405
2959.91496336
2960.30499268
2960.69502199
2961.08505130
2961.47508061
2961.86510992
2962.25513923
2962.64516854
2963.03519785
2963.42522717
2963.81525648
2964.20528579
2964.59531510
2964.98534441
2965.37537372
2965.76540303
2966.15543234
2966.54546165
2966.93549097
2967.32552028
2967.71554959
2968.10557890
2968.49560821
2968.88563752
2969.27566683
2969.66569614
2970.05572546
2970.44575477
2970.83578408
2971.22581339
2971.61584270
2972.00587201
2972.39590132
2972.78593063
2973.17595994
2973.56598926
2973.95601857
2974.34604788
2974.73607719
2975.12610650
2975.51613581
2975.90616512
2976.29619443
2976.68622375
2977.07625306
2977.46628237
2977.85631168
2978.24634099
2978.63637030
2979.02639961
2979.41642892
2979.80645823
2980.19648755
2980.58651686
2980.97654617
2981.36657548
2981.75660479
2982.14663410
2982.53666341
2982.92669272
2983.31672204
2983.70675135
2984.09678066
2984.48680997
2984.87683928
2985.26686859
2985.65689790
2986.04692721
2986.43695652
2986.82698584
2987.21701515
2987.60704446
2987.99707377
2988.38710308
2988.77713239
2989.16716170
2989.55719101
2989.94722033
2990.33724964
2990.72727895
2991.11730826
2991.50733757
2991.89736688
2992.28739619
2992.67742550
2993.06745481
2993.45748413
2993.84751344
2994.23754275
2994.62757206
2995.01760137
2995.40763068
2995.79765999
2996.18768930
2996.57771862
2996.96774793
2997.35777724
2997.74780655
2998.13783586
2998.52786517
2998.91789448
2999.30792379
2999.69795310
3000.08798242
3000.47801173
3000.86804104
3001.25807035
3001.64809966
3002.03812897
3002.42815828
3002.81818759
3003.20821691
3003.59824622
3003.98827553
3004.37830484
3004.76833415
3005.15836346
3005.54839277
3005.93842208
3006.32845140
3006.71848071
3007.10851002
3007.49853933
3007.88856864
3008.27859795
3008.66862726
3009.05865657
3009.44868588
3009.83871520
3010.22874451
3010.61877382
3011.00880313
3011.39883244
3011.78886175
3012.17889106
3012.56892037
3012.95894969
3013.34897900
3013.73900831
3014.12903762
3014.51906693
3014.90909624
3015.29912555
3015.68915486
3016.07918417
3016.46921349
3016.85924280
3017.24927211
3017.63930142
3018.02933073
3018.41936004
3018.80938935
3019.19941866
3019.58944798
3019.97947729
3020.36950660
3020.75953591
3021.14956522
3021.53959453
3021.92962384
3022.31965315
3022.70968246
3023.09971178
3023.48974109
3023.87977040
3024.26979971
3024.65982902
3025.04985833
3025.43988764
3025.82991695
3026.21994627
3026.60997558
3027.00000489
3027.39003420
3027.78006351
3028.17009282
3028.56012213
3028.95015144
3029.34018075
3029.73021007
3030.12023938
3030.51026869
3030.90029800
3031.29032731
3031.68035662
3032.07038593
3032.46041524
3032.85044456
3033.24047387
3033.63050318
3034.02053249
3034.41056180
3034.80059111
3035.19062042
3035.58064973
3035.97067904
3036.36070836
3036.75073767
3037.14076698
3037.53079629
3037.92082560
3038.31085491
3038.70088422
3039.09091353
3039.48094285
3039.87097216
3040.26100147
3040.65103078
3041.04106009
3041.43108940
3041.82111871
3042.21114802
3042.60117733
3042.99120665
3043.38123596
3043.77126527
3044.16129458
3044.55132389
3044.94135320
3045.33138251
3045.72141182
3046.11144114
3046.50147045
3046.89149976
3047.28152907
3047.67155838
3048.06158769
3048.45161700
3048.84164631
3049.23167562
3049.62170494
3050.01173425
3050.40176356
3050.79179287
3051.18182218
3051.57185149
3051.96188080
3052.35191011
3052.74193943
3053.13196874
3053.52199805
3053.91202736
3054.30205667
3054.69208598
3055.08211529
3055.47214460
3055.86217391
3056.25220323
3056.64223254
3057.03226185
3057.42229116
3057.81232047
3058.20234978
3058.59237909
3058.98240840
3059.37243772
3059.76246703
3060.15249634
3060.54252565
3060.93255496
3061.32258427
3061.71261358
3062.10264289
3062.49267220
3062.88270152
3063.27273083
3063.66276014
3064.05278945
3064.44281876
3064.83284807
3065.22287738
3065.61290669
3066.00293601
3066.39296532
3066.78299463
3067.17302394
3067.56305325
3067.95308256
3068.34311187
3068.73314118
3069.12317050
3069.51319981
3069.90322912
3070.29325843
3070.68328774
3071.07331705
3071.46334636
3071.85337567
3072.24340498
3072.63343430
3073.02346361
3073.41349292
3073.80352223
3074.19355154
3074.58358085
3074.97361016
3075.36363947
3075.75366879
3076.14369810
3076.53372741
3076.92375672
3077.31378603
3077.70381534
3078.09384465
3078.48387396
3078.87390327
3079.26393259
3079.65396190
3080.04399121
3080.43402052
3080.82404983
3081.21407914
3081.60410845
3081.99413776
3082.38416708
3082.77419639
3083.16422570
3083.55425501
3083.94428432
3084.33431363
3084.72434294
3085.11437225
3085.50440156
3085.89443088
3086.28446019
3086.67448950
3087.06451881
3087.45454812
3087.84457743
3088.23460674
3088.62463605
3089.01466537
3089.40469468
3089.79472399
3090.18475330
3090.57478261
3090.96481192
3091.35484123
3091.74487054
3092.13489985
3092.52492917
3092.91495848
3093.30498779
3093.69501710
3094.08504641
3094.47507572
3094.86510503
3095.25513434
3095.64516366
3096.03519297
3096.42522228
3096.81525159
3097.20528090
3097.59531021
3097.98533952
3098.37536883
3098.76539814
3099.15542746
3099.54545677
3099.93548608
3100.32551539
3100.71554470
3101.10557401
3101.49560332
3101.88563263
3102.27566195
3102.66569126
3103.05572057
3103.44574988
3103.83577919
3104.22580850
3104.61583781
3105.00586712
3105.39589643
3105.78592575
3106.17595506
3106.56598437
3106.95601368
3107.34604299
3107.73607230
3108.12610161
3108.51613092
3108.90616024
3109.29618955
3109.68621886
3110.07624817
3110.46627748
3110.85630679
3111.24633610
3111.63636541
3112.02639472
3112.41642404
3112.80645335
3113.19648266
3113.58651197
3113.97654128
3114.36657059
3114.75659990
3115.14662921
3115.53665853
3115.92668784
3116.31671715
3116.70674646
3117.09677577
3117.48680508
3117.87683439
3118.26686370
3118.65689301
3119.04692233
3119.43695164
3119.82698095
3120.21701026
3120.60703957
3120.99706888
3121.38709819
3121.77712750
3122.16715682
3122.55718613
3122.94721544
3123.33724475
3123.72727406
3124.11730337
3124.50733268
3124.89736199
3125.28739130
3125.67742062
3126.06744993
3126.45747924
3126.84750855
3127.23753786
3127.62756717
3128.01759648
3128.40762579
3128.79765511
3129.18768442
3129.57771373
3129.96774304
3130.35777235
3130.74780166
3131.13783097
3131.52786028
3131.91788960
3132.30791891
3132.69794822
3133.08797753
3133.47800684
3133.86803615
3134.25806546
3134.64809477
3135.03812408
3135.42815340
3135.81818271
3136.20821202
3136.59824133
3136.98827064
3137.37829995
3137.76832926
3138.15835857
3138.54838789
3138.93841720
3139.32844651
3139.71847582
3140.10850513
3140.49853444
3140.88856375
3141.27859306
3141.66862237
3142.05865169
3142.44868100
3142.83871031
3143.22873962
3143.61876893
3144.00879824
3144.39882755
3144.78885686
3145.17888618
3145.56891549
3145.95894480
3146.34897411
3146.73900342
3147.12903273
3147.51906204
3147.90909135
3148.29912066
3148.68914998
3149.07917929
3149.46920860
3149.85923791
3150.24926722
3150.63929653
3151.02932584
3151.41935515
3151.80938447
3152.19941378
3152.58944309
3152.97947240
3153.36950171
3153.75953102
3154.14956033
3154.53958964
3154.92961895
3155.31964827
3155.70967758
3156.09970689
3156.48973620
3156.87976551
3157.26979482
3157.65982413
3158.04985344
3158.43988276
3158.82991207
3159.21994138
3159.60997069
3160.00000000
3160.39002931
3160.78005862
3161.17008793
3161.56011724
3161.95014656
3162.34017587
3162.73020518
3163.12023449
3163.51026380
3163.90029311
3164.29032242
3164.68035173
3165.07038105
3165.46041036
3165.85043967
3166.24046898
3166.63049829
3167.02052760
3167.41055691
3167.80058622
3168.19061553
3168.58064485
3168.97067416
3169.36070347
3169.75073278
3170.14076209
3170.53079140
3170.92082071
3171.31085002
3171.70087934
3172.09090865
3172.48093796
3172.87096727
3173.26099658
3173.65102589
3174.04105520
3174.43108451
3174.82111382
3175.21114314
3175.60117245
3175.99120176
3176.38123107
3176.77126038
3177.16128969
3177.55131900
3177.94134831
3178.33137763
3178.72140694
3179.11143625
3179.50146556
3179.89149487
3180.28152418
3180.67155349
3181.06158280
3181.45161211
3181.84164143
3182.23167074
3182.62170005
3183.01172936
3183.40175867
3183.79178798
3184.18181729
3184.57184660
3184.96187592
3185.35190523
3185.74193454
3186.13196385
3186.52199316
3186.91202247
3187.30205178
3187.69208109
3188.08211040
3188.47213972
3188.86216903
3189.25219834
3189.64222765
3190.03225696
3190.42228627
3190.81231558
3191.20234489
3191.59237421
3191.98240352
3192.37243283
3192.76246214
3193.15249145
3193.54252076
3193.93255007
3194.32257938
3194.71260870
3195.10263801
3195.49266732
3195.88269663
3196.27272594
3196.66275525
3197.05278456
3197.44281387
3197.83284318
3198.22287250
3198.61290181
3199.00293112
3199.39296043
3199.78298974
3200.17301905
3200.56304836
3200.95307767
3201.34310699
3201.73313630
3202.12316561
3202.51319492
3202.90322423
3203.29325354
3203.68328285
3204.07331216
3204.46334147
3204.85337079
3205.24340010
3205.63342941
3206.02345872
3206.41348803
3206.80351734
3207.19354665
3207.58357596
3207.97360528
3208.36363459
3208.75366390
3209.14369321
3209.53372252
3209.92375183
3210.31378114
3210.70381045
3211.09383976
3211.48386908
3211.87389839
3212.26392770
3212.65395701
3213.04398632
3213.43401563
3213.82404494
3214.21407425
3214.60410357
3214.99413288
3215.38416219
3215.77419150
3216.16422081
3216.55425012
3216.94427943
3217.33430874
3217.72433805
3218.11436737
3218.50439668
3218.89442599
3219.28445530
3219.67448461
3220.06451392
3220.45454323
3220.84457254
3221.23460186
3221.62463117
3222.01466048
3222.40468979
3222.79471910
3223.18474841
3223.57477772
3223.96480703
3224.35483634
3224.74486566
3225.13489497
3225.52492428
3225.91495359
3226.30498290
3226.69501221
3227.08504152
3227.47507083
3227.86510015
3228.25512946
3228.64515877
3229.03518808
3229.42521739
3229.81524670
3230.20527601
3230.59530532
3230.98533463
3231.37536395
3231.76539326
3232.15542257
3232.54545188
3232.93548119
3233.32551050
3233.71553981
3234.10556912
3234.49559844
3234.88562775
3235.27565706
3235.66568637
3236.05571568
3236.44574499
3236.83577430
3237.22580361
3237.61583292
3238.00586224
3238.39589155
3238.78592086
3239.17595017
3239.56597948
3239.95600879
3240.34603810
3240.73606741
3241.12609673
3241.51612604
3241.90615535
3242.29618466
3242.68621397
3243.07624328
3243.46627259
3243.85630190
3244.24633121
3244.63636053
3245.02638984
3245.41641915
3245.80644846
3246.19647777
3246.58650708
3246.97653639
3247.36656570
3247.75659502
3248.14662433
3248.53665364
3248.92668295
3249.31671226
3249.70674157
3250.09677088
3250.48680019
3250.87682950
3251.26685882
3251.65688813
3252.04691744
3252.43694675
3252.82697606
3253.21700537
3253.60703468
3253.99706399
3254.38709331
3254.77712262
3255.16715193
3255.55718124
3255.94721055
3256.33723986
3256.72726917
3257.11729848
3257.50732780
3257.89735711
3258.28738642
3258.67741573
3259.06744504
3259.45747435
3259.84750366
3260.23753297
3260.62756228
3261.01759160
3261.40762091
3261.79765022
3262.18767953
3262.57770884
3262.96773815
3263.35776746
3263.74779677
3264.13782609
3264.52785540
3264.91788471
3265.30791402
3265.69794333
3266.08797264
3266.47800195
3266.86803126
3267.25806057
3267.64808989
3268.03811920
3268.42814851
3268.81817782
3269.20820713
3269.59823644
3269.98826575
3270.37829506
3270.76832438
3271.15835369
3271.54838300
3271.93841231
3272.32844162
3272.71847093
3273.10850024
3273.49852955
3273.88855886
3274.27858818
3274.66861749
3275.05864680
3275.44867611
3275.83870542
3276.22873473
3276.61876404
3277.00879335
3277.39882267
3277.78885198
3278.17888129
3278.56891060
3278.95893991
3279.34896922
3279.73899853
3280.12902784
3280.51905715
3280.90908647
3281.29911578
3281.68914509
3282.07917440
3282.46920371
3282.85923302
3283.24926233
3283.63929164
3284.02932096
3284.41935027
3284.80937958
3285.19940889
3285.58943820
3285.97946751
3286.36949682
3286.75952613
3287.14955544
3287.53958476
3287.92961407
3288.31964338
3288.70967269
3289.09970200
3289.48973131
3289.87976062
3290.26978993
3290.65981925
3291.04984856
3291.43987787
3291.82990718
3292.21993649
3292.60996580
3292.99999511
3293.39002442
3293.78005373
3294.17008305
3294.56011236
3294.95014167
3295.34017098
3295.73020029
3296.12022960
3296.51025891
3296.90028822
3297.29031754
3297.68034685
3298.07037616
3298.46040547
3298.85043478
3299.24046409
3299.63049340
3300.02052271
3300.41055202
3300.80058134
3301.19061065
3301.58063996
3301.97066927
3302.36069858
3302.75072789
3303.14075720
3303.53078651
3303.92081583
3304.31084514
3304.70087445
3305.09090376
3305.48093307
3305.87096238
3306.26099169
3306.65102100
3307.04105031
3307.43107963
3307.82110894
3308.21113825
3308.60116756
3308.99119687
3309.38122618
3309.77125549
3310.16128480
3310.55131412
3310.94134343
3311.33137274
3311.72140205
3312.11143136
3312.50146067
3312.89148998
3313.28151929
3313.67154860
3314.06157792
3314.45160723
3314.84163654
3315.23166585
3315.62169516
3316.01172447
3316.40175378
3316.79178309
3317.18181241
3317.57184172
3317.96187103
3318.35190034
3318.74192965
3319.13195896
3319.52198827
3319.91201758
3320.30204690
3320.69207621
3321.08210552
3321.47213483
3321.86216414
3322.25219345
3322.64222276
3323.03225207
3323.42228138
3323.81231070
3324.20234001
3324.59236932
3324.98239863
3325.37242794
3325.76245725
3326.15248656
3326.54251587
3326.93254519
3327.32257450
3327.71260381
3328.10263312
3328.49266243
3328.88269174
3329.27272105
3329.66275036
3330.05277967
3330.44280899
3330.83283830
3331.22286761
3331.61289692
3332.00292623
3332.39295554
3332.78298485
3333.17301416
3333.56304348
3333.95307279
3334.34310210
3334.73313141
3335.12316072
3335.51319003
3335.90321934
3336.29324865
3336.68327796
3337.07330728
3337.46333659
3337.85336590
3338.24339521
3338.63342452
3339.02345383
3339.41348314
3339.80351245
3340.19354177
3340.58357108
3340.97360039
3341.36362970
3341.75365901
3342.14368832
3342.53371763
3342.92374694
3343.31377625
3343.70380557
3344.09383488
3344.48386419
3344.87389350
3345.26392281
3345.65395212
3346.04398143
3346.43401074
3346.82404006
3347.21406937
3347.60409868
3347.99412799
3348.38415730
3348.77418661
3349.16421592
3349.55424523
3349.94427454
3350.33430386
3350.72433317
3351.11436248
3351.50439179
3351.89442110
3352.28445041
3352.67447972
3353.06450903
3353.45453835
3353.84456766
3354.23459697
3354.62462628
3355.01465559
3355.40468490
3355.79471421
3356.18474352
3356.57477283
3356.96480215
3357.35483146
3357.74486077
3358.13489008
3358.52491939
3358.91494870
3359.30497801
3359.69500732
3360.08503664
3360.47506595
3360.86509526
3361.25512457
3361.64515388
3362.03518319
3362.42521250
3362.81524181
3363.20527112
3363.59530044
3363.98532975
3364.37535906
3364.76538837
3365.15541768
3365.54544699
3365.93547630
3366.32550561
3366.71553493
3367.10556424
3367.49559355
3367.88562286
3368.27565217
3368.66568148
3369.05571079
3369.44574010
3369.83576941
3370.22579873
3370.61582804
3371.00585735
3371.39588666
3371.78591597
3372.17594528
3372.56597459
3372.95600390
3373.34603322
3373.73606253
3374.12609184
3374.51612115
3374.90615046
3375.29617977
3375.68620908
3376.07623839
3376.46626770
3376.85629702
3377.24632633
3377.63635564
3378.02638495
3378.41641426
3378.80644357
3379.19647288
3379.58650219
3379.97653151
3380.36656082
3380.75659013
3381.14661944
3381.53664875
3381.92667806
3382.31670737
3382.70673668
3383.09676600
3383.48679531
3383.87682462
3384.26685393
3384.65688324
3385.04691255
3385.43694186
3385.82697117
3386.21700048
3386.60702980
3386.99705911
3387.38708842
3387.77711773
3388.16714704
3388.55717635
3388.94720566
3389.33723497
3389.72726429
3390.11729360
3390.50732291
3390.89735222
3391.28738153
3391.67741084
3392.06744015
3392.45746946
3392.84749877
3393.23752809
3393.62755740
3394.01758671
3394.40761602
3394.79764533
3395.18767464
3395.57770395
3395.96773326
3396.35776258
3396.74779189
3397.13782120
3397.52785051
3397.91787982
3398.30790913
3398.69793844
3399.08796775
3399.47799706
3399.86802638
3400.25805569
3400.64808500
3401.03811431
3401.42814362
3401.81817293
3402.20820224
3402.59823155
3402.98826087
3403.37829018
3403.76831949
3404.15834880
3404.54837811
3404.93840742
3405.32843673
3405.71846604
3406.10849535
3406.49852467
3406.88855398
3407.27858329
3407.66861260
3408.05864191
3408.44867122
3408.83870053
3409.22872984
3409.61875916
3410.00878847
3410.39881778
3410.78884709
3411.17887640
3411.56890571
3411.95893502
3412.34896433
3412.73899364
3413.12902296
3413.51905227
3413.90908158
3414.29911089
3414.68914020
3415.07916951
3415.46919882
3415.85922813
3416.24925745
3416.63928676
3417.02931607
3417.41934538
3417.80937469
3418.19940400
3418.58943331
3418.97946262
3419.36949193
3419.75952125
3420.14955056
3420.53957987
3420.92960918
3421.31963849
3421.70966780
3422.09969711
3422.48972642
3422.87975574
3423.26978505
3423.65981436
3424.04984367
3424.43987298
3424.82990229
3425.21993160
3425.60996091
3425.99999022
3426.39001954
3426.78004885
3427.17007816
3427.56010747
3427.95013678
3428.34016609
3428.73019540
3429.12022471
3429.51025403
3429.90028334
3430.29031265
3430.68034196
3431.07037127
3431.46040058
3431.85042989
3432.24045920
3432.63048851
3433.02051783
3433.41054714
3433.80057645
3434.19060576
3434.58063507
3434.97066438
3435.36069369
3435.75072300
3436.14075232
3436.53078163
3436.92081094
3437.31084025
3437.70086956
3438.09089887
3438.48092818
3438.87095749
3439.26098680
3439.65101612
3440.04104543
3440.43107474
3440.82110405
3441.21113336
3441.60116267
3441.99119198
3442.38122129
3442.77125061
3443.16127992
3443.55130923
3443.94133854
3444.33136785
3444.72139716
3445.11142647
3445.50145578
3445.89148510
3446.28151441
3446.67154372
3447.06157303
3447.45160234
3447.84163165
3448.23166096
3448.62169027
3449.01171958
3449.40174890
3449.79177821
3450.18180752
3450.57183683
3450.96186614
3451.35189545
3451.74192476
3452.13195407
3452.52198339
3452.91201270
3453.30204201
3453.69207132
3454.08210063
3454.47212994
3454.86215925
3455.25218856
3455.64221787
3456.03224719
3456.42227650
3456.81230581
3457.20233512
3457.59236443
3457.98239374
3458.37242305
3458.76245236
3459.15248168
3459.54251099
3459.93254030
3460.32256961
3460.71259892
3461.10262823
3461.49265754
3461.88268685
3462.27271616
3462.66274548
3463.05277479
3463.44280410
3463.83283341
3464.22286272
3464.61289203
3465.00292134
3465.39295065
3465.78297997
3466.17300928
3466.56303859
3466.95306790
3467.34309721
3467.73312652
3468.12315583
3468.51318514
3468.90321445
3469.29324377
3469.68327308
3470.07330239
3470.46333170
3470.85336101
3471.24339032
3471.63341963
3472.02344894
3472.41347826
3472.80350757
3473.19353688
3473.58356619
3473.97359550
3474.36362481
3474.75365412
3474.80353963
3475.18868136
3475.57382309
3475.95896482
3476.34410655
3476.72924829
3477.11439002
3477.49953175
3477.88467348
3478.26981521
3478.65495694
3479.04009867
3479.42524040
3479.81038213
3480.19552386
3480.58066559
3480.96580732
3481.35094905
3481.73609078
3482.12123251
3482.50637424
3482.89151597
3483.27665770
3483.66179943
3484.04694116
3484.43208289
3484.81722462
3485.20236635
3485.58750808
3485.97264981
3486.35779154
3486.74293327
3487.12807500
3487.51321673
3487.89835846
3488.28350019
3488.66864192
3489.05378366
3489.43892539
3489.82406712
3490.20920885
3490.59435058
3490.97949231
3491.36463404
3491.74977577
3492.13491750
3492.52005923
3492.90520096
3493.29034269
3493.67548442
3494.06062615
3494.44576788
3494.83090961
3495.21605134
3495.60119307
3495.98633480
3496.37147653
3496.75661826
3497.14175999
3497.52690172
3497.91204345
3498.29718518
3498.68232691
3499.06746864
3499.45261037
3499.83775210
3500.22289383
3500.60803556
3500.99317729
3501.37831903
3501.76346076
3502.14860249
3502.53374422
3502.91888595
3503.30402768
3503.68916941
3504.07431114
3504.45945287
3504.84459460
3505.22973633
3505.61487806
3506.00001979
3506.38516152
3506.77030325
3507.15544498
3507.54058671
3507.92572844
3508.31087017
3508.69601190
3509.08115363
3509.46629536
3509.85143709
3510.23657882
3510.62172055
3511.00686228
3511.39200401
3511.77714574
3512.16228747
3512.54742920
3512.93257093
3513.31771266
3513.70285439
3514.08799613
3514.47313786
3514.85827959
3515.24342132
3515.62856305
3516.01370478
3516.39884651
3516.78398824
3517.16912997
3517.55427170
3517.93941343
3518.32455516
3518.70969689
3519.09483862
3519.47998035
3519.86512208
3520.25026381
3520.63540554
3521.02054727
3521.40568900
3521.79083073
3522.17597246
3522.56111419
3522.94625592
3523.33139765
3523.71653938
3524.10168111
3524.48682284
3524.87196457
3525.25710630
3525.64224803
3526.02738976
3526.41253150
3526.79767323
3527.18281496
3527.56795669
3527.95309842
3528.33824015
3528.72338188
3529.10852361
3529.49366534
3529.87880707
3530.26394880
3530.64909053
3531.03423226
3531.41937399
3531.80451572
3532.18965745
3532.57479918
3532.95994091
3533.34508264
3533.73022437
3534.11536610
3534.50050783
3534.88564956
3535.27079129
3535.65593302
3536.04107475
3536.42621648
3536.81135821
3537.19649994
3537.58164167
3537.96678340
3538.35192513
3538.73706686
3539.12220860
3539.50735033
3539.89249206
3540.27763379
3540.66277552
3541.04791725
3541.43305898
3541.81820071
3542.20334244
3542.58848417
3542.97362590
3543.35876763
3543.74390936
3544.12905109
3544.51419282
3544.89933455
3545.28447628
3545.66961801
3546.05475974
3546.43990147
3546.82504320
3547.21018493
3547.59532666
3547.98046839
3548.36561012
3548.75075185
3549.13589358
3549.52103531
3549.90617704
3550.29131877
3550.67646050
3551.06160223
3551.44674397
3551.83188570
3552.21702743
3552.60216916
3552.98731089
3553.37245262
3553.75759435
3554.14273608
3554.52787781
3554.91301954
3555.29816127
3555.68330300
3556.06844473
3556.45358646
3556.83872819
3557.22386992
3557.60901165
3557.99415338
3558.37929511
3558.76443684
3559.14957857
3559.53472030
3559.91986203
3560.30500376
3560.69014549
3561.07528722
3561.46042895
3561.84557068
3562.23071241
3562.61585414
3563.00099587
3563.38613760
3563.77127934
3564.15642107
3564.54156280
3564.92670453
3565.31184626
3565.69698799
3566.08212972
3566.46727145
3566.85241318
3567.23755491
3567.62269664
3568.00783837
3568.39298010
3568.77812183
3569.16326356
3569.54840529
3569.93354702
3570.31868875
3570.70383048
3571.08897221
3571.47411394
3571.85925567
3572.24439740
3572.62953913
3573.01468086
3573.39982259
3573.78496432
3574.17010605
3574.55524778
3574.94038951
3575.32553124
3575.71067297
3576.09581470
3576.48095644
3576.86609817
3577.25123990
3577.63638163
3578.02152336
3578.40666509
3578.79180682
3579.17694855
3579.56209028
3579.94723201
3580.33237374
3580.71751547
3581.10265720
3581.48779893
3581.87294066
3582.25808239
3582.64322412
3583.02836585
3583.41350758
3583.79864931
3584.18379104
3584.56893277
3584.95407450
3585.33921623
3585.72435796
3586.10949969
3586.49464142
3586.87978315
3587.26492488
3587.65006661
3588.03520834
3588.42035007
3588.80549181
3589.19063354
3589.57577527
3589.96091700
3590.34605873
3590.73120046
3591.11634219
3591.50148392
3591.88662565
3592.27176738
3592.65690911
3593.04205084
3593.42719257
3593.81233430
3594.19747603
3594.58261776
3594.96775949
3595.35290122
3595.73804295
3596.12318468
3596.50832641
3596.89346814
3597.27860987
3597.66375160
3598.04889333
3598.43403506
3598.81917679
3599.20431852
3599.58946025
3599.97460198
3600.35974371
3600.74488544
3601.13002717
3601.51516891
3601.90031064
3602.28545237
3602.67059410
3603.05573583
3603.44087756
3603.82601929
3604.21116102
3604.59630275
3604.98144448
3605.36658621
3605.75172794
3606.13686967
3606.52201140
3606.90715313
3607.29229486
3607.67743659
3608.06257832
3608.44772005
3608.83286178
3609.21800351
3609.60314524
3609.98828697
3610.37342870
3610.75857043
3611.14371216
3611.52885389
3611.91399562
3612.29913735
3612.68427908
3613.06942081
3613.45456254
3613.83970428
3614.22484601
3614.60998774
3614.99512947
3615.38027120
3615.76541293
3616.15055466
3616.53569639
3616.92083812
3617.30597985
3617.69112158
3618.07626331
3618.46140504
3618.84654677
3619.23168850
3619.61683023
3620.00197196
3620.38711369
3620.77225542
3621.15739715
3621.54253888
3621.92768061
3622.31282234
3622.69796407
3623.08310580
3623.46824753
3623.85338926
3624.23853099
3624.62367272
3625.00881445
3625.39395618
3625.77909791
3626.16423965
3626.54938138
3626.93452311
3627.31966484
3627.70480657
3628.08994830
3628.47509003
3628.86023176
3629.24537349
3629.63051522
3630.01565695
3630.40079868
3630.78594041
3631.17108214
3631.55622387
3631.94136560
3632.32650733
3632.71164906
3633.09679079
3633.48193252
3633.86707425
3634.25221598
3634.63735771
3635.02249944
3635.40764117
3635.79278290
3636.17792463
3636.56306636
3636.94820809
3637.33334982
3637.71849155
3638.10363328
3638.48877501
3638.87391675
3639.25905848
3639.64420021
3640.02934194
3640.41448367
3640.79962540
3641.18476713
3641.56990886
3641.95505059
3642.34019232
3642.72533405
3643.11047578
3643.49561751
3643.88075924
3644.26590097
3644.65104270
3645.03618443
3645.42132616
3645.80646789
3646.19160962
3646.57675135
3646.96189308
3647.34703481
3647.73217654
3648.11731827
3648.50246000
3648.88760173
3649.27274346
3649.65788519
3650.04302692
3650.42816865
3650.81331038
3651.19845212
3651.58359385
3651.96873558
3652.35387731
3652.73901904
3653.12416077
3653.50930250
3653.89444423
3654.27958596
3654.66472769
3655.04986942
3655.43501115
3655.82015288
3656.20529461
3656.59043634
3656.97557807
3657.36071980
3657.74586153
3658.13100326
3658.51614499
3658.90128672
3659.28642845
3659.67157018
3660.05671191
3660.44185364
3660.82699537
3661.21213710
3661.59727883
3661.98242056
3662.36756229
3662.75270402
3663.13784575
3663.52298748
3663.90812922
3664.29327095
3664.67841268
3665.06355441
3665.44869614
3665.83383787
3666.21897960
3666.60412133
3666.98926306
3667.37440479
3667.75954652
3668.14468825
3668.52982998
3668.91497171
3669.30011344
3669.68525517
3670.07039690
3670.45553863
3670.84068036
3671.22582209
3671.61096382
3671.99610555
3672.38124728
3672.76638901
3673.15153074
3673.53667247
3673.92181420
3674.30695593
3674.69209766
3675.07723939
3675.46238112
3675.84752285
3676.23266459
3676.61780632
3677.00294805
3677.38808978
3677.77323151
3678.15837324
3678.54351497
3678.92865670
3679.31379843
3679.69894016
3680.08408189
3680.46922362
3680.85436535
3681.23950708
3681.62464881
3682.00979054
3682.39493227
3682.78007400
3683.16521573
3683.55035746
3683.93549919
3684.32064092
3684.70578265
3685.09092438
3685.47606611
3685.86120784
3686.24634957
3686.63149130
3687.01663303
3687.40177476
3687.78691649
3688.17205822
3688.55719995
3688.94234169
3689.32748342
3689.71262515
3690.09776688
3690.48290861
3690.86805034
3691.25319207
3691.63833380
3692.02347553
3692.40861726
3692.79375899
3693.17890072
3693.56404245
3693.94918418
3694.33432591
3694.71946764
3695.10460937
3695.48975110
3695.87489283
3696.26003456
3696.64517629
3697.03031802
3697.41545975
3697.80060148
3698.18574321
3698.57088494
3698.95602667
3699.34116840
3699.72631013
3700.11145186
3700.49659359
3700.88173532
3701.26687706
3701.65201879
3702.03716052
3702.42230225
3702.80744398
3703.19258571
3703.57772744
3703.96286917
3704.34801090
3704.73315263
3705.11829436
3705.50343609
3705.88857782
3706.27371955
3706.65886128
3707.04400301
3707.42914474
3707.81428647
3708.19942820
3708.58456993
3708.96971166
3709.35485339
3709.73999512
3710.12513685
3710.51027858
3710.89542031
3711.28056204
3711.66570377
3712.05084550
3712.43598723
3712.82112896
3713.20627069
3713.59141243
3713.97655416
3714.36169589
3714.74683762
3715.13197935
3715.51712108
3715.90226281
3716.28740454
3716.67254627
3717.05768800
3717.44282973
3717.82797146
3718.21311319
3718.59825492
3718.98339665
3719.36853838
3719.75368011
3720.13882184
3720.52396357
3720.90910530
3721.29424703
3721.67938876
3722.06453049
3722.44967222
3722.83481395
3723.21995568
3723.60509741
3723.99023914
3724.37538087
3724.76052260
3725.14566433
3725.53080606
3725.91594779
3726.30108953
3726.68623126
3727.07137299
3727.45651472
3727.84165645
3728.22679818
3728.61193991
3728.99708164
3729.38222337
3729.76736510
3730.15250683
3730.53764856
3730.92279029
3731.30793202
3731.69307375
3732.07821548
3732.46335721
3732.84849894
3733.23364067
3733.61878240
3734.00392413
3734.38906586
3734.77420759
3735.15934932
3735.54449105
3735.92963278
3736.31477451
3736.69991624
3737.08505797
3737.47019970
3737.85534143
3738.24048316
3738.62562490
3739.01076663
3739.39590836
3739.78105009
3740.16619182
3740.55133355
3740.93647528
3741.32161701
3741.70675874
3742.09190047
3742.47704220
3742.86218393
3743.24732566
3743.63246739
3744.01760912
3744.40275085
3744.78789258
3745.17303431
3745.55817604
3745.94331777
3746.32845950
3746.71360123
3747.09874296
3747.48388469
3747.86902642
3748.25416815
3748.63930988
3749.02445161
3749.40959334
3749.79473507
3750.17987680
3750.56501853
3750.95016026
3751.33530200
3751.72044373
3752.10558546
3752.49072719
3752.87586892
3753.26101065
3753.64615238
3754.03129411
3754.41643584
3754.80157757
3755.18671930
3755.57186103
3755.95700276
3756.34214449
3756.72728622
3757.11242795
3757.49756968
3757.88271141
3758.26785314
3758.65299487
3759.03813660
3759.42327833
3759.80842006
3760.19356179
3760.57870352
3760.96384525
3761.34898698
3761.73412871
3762.11927044
3762.50441217
3762.88955390
3763.27469563
3763.65983737
3764.04497910
3764.43012083
3764.81526256
3765.20040429
3765.58554602
3765.97068775
3766.35582948
3766.74097121
3767.12611294
3767.51125467
3767.89639640
3768.28153813
3768.66667986
3769.05182159
3769.43696332
3769.82210505
3770.20724678
3770.59238851
3770.97753024
3771.36267197
3771.74781370
3772.13295543
3772.51809716
3772.90323889
3773.28838062
3773.67352235
3774.05866408
3774.44380581
3774.82894754
3775.21408927
3775.59923100
3775.98437274
3776.36951447
3776.75465620
3777.13979793
3777.52493966
3777.91008139
3778.29522312
3778.68036485
3779.06550658
3779.45064831
3779.83579004
3780.22093177
3780.60607350
3780.99121523
3781.37635696
3781.76149869
3782.14664042
3782.53178215
3782.91692388
3783.30206561
3783.68720734
3784.07234907
3784.45749080
3784.84263253
3785.22777426
3785.61291599
3785.99805772
3786.38319945
3786.76834118
3787.15348291
3787.53862464
3787.92376637
3788.30890810
3788.69404984
3789.07919157
3789.46433330
3789.84947503
3790.23461676
3790.61975849
3791.00490022
3791.39004195
3791.77518368
3792.16032541
3792.54546714
3792.93060887
3793.31575060
3793.70089233
3794.08603406
3794.47117579
3794.85631752
3795.24145925
3795.62660098
3796.01174271
3796.39688444
3796.78202617
3797.16716790
3797.55230963
3797.93745136
3798.32259309
3798.70773482
3799.09287655
3799.47801828
3799.86316001
3800.24830174
3800.63344347
3801.01858521
3801.40372694
3801.78886867
3802.17401040
3802.55915213
3802.94429386
3803.32943559
3803.71457732
3804.09971905
3804.48486078
3804.87000251
3805.25514424
3805.64028597
3806.02542770
3806.41056943
3806.79571116
3807.18085289
3807.56599462
3807.95113635
3808.33627808
3808.72141981
3809.10656154
3809.49170327
3809.87684500
3810.26198673
3810.64712846
3811.03227019
3811.41741192
3811.80255365
3812.18769538
3812.57283711
3812.95797884
3813.34312057
3813.72826231
3814.11340404
3814.49854577
3814.88368750
3815.26882923
3815.65397096
3816.03911269
3816.42425442
3816.80939615
3817.19453788
3817.57967961
3817.96482134
3818.34996307
3818.73510480
3819.12024653
3819.50538826
3819.89052999
3820.27567172
3820.66081345
3821.04595518
3821.43109691
3821.81623864
3822.20138037
3822.58652210
3822.97166383
3823.35680556
3823.74194729
3824.12708902
3824.51223075
3824.89737248
3825.28251421
3825.66765594
3826.05279768
3826.43793941
3826.82308114
3827.20822287
3827.59336460
3827.97850633
3828.36364806
3828.74878979
3829.13393152
3829.51907325
3829.90421498
3830.28935671
3830.67449844
3831.05964017
3831.44478190
3831.82992363
3832.21506536
3832.60020709
3832.98534882
3833.37049055
3833.75563228
3834.14077401
3834.52591574
3834.91105747
3835.29619920
3835.68134093
3836.06648266
3836.45162439
3836.83676612
3837.22190785
3837.60704958
3837.99219131
3838.37733305
3838.76247478
3839.14761651
3839.53275824
3839.91789997
3840.30304170
3840.68818343
3841.07332516
3841.45846689
3841.84360862
3842.22875035
3842.61389208
3842.99903381
3843.38417554
3843.76931727
3844.15445900
3844.53960073
3844.92474246
3845.30988419
3845.69502592
3846.08016765
3846.46530938
3846.85045111
3847.23559284
3847.62073457
3848.00587630
3848.39101803
3848.77615976
3849.16130149
3849.54644322
3849.93158495
3850.31672668
3850.70186841
3851.08701015
3851.47215188
3851.85729361
3852.24243534
3852.62757707
3853.01271880
3853.39786053
3853.78300226
3854.16814399
3854.55328572
3854.93842745
3855.32356918
3855.70871091
3856.09385264
3856.47899437
3856.86413610
3857.24927783
3857.63441956
3858.01956129
3858.40470302
3858.78984475
3859.17498648
3859.56012821
3859.94526994
3860.33041167
3860.71555340
3861.10069513
3861.48583686
3861.87097859
3862.25612032
3862.64126205
3863.02640378
3863.41154552
3863.79668725
3864.18182898
3864.56697071
3864.95211244
3865.33725417
3865.72239590
3866.10753763
3866.49267936
3866.87782109
3867.26296282
3867.64810455
3868.03324628
3868.41838801
3868.80352974
3869.18867147
3869.57381320
3869.95895493
3870.34409666
3870.72923839
3871.11438012
3871.49952185
3871.88466358
3872.26980531
3872.65494704
3873.04008877
3873.42523050
3873.81037223
3874.19551396
3874.58065569
3874.96579742
3875.35093915
3875.73608088
3876.12122262
3876.50636435
3876.89150608
3877.27664781
3877.66178954
3878.04693127
3878.43207300
3878.81721473
3879.20235646
3879.58749819
3879.97263992
3880.35778165
3880.74292338
3881.12806511
3881.51320684
3881.89834857
3882.28349030
3882.66863203
3883.05377376
3883.43891549
3883.82405722
3884.20919895
3884.59434068
3884.97948241
3885.36462414
3885.74976587
3886.13490760
3886.52004933
3886.90519106
3887.29033279
3887.67547452
3888.06061625
3888.44575799
3888.83089972
3889.21604145
3889.60118318
3889.98632491
3890.37146664
3890.75660837
3891.14175010
3891.52689183
3891.91203356
3892.29717529
3892.68231702
3893.06745875
3893.45260048
3893.83774221
3894.22288394
3894.60802567
3894.99316740
3895.37830913
3895.76345086
3896.14859259
3896.53373432
3896.91887605
3897.30401778
3897.68915951
3898.07430124
3898.45944297
3898.84458470
3899.22972643
3899.61486816
3900.00000989
3900.38515162
3900.77029335
3901.15543509
3901.54057682
3901.92571855
3902.31086028
3902.69600201
3903.08114374
3903.46628547
3903.85142720
3904.23656893
3904.62171066
3905.00685239
3905.39199412
3905.77713585
3906.16227758
3906.54741931
3906.93256104
3907.31770277
3907.70284450
3908.08798623
3908.47312796
3908.85826969
3909.24341142
3909.62855315
3910.01369488
3910.39883661
3910.78397834
3911.16912007
3911.55426180
3911.93940353
3912.32454526
3912.70968699
3913.09482872
3913.47997046
3913.86511219
3914.25025392
3914.63539565
3915.02053738
3915.40567911
3915.79082084
3916.17596257
3916.56110430
3916.94624603
3917.33138776
3917.71652949
3918.10167122
3918.48681295
3918.87195468
3919.25709641
3919.64223814
3920.02737987
3920.41252160
3920.79766333
3921.18280506
3921.56794679
3921.95308852
3922.33823025
3922.72337198
3923.10851371
3923.49365544
3923.87879717
3924.26393890
3924.64908063
3925.03422236
3925.41936409
3925.80450583
3926.18964756
3926.57478929
3926.95993102
3927.34507275
3927.73021448
3928.11535621
3928.50049794
3928.88563967
3929.27078140
3929.65592313
3930.04106486
3930.42620659
3930.81134832
3931.19649005
3931.58163178
3931.96677351
3932.35191524
3932.73705697
3933.12219870
3933.50734043
3933.89248216
3934.27762389
3934.66276562
3935.04790735
3935.43304908
3935.81819081
3936.20333254
3936.58847427
3936.97361600
3937.35875773
3937.74389946
3938.12904119
3938.51418293
3938.89932466
3939.28446639
3939.66960812
3940.05474985
3940.43989158
3940.82503331
3941.21017504
3941.59531677
3941.98045850
3942.36560023
3942.75074196
3943.13588369
3943.52102542
3943.90616715
3944.29130888
3944.67645061
3945.06159234
3945.44673407
3945.83187580
3946.21701753
3946.60215926
3946.98730099
3947.37244272
3947.75758445
3948.14272618
3948.52786791
3948.91300964
3949.29815137
3949.68329310
3950.06843483
3950.45357656
3950.83871830
3951.22386003
3951.60900176
3951.99414349
3952.37928522
3952.76442695
3953.14956868
3953.53471041
3953.91985214
3954.30499387
3954.69013560
3955.07527733
3955.46041906
3955.84556079
3956.23070252
3956.61584425
3957.00098598
3957.38612771
3957.77126944
3958.15641117
3958.54155290
3958.92669463
3959.31183636
3959.69697809
3960.08211982
3960.46726155
3960.85240328
3961.23754501
3961.62268674
3962.00782847
3962.39297020
3962.77811193
3963.16325366
3963.54839540
3963.93353713
3964.31867886
3964.70382059
3965.08896232
3965.47410405
3965.85924578
3966.24438751
3966.62952924
3967.01467097
3967.39981270
3967.78495443
3968.17009616
3968.55523789
3968.94037962
3969.32552135
3969.71066308
3970.09580481
3970.48094654
3970.86608827
3971.25123000
3971.63637173
3972.02151346
3972.40665519
3972.79179692
3973.17693865
3973.56208038
3973.94722211
3974.33236384
3974.71750557
3975.10264730
3975.48778903
3975.87293077
3976.25807250
3976.64321423
3977.02835596
3977.41349769
3977.79863942
3978.18378115
3978.56892288
3978.95406461
3979.33920634
3979.72434807
3980.10948980
3980.49463153
3980.87977326
3981.26491499
3981.65005672
3982.03519845
3982.42034018
3982.80548191
3983.19062364
3983.57576537
3983.96090710
3984.34604883
3984.73119056
3985.11633229
3985.50147402
3985.88661575
3986.27175748
3986.65689921
3987.04204094
3987.42718267
3987.81232440
3988.19746614
3988.58260787
3988.96774960
3989.35289133
3989.73803306
3990.12317479
3990.50831652
3990.89345825
3991.27859998
3991.66374171
3992.04888344
3992.43402517
3992.81916690
3993.20430863
3993.58945036
3993.97459209
3994.35973382
3994.74487555
3995.13001728
3995.51515901
3995.90030074
3996.28544247
3996.67058420
3997.05572593
3997.44086766
3997.82600939
3998.21115112
3998.59629285
3998.98143458
3999.36657631
3999.75171804
4000.13685977
4000.52200150
4000.90714324
4001.29228497
4001.67742670
4002.06256843
4002.44771016
4002.83285189
4003.21799362
4003.60313535
4003.98827708
4004.37341881
4004.75856054
4005.14370227
4005.52884400
4005.91398573
4006.29912746
4006.68426919
4007.06941092
4007.45455265
4007.83969438
4008.22483611
4008.60997784
4008.99511957
4009.38026130
4009.76540303
4010.15054476
4010.53568649
4010.92082822
4011.30596995
4011.69111168
4012.07625341
4012.46139514
4012.84653687
4013.23167861
4013.61682034
4014.00196207
4014.38710380
4014.77224553
4015.15738726
4015.54252899
4015.92767072
4016.31281245
4016.69795418
4017.08309591
4017.46823764
4017.85337937
4018.23852110
4018.62366283
4019.00880456
4019.39394629
4019.77908802
4020.16422975
4020.54937148
4020.93451321
4021.31965494
4021.70479667
4022.08993840
4022.47508013
4022.86022186
4023.24536359
4023.63050532
4024.01564705
4024.40078878
4024.78593051
4025.17107224
4025.55621397
4025.94135571
4026.32649744
4026.71163917
4027.09678090
4027.48192263
4027.86706436
4028.25220609
4028.63734782
4029.02248955
4029.40763128
4029.79277301
4030.17791474
4030.56305647
4030.94819820
4031.33333993
4031.71848166
4032.10362339
4032.48876512
4032.87390685
4033.25904858
4033.64419031
4034.02933204
4034.41447377
4034.79961550
4035.18475723
4035.56989896
4035.95504069
4036.34018242
4036.72532415
4037.11046588
4037.49560761
4037.88074934
4038.26589108
4038.65103281
4039.03617454
4039.42131627
4039.80645800
4040.19159973
4040.57674146
4040.96188319
4041.34702492
4041.73216665
4042.11730838
4042.50245011
4042.88759184
4043.27273357
4043.65787530
4044.04301703
4044.42815876
4044.81330049
4045.19844222
4045.58358395
4045.96872568
4046.35386741
4046.73900914
4047.12415087
4047.50929260
4047.89443433
4048.27957606
4048.66471779
4049.04985952
4049.43500125
4049.82014298
4050.20528471
4050.59042645
4050.97556818
4051.36070991
4051.74585164
4052.13099337
4052.51613510
4052.90127683
4053.28641856
4053.67156029
4054.05670202
4054.44184375
4054.82698548
4055.21212721
4055.59726894
4055.98241067
4056.36755240
4056.75269413
4057.13783586
4057.52297759
4057.90811932
4058.29326105
4058.67840278
4059.06354451
4059.44868624
4059.83382797
4060.21896970
4060.60411143
4060.98925316
4061.37439489
4061.75953662
4062.14467835
4062.52982008
4062.91496181
4063.30010355
4063.68524528
4064.07038701
4064.45552874
4064.84067047
4065.22581220
4065.61095393
4065.99609566
4066.38123739
4066.76637912
4067.15152085
4067.53666258
4067.92180431
4068.30694604
4068.69208777
4069.07722950
4069.46237123
4069.84751296
4070.23265469
4070.61779642
4071.00293815
4071.38807988
4071.77322161
4072.15836334
4072.54350507
4072.92864680
4073.31378853
4073.69893026
4074.08407199
4074.46921372
4074.85435545
4075.23949718
4075.62463892
4076.00978065
4076.39492238
4076.78006411
4077.16520584
4077.55034757
4077.93548930
4078.32063103
4078.70577276
4079.09091449
4079.47605622
4079.86119795
4080.24633968
4080.63148141
4081.01662314
4081.40176487
4081.78690660
4082.17204833
4082.55719006
4082.94233179
4083.32747352
4083.71261525
4084.09775698
4084.48289871
4084.86804044
4085.25318217
4085.63832390
4086.02346563
4086.40860736
4086.79374909
4087.17889082
4087.56403255
4087.94917428
4088.33431602
4088.71945775
4089.10459948
4089.48974121
4089.87488294
4090.26002467
4090.64516640
4091.03030813
4091.41544986
4091.80059159
4092.18573332
4092.57087505
4092.95601678
4093.34115851
4093.72630024
4094.11144197
4094.49658370
4094.88172543
4095.26686716
4095.65200889
4096.03715062
4096.42229235
4096.80743408
4097.19257581
4097.57771754
4097.96285927
4098.34800100
4098.73314273
4099.11828446
4099.50342619
4099.88856792
4100.27370965
4100.65885139
4101.04399312
4101.42913485
4101.81427658
4102.19941831
4102.58456004
4102.96970177
4103.35484350
4103.73998523
4104.12512696
4104.51026869
4104.89541042
4105.28055215
4105.66569388
4106.05083561
4106.43597734
4106.82111907
4107.20626080
4107.59140253
4107.97654426
4108.36168599
4108.74682772
4109.13196945
4109.51711118
4109.90225291
4110.28739464
4110.67253637
4111.05767810
4111.44281983
4111.82796156
4112.21310329
4112.59824502
4112.98338675
4113.36852849
4113.75367022
4114.13881195
4114.52395368
4114.90909541
4115.29423714
4115.67937887
4116.06452060
4116.44966233
4116.83480406
4117.21994579
4117.60508752
4117.99022925
4118.37537098
4118.76051271
4119.14565444
4119.53079617
4119.91593790
4120.30107963
4120.68622136
4121.07136309
4121.45650482
4121.84164655
4122.22678828
4122.61193001
4122.99707174
4123.38221347
4123.76735520
4124.15249693
4124.53763866
4124.92278039
4125.30792212
4125.69306386
4126.07820559
4126.46334732
4126.84848905
4127.23363078
4127.61877251
4128.00391424
4128.38905597
4128.77419770
4129.15933943
4129.54448116
4129.92962289
4130.31476462
4130.69990635
4131.08504808
4131.47018981
4131.85533154
4132.24047327
4132.62561500
4133.01075673
4133.39589846
4133.78104019
4134.16618192
4134.55132365
4134.93646538
4135.32160711
4135.70674884
4136.09189057
4136.47703230
4136.86217403
4137.24731576
4137.63245749
4138.01759923
4138.40274096
4138.78788269
4139.17302442
4139.55816615
4139.94330788
4140.32844961
4140.71359134
4141.09873307
4141.48387480
4141.86901653
4142.25415826
4142.63929999
4143.02444172
4143.40958345
4143.79472518
4144.17986691
4144.56500864
4144.95015037
4145.33529210
4145.72043383
4146.10557556
4146.49071729
4146.87585902
4147.26100075
4147.64614248
4148.03128421
4148.41642594
4148.80156767
4149.18670940
4149.57185113
4149.95699286
4150.34213459
4150.72727633
4151.11241806
4151.49755979
4151.88270152
4152.26784325
4152.65298498
4153.03812671
4153.42326844
4153.80841017
4154.19355190
4154.57869363
4154.96383536
4155.34897709
4155.73411882
4156.11926055
4156.50440228
4156.88954401
4157.27468574
4157.65982747
4158.04496920
4158.43011093
4158.81525266
4159.20039439
4159.58553612
4159.97067785
4160.35581958
4160.74096131
4161.12610304
4161.51124477
4161.89638650
4162.28152823
4162.66666996
4163.05181170
4163.43695343
4163.82209516
4164.20723689
4164.59237862
4164.97752035
4165.36266208
4165.74780381
4166.13294554
4166.51808727
4166.90322900
4167.28837073
4167.67351246
4168.05865419
4168.44379592
4168.82893765
4169.21407938
4169.59922111
4169.98436284
4170.36950457
4170.75464630
4171.13978803
4171.52492976
4171.91007149
4172.29521322
4172.68035495
4173.06549668
4173.45063841
4173.83578014
4174.22092187
4174.60606360
4174.99120533
4175.37634706
4175.76148880
4176.14663053
4176.53177226
4176.91691399
4177.30205572
4177.68719745
4178.07233918
4178.45748091
4178.84262264
4179.22776437
4179.61290610
4179.99804783
4180.38318956
4180.76833129
4181.15347302
4181.53861475
4181.92375648
4182.30889821
4182.69403994
4183.07918167
4183.46432340
4183.84946513
4184.23460686
4184.61974859
4185.00489032
4185.39003205
4185.77517378
4186.16031551
4186.54545724
4186.93059897
4187.31574070
4187.70088243
4188.08602417
4188.47116590
4188.85630763
4189.24144936
4189.62659109
4190.01173282
4190.39687455
4190.78201628
4191.16715801
4191.55229974
4191.93744147
4192.32258320
4192.70772493
4193.09286666
4193.47800839
4193.86315012
4194.24829185
4194.63343358
4195.01857531
4195.40371704
4195.78885877
4196.17400050
4196.55914223
4196.94428396
4197.32942569
4197.71456742
4198.09970915
4198.48485088
4198.86999261
4199.25513434
4199.64027607
4200.02541780
4200.41055954
4200.79570127
4201.18084300
4201.56598473
4201.95112646
4202.33626819
4202.72140992
4203.10655165
4203.49169338
4203.87683511
4204.26197684
4204.64711857
4205.03226030
4205.41740203
4205.80254376
4206.18768549
4206.57282722
4206.95796895
4207.34311068
4207.72825241
4208.11339414
4208.49853587
4208.88367760
4209.26881933
4209.65396106
4210.03910279
