1690.04693699
1690.43696630
1690.82699561
1691.21702492
1691.60705423
1691.99708354
1692.38711286
1692.77714217
1693.16717148
1693.55720079
1693.94723010
1694.33725941
1694.72728872
1695.11731803
1695.50734735
1695.89737666
1696.28740597
1696.67743528
1697.06746459
1697.45749390
1697.84752321
1698.23755252
1698.62758183
1699.01761115
1699.40764046
1699.79766977
1700.18769908
1700.57772839
1700.96775770
1701.35778701
1701.74781632
1702.13784564
1702.52787495
1702.91790426
1703.30793357
1703.69796288
1704.08799219
1704.47802150
1704.86805081
1705.25808012
1705.64810944
1706.03813875
1706.42816806
1706.81819737
1707.20822668
1707.59825599
1707.98828530
1708.37831461
1708.76834393
1709.15837324
1709.54840255
1709.93843186
1710.32846117
1710.71849048
1711.10851979
1711.49854910
1711.88857841
1712.27860773
1712.66863704
1713.05866635
1713.44869566
1713.83872497
1714.22875428
1714.61878359
1715.00881290
1715.39884222
1715.78887153
1716.17890084
1716.56893015
1716.95895946
1717.34898877
1717.73901808
1718.12904739
1718.51907670
1718.90910602
1719.29913533
1719.68916464
1720.07919395
1720.46922326
1720.85925257
1721.24928188
1721.63931119
1722.02934051
1722.41936982
1722.80939913
1723.19942844
1723.58945775
1723.97948706
1724.36951637
1724.75954568
1725.14957500
1725.53960431
1725.92963362
1726.31966293
1726.70969224
1727.09972155
1727.48975086
1727.87978017
1728.26980948
1728.65983880
1729.04986811
1729.43989742
1729.82992673
1730.21995604
1730.60998535
1731.00001466
1731.39004397
1731.78007329
1732.17010260
1732.56013191
1732.95016122
1733.34019053
1733.73021984
1734.12024915
1734.51027846
1734.90030777
1735.29033709
1735.68036640
1736.07039571
1736.46042502
1736.85045433
1737.24048364
1737.63051295
1738.02054226
1738.41057158
1738.80060089
1739.19063020
1739.58065951
1739.97068882
1740.36071813
1740.75074744
1741.14077675
1741.53080606
1741.92083538
1742.31086469
1742.70089400
1743.09092331
1743.48095262
1743.87098193
1744.26101124
1744.65104055
1745.04106987
1745.43109918
1745.82112849
1746.21115780
1746.60118711
1746.99121642
1747.38124573
1747.77127504
1748.16130435
1748.55133367
1748.94136298
1749.33139229
1749.72142160
1750.11145091
1750.50148022
1750.89150953
1751.28153884
1751.67156816
1752.06159747
1752.45162678
1752.84165609
1753.23168540
1753.62171471
1754.01174402
1754.40177333
1754.79180264
1755.18183196
1755.57186127
1755.96189058
1756.35191989
1756.74194920
1757.13197851
1757.52200782
1757.91203713
1758.30206645
1758.69209576
1759.08212507
1759.47215438
1759.86218369
1760.25221300
1760.64224231
1761.03227162
1761.42230093
1761.81233025
1762.20235956
1762.59238887
1762.98241818
1763.37244749
1763.76247680
1764.15250611
1764.54253542
1764.93256474
1765.32259405
1765.71262336
1766.10265267
1766.49268198
1766.88271129
1767.27274060
1767.66276991
1768.05279922
1768.44282854
1768.83285785
1769.22288716
1769.61291647
1770.00294578
1770.39297509
1770.78300440
1771.17303371
1771.56306303
1771.95309234
1772.34312165
1772.73315096
1773.12318027
1773.51320958
1773.90323889
1774.29326820
1774.68329751
1775.07332683
1775.46335614
1775.85338545
1776.24341476
1776.63344407
1777.02347338
1777.41350269
1777.80353200
1778.19356132
1778.58359063
1778.97361994
1779.36364925
1779.75367856
1780.14370787
1780.53373718
1780.92376649
1781.31379580
1781.70382512
1782.09385443
1782.48388374
1782.87391305
1783.26394236
1783.65397167
1784.04400098
1784.43403029
1784.82405961
1785.21408892
1785.60411823
1785.99414754
1786.38417685
1786.77420616
1787.16423547
1787.55426478
1787.94429410
1788.33432341
1788.72435272
1789.11438203
1789.50441134
1789.89444065
1790.28446996
1790.67449927
1791.06452858
1791.45455790
1791.84458721
1792.23461652
1792.62464583
1793.01467514
1793.40470445
1793.79473376
1794.18476307
1794.57479239
1794.96482170
1795.35485101
1795.74488032
1796.13490963
1796.52493894
1796.91496825
1797.30499756
1797.69502687
1798.08505619
1798.47508550
1798.86511481
1799.25514412
1799.64517343
1800.03520274
1800.42523205
1800.81526136
1801.20529068
1801.59531999
1801.98534930
1802.37537861
1802.76540792
1803.15543723
1803.54546654
1803.93549585
1804.32552516
1804.71555448
1805.10558379
1805.49561310
1805.88564241
1806.27567172
1806.66570103
1807.05573034
1807.44575965
1807.83578897
1808.22581828
1808.61584759
1809.00587690
1809.39590621
1809.78593552
1810.17596483
1810.56599414
1810.95602345
1811.34605277
1811.73608208
1812.12611139
1812.51614070
1812.90617001
1813.29619932
1813.68622863
1814.07625794
1814.46628726
1814.85631657
1815.24634588
1815.63637519
1816.02640450
1816.41643381
1816.80646312
1817.19649243
1817.58652174
1817.97655106
1818.36658037
1818.75660968
1819.14663899
1819.53666830
1819.92669761
1820.31672692
1820.70675623
1821.09678555
1821.48681486
1821.87684417
1822.26687348
1822.65690279
1823.04693210
1823.43696141
1823.82699072
1824.21702003
1824.60704935
1824.99707866
1825.38710797
1825.77713728
1826.16716659
1826.55719590
1826.94722521
1827.33725452
1827.72728384
1828.11731315
1828.50734246
1828.89737177
1829.28740108
1829.67743039
1830.06745970
1830.45748901
1830.84751832
1831.23754764
1831.62757695
1832.01760626
1832.40763557
1832.79766488
1833.18769419
1833.57772350
1833.96775281
1834.35778213
1834.74781144
1835.13784075
1835.52787006
1835.91789937
1836.30792868
1836.69795799
1837.08798730
1837.47801661
1837.86804593
1838.25807524
1838.64810455
1839.03813386
1839.42816317
1839.81819248
1840.20822179
1840.59825110
1840.98828042
1841.37830973
1841.76833904
1842.15836835
1842.54839766
1842.93842697
1843.32845628
1843.71848559
1844.10851490
1844.49854422
1844.88857353
1845.27860284
1845.66863215
1846.05866146
1846.44869077
1846.83872008
1847.22874939
1847.61877871
1848.00880802
1848.39883733
1848.78886664
1849.17889595
1849.56892526
1849.95895457
1850.34898388
1850.73901320
1851.12904251
1851.51907182
1851.90910113
1852.29913044
1852.68915975
1853.07918906
1853.46921837
1853.85924768
1854.24927700
1854.63930631
1855.02933562
1855.41936493
1855.80939424
1856.19942355
1856.58945286
1856.97948217
1857.36951149
1857.75954080
1858.14957011
1858.53959942
1858.92962873
1859.31965804
1859.70968735
1860.09971666
1860.48974597
1860.87977529
1861.26980460
1861.65983391
1862.04986322
1862.43989253
1862.82992184
1863.21995115
1863.60998046
1864.00000978
1864.39003909
1864.78006840
1865.17009771
1865.56012702
1865.95015633
1866.34018564
1866.73021495
1867.12024426
1867.51027358
1867.90030289
1868.29033220
1868.68036151
1869.07039082
1869.46042013
1869.85044944
1870.24047875
1870.63050807
1871.02053738
1871.41056669
1871.80059600
1872.19062531
1872.58065462
1872.97068393
1873.36071324
1873.75074255
1874.14077187
1874.53080118
1874.92083049
1875.31085980
1875.70088911
1876.09091842
1876.48094773
1876.87097704
1877.26100636
1877.65103567
1878.04106498
1878.43109429
1878.82112360
1879.21115291
1879.60118222
1879.99121153
1880.38124084
1880.77127016
1881.16129947
1881.55132878
1881.94135809
1882.33138740
1882.72141671
1883.11144602
1883.50147533
1883.89150465
1884.28153396
1884.67156327
1885.06159258
1885.45162189
1885.84165120
1886.23168051
1886.62170982
1887.01173913
1887.40176845
1887.79179776
1888.18182707
1888.57185638
1888.96188569
1889.35191500
1889.74194431
1890.13197362
1890.52200294
1890.91203225
1891.30206156
1891.69209087
1892.08212018
1892.47214949
1892.86217880
1893.25220811
1893.64223742
1894.03226674
1894.42229605
1894.81232536
1895.20235467
1895.59238398
1895.98241329
1896.37244260
1896.76247191
1897.15250123
1897.54253054
1897.93255985
1898.32258916
1898.71261847
1899.10264778
1899.49267709
1899.88270640
1900.27273571
1900.66276503
1901.05279434
1901.44282365
1901.83285296
1902.22288227
1902.61291158
1903.00294089
1903.39297020
1903.78299952
1904.17302883
1904.56305814
1904.95308745
1905.34311676
1905.73314607
1906.12317538
1906.51320469
1906.90323400
1907.29326332
1907.68329263
1908.07332194
1908.46335125
1908.85338056
1909.24340987
1909.63343918
1910.02346849
1910.41349781
1910.80352712
1911.19355643
1911.58358574
1911.97361505
1912.36364436
1912.75367367
1913.14370298
1913.53373230
1913.92376161
1914.31379092
1914.70382023
1915.09384954
1915.48387885
1915.87390816
1916.26393747
1916.65396678
1917.04399610
1917.43402541
1917.82405472
1918.21408403
1918.60411334
1918.99414265
1919.38417196
1919.77420127
1920.16423059
1920.55425990
1920.94428921
1921.33431852
1921.72434783
1922.11437714
1922.50440645
1922.89443576
1923.28446507
1923.67449439
1924.06452370
1924.45455301
1924.84458232
1925.23461163
1925.62464094
1926.01467025
1926.40469956
1926.79472888
1927.18475819
1927.57478750
1927.96481681
1928.35484612
1928.74487543
1929.13490474
1929.52493405
1929.91496336
1930.30499268
1930.69502199
1931.08505130
1931.47508061
1931.86510992
1932.25513923
1932.64516854
1933.03519785
1933.42522717
1933.81525648
1934.20528579
1934.59531510
1934.98534441
1935.37537372
1935.76540303
1936.15543234
1936.54546165
1936.93549097
1937.32552028
1937.71554959
1938.10557890
1938.49560821
1938.88563752
1939.27566683
1939.66569614
1940.05572546
1940.44575477
1940.83578408
1941.22581339
1941.61584270
1942.00587201
1942.39590132
1942.78593063
1943.17595994
1943.56598926
1943.95601857
1944.34604788
1944.73607719
1945.12610650
1945.51613581
1945.90616512
1946.29619443
1946.68622375
1947.07625306
1947.46628237
1947.85631168
1948.24634099
1948.63637030
1949.02639961
1949.41642892
1949.80645823
1950.19648755
1950.58651686
1950.97654617
1951.36657548
1951.75660479
1952.14663410
1952.53666341
1952.92669272
1953.31672204
1953.70675135
1954.09678066
1954.48680997
1954.87683928
1955.26686859
1955.65689790
1956.04692721
1956.43695652
1956.82698584
1957.21701515
1957.60704446
1957.99707377
1958.38710308
1958.77713239
1959.16716170
1959.55719101
1959.94722033
1960.33724964
1960.72727895
1961.11730826
1961.50733757
1961.89736688
1962.28739619
1962.67742550
1963.06745481
1963.45748413
1963.84751344
1964.23754275
1964.62757206
1965.01760137
1965.40763068
1965.79765999
1966.18768930
1966.57771862
1966.96774793
1967.35777724
1967.74780655
1968.13783586
1968.52786517
1968.91789448
1969.30792379
1969.69795310
1970.08798242
1970.47801173
1970.86804104
1971.25807035
1971.64809966
1972.03812897
1972.42815828
1972.81818759
1973.20821691
1973.59824622
1973.98827553
1974.37830484
1974.76833415
1975.15836346
1975.54839277
1975.93842208
1976.32845140
1976.71848071
1977.10851002
1977.49853933
1977.88856864
1978.27859795
1978.66862726
1979.05865657
1979.44868588
1979.83871520
1980.22874451
1980.61877382
1981.00880313
1981.39883244
1981.78886175
1982.17889106
1982.56892037
1982.95894969
1983.34897900
1983.73900831
1984.12903762
1984.51906693
1984.90909624
1985.29912555
1985.68915486
1986.07918417
1986.46921349
1986.85924280
1987.24927211
1987.63930142
1988.02933073
1988.41936004
1988.80938935
1989.19941866
1989.58944798
1989.97947729
1990.36950660
1990.75953591
1991.14956522
1991.53959453
1991.92962384
1992.31965315
1992.70968246
1993.09971178
1993.48974109
1993.87977040
1994.26979971
1994.65982902
1995.04985833
1995.43988764
1995.82991695
1996.21994627
1996.60997558
1997.00000489
1997.39003420
1997.78006351
1998.17009282
1998.56012213
1998.95015144
1999.34018075
1999.73021007
2000.12023938
2000.51026869
2000.90029800
2001.29032731
2001.68035662
2002.07038593
2002.46041524
2002.85044456
2003.24047387
2003.63050318
2004.02053249
2004.41056180
2004.80059111
2005.19062042
2005.58064973
2005.97067904
2006.36070836
2006.75073767
2007.14076698
2007.53079629
2007.92082560
2008.31085491
2008.70088422
2009.09091353
2009.48094285
2009.87097216
2010.26100147
2010.65103078
2011.04106009
2011.43108940
2011.82111871
2012.21114802
2012.60117733
2012.99120665
2013.38123596
2013.77126527
2014.16129458
2014.55132389
2014.94135320
2015.33138251
2015.72141182
2016.11144114
2016.50147045
2016.89149976
2017.28152907
2017.67155838
2018.06158769
2018.45161700
2018.84164631
2019.23167562
2019.62170494
2020.01173425
2020.40176356
2020.79179287
2021.18182218
2021.57185149
2021.96188080
2022.35191011
2022.74193943
2023.13196874
2023.52199805
2023.91202736
2024.30205667
2024.69208598
2025.08211529
2025.47214460
2025.86217391
2026.25220323
2026.64223254
2027.03226185
2027.42229116
2027.81232047
2028.20234978
2028.59237909
2028.98240840
2029.37243772
2029.76246703
2030.15249634
2030.54252565
2030.93255496
2031.32258427
2031.71261358
2032.10264289
2032.49267220
2032.88270152
2033.27273083
2033.66276014
2034.05278945
2034.44281876
2034.83284807
2035.22287738
2035.61290669
2036.00293601
2036.39296532
2036.78299463
2037.17302394
2037.56305325
2037.95308256
2038.34311187
2038.73314118
2039.12317050
2039.51319981
2039.90322912
2040.29325843
2040.68328774
2041.07331705
2041.46334636
2041.85337567
2042.24340498
2042.63343430
2043.02346361
2043.41349292
2043.80352223
2044.19355154
2044.58358085
2044.97361016
2045.36363947
2045.75366879
2046.14369810
2046.53372741
2046.92375672
2047.31378603
2047.70381534
2048.09384465
2048.48387396
2048.87390327
2049.26393259
2049.65396190
2050.04399121
2050.43402052
2050.82404983
2051.21407914
2051.60410845
2051.99413776
2052.38416708
2052.77419639
2053.16422570
2053.55425501
2053.94428432
2054.33431363
2054.72434294
2055.11437225
2055.50440156
2055.89443088
2056.28446019
2056.67448950
2057.06451881
2057.45454812
2057.84457743
2058.23460674
2058.62463605
2059.01466537
2059.40469468
2059.79472399
2060.18475330
2060.57478261
2060.96481192
2061.35484123
2061.74487054
2062.13489985
2062.52492917
2062.91495848
2063.30498779
2063.69501710
2064.08504641
2064.47507572
2064.86510503
2065.25513434
2065.64516366
2066.03519297
2066.42522228
2066.81525159
2067.20528090
2067.59531021
2067.98533952
2068.37536883
2068.76539814
2069.15542746
2069.54545677
2069.93548608
2070.32551539
2070.71554470
2071.10557401
2071.49560332
2071.88563263
2072.27566195
2072.66569126
2073.05572057
2073.44574988
2073.83577919
2074.22580850
2074.61583781
2075.00586712
2075.39589643
2075.78592575
2076.17595506
2076.56598437
2076.95601368
2077.34604299
2077.73607230
2078.12610161
2078.51613092
2078.90616024
2079.29618955
2079.68621886
2080.07624817
2080.46627748
2080.85630679
2081.24633610
2081.63636541
2082.02639472
2082.41642404
2082.80645335
2083.19648266
2083.58651197
2083.97654128
2084.36657059
2084.75659990
2085.14662921
2085.53665853
2085.92668784
2086.31671715
2086.70674646
2087.09677577
2087.48680508
2087.87683439
2088.26686370
2088.65689301
2089.04692233
2089.43695164
2089.82698095
2090.21701026
2090.60703957
2090.99706888
2091.38709819
2091.77712750
2092.16715682
2092.55718613
2092.94721544
2093.33724475
2093.72727406
2094.11730337
2094.50733268
2094.89736199
2095.28739130
2095.67742062
2096.06744993
2096.45747924
2096.84750855
2097.23753786
2097.62756717
2098.01759648
2098.40762579
2098.79765511
2099.18768442
2099.57771373
2099.96774304
2100.35777235
2100.74780166
2101.13783097
2101.52786028
2101.91788960
2102.30791891
2102.69794822
2103.08797753
2103.47800684
2103.86803615
2104.25806546
2104.64809477
2105.03812408
2105.42815340
2105.81818271
2106.20821202
2106.59824133
2106.98827064
2107.37829995
2107.76832926
2108.15835857
2108.54838789
2108.93841720
2109.32844651
2109.71847582
2110.10850513
2110.49853444
2110.88856375
2111.27859306
2111.66862237
2112.05865169
2112.44868100
2112.83871031
2113.22873962
2113.61876893
2114.00879824
2114.39882755
2114.78885686
2115.17888618
2115.56891549
2115.95894480
2116.34897411
2116.73900342
2117.12903273
2117.51906204
2117.90909135
2118.29912066
2118.68914998
2119.07917929
2119.46920860
2119.85923791
2120.24926722
2120.63929653
2121.02932584
2121.41935515
2121.80938447
2122.19941378
2122.58944309
2122.97947240
2123.36950171
2123.75953102
2124.14956033
2124.53958964
2124.92961895
2125.31964827
2125.70967758
2126.09970689
2126.48973620
2126.87976551
2127.26979482
2127.65982413
2128.04985344
2128.43988276
2128.82991207
2129.21994138
2129.60997069
2130.00000000
2130.39002931
2130.78005862
2131.17008793
2131.56011724
2131.95014656
2132.34017587
2132.73020518
2133.12023449
2133.51026380
2133.90029311
2134.29032242
2134.68035173
2135.07038105
2135.46041036
2135.85043967
2136.24046898
2136.63049829
2137.02052760
2137.41055691
2137.80058622
2138.19061553
2138.58064485
2138.97067416
2139.36070347
2139.75073278
2140.14076209
2140.53079140
2140.92082071
2141.31085002
2141.70087934
2142.09090865
2142.48093796
2142.87096727
2143.26099658
2143.65102589
2144.04105520
2144.43108451
2144.82111382
2145.21114314
2145.60117245
2145.99120176
2146.38123107
2146.77126038
2147.16128969
2147.55131900
2147.94134831
2148.33137763
2148.72140694
2149.11143625
2149.50146556
2149.89149487
2150.28152418
2150.67155349
2151.06158280
2151.45161211
2151.84164143
2152.23167074
2152.62170005
2153.01172936
2153.40175867
2153.79178798
2154.18181729
2154.57184660
2154.96187592
2155.35190523
2155.74193454
2156.13196385
2156.52199316
2156.91202247
2157.30205178
2157.69208109
2158.08211040
2158.47213972
2158.86216903
2159.25219834
2159.64222765
2160.03225696
2160.42228627
2160.81231558
2161.20234489
2161.59237421
2161.98240352
2162.37243283
2162.76246214
2163.15249145
2163.54252076
2163.93255007
2164.32257938
2164.71260870
2165.10263801
2165.49266732
2165.88269663
2166.27272594
2166.66275525
2167.05278456
2167.44281387
2167.83284318
2168.22287250
2168.61290181
2169.00293112
2169.39296043
2169.78298974
2170.17301905
2170.56304836
2170.95307767
2171.34310699
2171.73313630
2172.12316561
2172.51319492
2172.90322423
2173.29325354
2173.68328285
2174.07331216
2174.46334147
2174.85337079
2175.24340010
2175.63342941
2176.02345872
2176.41348803
2176.80351734
2177.19354665
2177.58357596
2177.97360528
2178.36363459
2178.75366390
2179.14369321
2179.53372252
2179.92375183
2180.31378114
2180.70381045
2181.09383976
2181.48386908
2181.87389839
2182.26392770
2182.65395701
2183.04398632
2183.43401563
2183.82404494
2184.21407425
2184.60410357
2184.99413288
2185.38416219
2185.77419150
2186.16422081
2186.55425012
2186.94427943
2187.33430874
2187.72433805
2188.11436737
2188.50439668
2188.89442599
2189.28445530
2189.67448461
2190.06451392
2190.45454323
2190.84457254
2191.23460186
2191.62463117
2192.01466048
2192.40468979
2192.79471910
2193.18474841
2193.57477772
2193.96480703
2194.35483634
2194.74486566
2195.13489497
2195.52492428
2195.91495359
2196.30498290
2196.69501221
2197.08504152
2197.47507083
2197.86510015
2198.25512946
2198.64515877
2199.03518808
2199.42521739
2199.81524670
2200.20527601
2200.59530532
2200.98533463
2201.37536395
2201.76539326
2202.15542257
2202.54545188
2202.93548119
2203.32551050
2203.71553981
2204.10556912
2204.49559844
2204.88562775
2205.27565706
2205.66568637
2206.05571568
2206.44574499
2206.83577430
2207.22580361
2207.61583292
2208.00586224
2208.39589155
2208.78592086
2209.17595017
2209.56597948
2209.95600879
2210.34603810
2210.73606741
2211.12609673
2211.51612604
2211.90615535
2212.29618466
2212.68621397
2213.07624328
2213.46627259
2213.85630190
2214.24633121
2214.63636053
2215.02638984
2215.41641915
2215.80644846
2216.19647777
2216.58650708
2216.97653639
2217.36656570
2217.75659502
2218.14662433
2218.53665364
2218.92668295
2219.31671226
2219.70674157
2220.09677088
2220.48680019
2220.87682950
2221.26685882
2221.65688813
2222.04691744
2222.43694675
2222.82697606
2223.21700537
2223.60703468
2223.99706399
2224.38709331
2224.77712262
2225.16715193
2225.55718124
2225.94721055
2226.33723986
2226.72726917
2227.11729848
2227.50732780
2227.89735711
2228.28738642
2228.67741573
2229.06744504
2229.45747435
2229.84750366
2230.23753297
2230.62756228
2231.01759160
2231.40762091
2231.79765022
2232.18767953
2232.57770884
2232.96773815
2233.35776746
2233.74779677
2234.13782609
2234.52785540
2234.91788471
2235.30791402
2235.69794333
2236.08797264
2236.47800195
2236.86803126
2237.25806057
2237.64808989
2238.03811920
2238.42814851
2238.81817782
2239.20820713
2239.59823644
2239.98826575
2240.37829506
2240.76832438
2241.15835369
2241.54838300
2241.93841231
2242.32844162
2242.71847093
2243.10850024
2243.49852955
2243.88855886
2244.27858818
2244.66861749
2245.05864680
2245.44867611
2245.83870542
2246.22873473
2246.61876404
2247.00879335
2247.39882267
2247.78885198
2248.17888129
2248.56891060
2248.95893991
2249.34896922
2249.73899853
2250.12902784
2250.51905715
2250.90908647
2251.29911578
2251.68914509
2252.07917440
2252.46920371
2252.85923302
2253.24926233
2253.63929164
2254.02932096
2254.41935027
2254.80937958
2255.19940889
2255.58943820
2255.97946751
2256.36949682
2256.75952613
2257.14955544
2257.53958476
2257.92961407
2258.31964338
2258.70967269
2259.09970200
2259.48973131
2259.87976062
2260.26978993
2260.65981925
2261.04984856
2261.43987787
2261.82990718
2262.21993649
2262.60996580
2262.99999511
2263.39002442
2263.78005373
2264.17008305
2264.56011236
2264.95014167
2265.34017098
2265.73020029
2266.12022960
2266.51025891
2266.90028822
2267.29031754
2267.68034685
2268.07037616
2268.46040547
2268.85043478
2269.24046409
2269.63049340
2270.02052271
2270.41055202
2270.80058134
2271.19061065
2271.58063996
2271.97066927
2272.36069858
2272.75072789
2273.14075720
2273.53078651
2273.92081583
2274.31084514
2274.70087445
2275.09090376
2275.48093307
2275.87096238
2276.26099169
2276.65102100
2277.04105031
2277.43107963
2277.82110894
2278.21113825
2278.60116756
2278.99119687
2279.38122618
2279.77125549
2280.16128480
2280.55131412
2280.94134343
2281.33137274
2281.72140205
2282.11143136
2282.50146067
2282.89148998
2283.28151929
2283.67154860
2284.06157792
2284.45160723
2284.84163654
2285.23166585
2285.62169516
2286.01172447
2286.40175378
2286.79178309
2287.18181241
2287.57184172
2287.96187103
2288.35190034
2288.74192965
2289.13195896
2289.52198827
2289.91201758
2290.30204690
2290.69207621
2291.08210552
2291.47213483
2291.86216414
2292.25219345
2292.64222276
2293.03225207
2293.42228138
2293.81231070
2294.20234001
2294.59236932
2294.98239863
2295.37242794
2295.76245725
2296.15248656
2296.54251587
2296.93254519
2297.32257450
2297.71260381
2298.10263312
2298.49266243
2298.88269174
2299.27272105
2299.66275036
2300.05277967
2300.44280899
2300.83283830
2301.22286761
2301.61289692
2302.00292623
2302.39295554
2302.78298485
2303.17301416
2303.56304348
2303.95307279
2304.34310210
2304.73313141
2305.12316072
2305.51319003
2305.90321934
2306.29324865
2306.68327796
2307.07330728
2307.46333659
2307.85336590
2308.24339521
2308.63342452
2309.02345383
2309.41348314
2309.80351245
2310.19354177
2310.58357108
2310.97360039
2311.36362970
2311.75365901
2312.14368832
2312.53371763
2312.92374694
2313.31377625
2313.70380557
2314.09383488
2314.48386419
2314.87389350
2315.26392281
2315.65395212
2316.04398143
2316.43401074
2316.82404006
2317.21406937
2317.60409868
2317.99412799
2318.38415730
2318.77418661
2319.16421592
2319.55424523
2319.94427454
2320.33430386
2320.72433317
2321.11436248
2321.50439179
2321.89442110
2322.28445041
2322.67447972
2323.06450903
2323.45453835
2323.84456766
2324.23459697
2324.62462628
2325.01465559
2325.40468490
2325.79471421
2326.18474352
2326.57477283
2326.96480215
2327.35483146
2327.74486077
2328.13489008
2328.52491939
2328.91494870
2329.30497801
2329.69500732
2330.08503664
2330.47506595
2330.86509526
2331.25512457
2331.64515388
2332.03518319
2332.42521250
2332.81524181
2333.20527112
2333.59530044
2333.98532975
2334.37535906
2334.76538837
2335.15541768
2335.54544699
2335.93547630
2336.32550561
2336.71553493
2337.10556424
2337.49559355
2337.88562286
2338.27565217
2338.66568148
2339.05571079
2339.44574010
2339.83576941
2340.22579873
2340.61582804
2341.00585735
2341.39588666
2341.78591597
2342.17594528
2342.56597459
2342.95600390
2343.34603322
2343.73606253
2344.12609184
2344.51612115
2344.90615046
2345.29617977
2345.68620908
2346.07623839
2346.46626770
2346.85629702
2347.24632633
2347.63635564
2348.02638495
2348.41641426
2348.80644357
2349.19647288
2349.58650219
2349.97653151
2350.36656082
2350.75659013
2351.14661944
2351.53664875
2351.92667806
2352.31670737
2352.70673668
2353.09676600
2353.48679531
2353.87682462
2354.26685393
2354.65688324
2355.04691255
2355.43694186
2355.82697117
2356.21700048
2356.60702980
2356.99705911
2357.38708842
2357.77711773
2358.16714704
2358.55717635
2358.94720566
2359.33723497
2359.72726429
2360.11729360
2360.50732291
2360.89735222
2361.28738153
2361.67741084
2362.06744015
2362.45746946
2362.84749877
2363.23752809
2363.62755740
2364.01758671
2364.40761602
2364.79764533
2365.18767464
2365.57770395
2365.96773326
2366.35776258
2366.74779189
2367.13782120
2367.52785051
2367.91787982
2368.30790913
2368.69793844
2369.08796775
2369.47799706
2369.86802638
2370.25805569
2370.64808500
2371.03811431
2371.42814362
2371.81817293
2372.20820224
2372.59823155
2372.98826087
2373.37829018
2373.76831949
2374.15834880
2374.54837811
2374.93840742
2375.32843673
2375.71846604
2376.10849535
2376.49852467
2376.88855398
2377.27858329
2377.66861260
2378.05864191
2378.44867122
2378.83870053
2379.22872984
2379.61875916
2380.00878847
2380.39881778
2380.78884709
2381.17887640
2381.56890571
2381.95893502
2382.34896433
2382.73899364
2383.12902296
2383.51905227
2383.90908158
2384.29911089
2384.68914020
2385.07916951
2385.46919882
2385.85922813
2386.24925745
2386.63928676
2387.02931607
2387.41934538
2387.80937469
2388.19940400
2388.58943331
2388.97946262
2389.36949193
2389.75952125
2390.14955056
2390.53957987
2390.92960918
2391.31963849
2391.70966780
2392.09969711
2392.48972642
2392.87975574
2393.26978505
2393.65981436
2394.04984367
2394.43987298
2394.82990229
2395.21993160
2395.60996091
2395.99999022
2396.39001954
2396.78004885
2397.17007816
2397.56010747
2397.95013678
2398.34016609
2398.73019540
2399.12022471
2399.51025403
2399.90028334
2400.29031265
2400.68034196
2401.07037127
2401.46040058
2401.85042989
2402.24045920
2402.63048851
2403.02051783
2403.41054714
2403.80057645
2404.19060576
2404.58063507
2404.97066438
2405.36069369
2405.75072300
2406.14075232
2406.53078163
2406.92081094
2407.31084025
2407.70086956
2408.09089887
2408.48092818
2408.87095749
2409.26098680
2409.65101612
2410.04104543
2410.43107474
2410.82110405
2411.21113336
2411.60116267
2411.99119198
2412.38122129
2412.77125061
2413.16127992
2413.55130923
2413.94133854
2414.33136785
2414.72139716
2415.11142647
2415.50145578
2415.89148510
2416.28151441
2416.67154372
2417.06157303
2417.45160234
2417.84163165
2418.23166096
2418.62169027
2419.01171958
2419.40174890
2419.79177821
2420.18180752
2420.57183683
2420.96186614
2421.35189545
2421.74192476
2422.13195407
2422.52198339
2422.91201270
2423.30204201
2423.69207132
2424.08210063
2424.47212994
2424.86215925
2425.25218856
2425.64221787
2426.03224719
2426.42227650
2426.81230581
2427.20233512
2427.59236443
2427.98239374
2428.37242305
2428.76245236
2429.15248168
2429.54251099
2429.93254030
2430.32256961
2430.71259892
2431.10262823
2431.49265754
2431.88268685
2432.27271616
2432.66274548
2433.05277479
2433.44280410
2433.83283341
2434.22286272
2434.61289203
2435.00292134
2435.39295065
2435.78297997
2436.17300928
2436.56303859
2436.95306790
2437.34309721
2437.73312652
2438.12315583
2438.51318514
2438.90321445
2439.29324377
2439.68327308
2440.07330239
2440.46333170
2440.85336101
2441.24339032
2441.63341963
2442.02344894
2442.41347826
2442.80350757
2443.19353688
2443.58356619
2443.97359550
2444.36362481
2444.75365412
2445.14368343
2445.53371274
2445.92374206
2446.31377137
2446.70380068
2447.09382999
2447.48385930
2447.87388861
2448.26391792
2448.65394723
2449.04397655
2449.43400586
2449.82403517
2449.84460127
2450.23365307
2450.62270486
2451.01175666
2451.40080845
2451.78986025
2452.17891204
2452.56796384
2452.95701563
2453.34606743
2453.73511922
2454.12417102
2454.51322281
2454.90227461
2455.29132640
2455.68037820
2456.06942999
2456.45848179
2456.84753358
2457.23658538
2457.62563717
2458.01468897
2458.40374076
2458.79279256
2459.18184435
2459.57089615
2459.95994794
2460.34899974
2460.73805153
2461.12710333
2461.51615512
2461.90520692
2462.29425871
2462.68331051
2463.07236230
2463.46141410
2463.85046589
2464.23951769
2464.62856948
2465.01762128
2465.40667307
2465.79572487
2466.18477666
2466.57382846
2466.96288025
2467.35193205
2467.74098384
2468.13003564
2468.51908743
2468.90813923
2469.29719102
2469.68624282
2470.07529461
2470.46434641
2470.85339820
2471.24245000
2471.63150179
2472.02055359
2472.40960538
2472.79865718
2473.18770897
2473.57676077
2473.96581256
2474.35486436
2474.74391615
2475.13296795
2475.52201974
2475.91107154
2476.30012333
2476.68917513
2477.07822692
2477.46727872
2477.85633051
2478.24538231
2478.63443410
2479.02348590
2479.41253769
2479.80158949
2480.19064128
2480.57969308
2480.96874487
2481.35779667
2481.74684846
2482.13590026
2482.52495205
2482.91400385
2483.30305564
2483.69210744
2484.08115923
2484.47021103
2484.85926282
2485.24831462
2485.63736641
2486.02641821
2486.41547000
2486.80452180
2487.19357359
2487.58262539
2487.97167718
2488.36072898
2488.74978077
2489.13883257
2489.52788436
2489.91693616
2490.30598795
2490.69503975
2491.08409154
2491.47314334
2491.86219513
2492.25124693
2492.64029872
2493.02935052
2493.41840231
2493.80745411
2494.19650590
2494.58555770
2494.97460949
2495.36366129
2495.75271308
2496.14176488
2496.53081667
2496.91986847
2497.30892026
2497.69797206
2498.08702385
2498.47607565
2498.86512744
2499.25417924
2499.64323103
2500.03228283
2500.42133462
2500.81038642
2501.19943821
2501.58849001
2501.97754180
2502.36659360
2502.75564539
2503.14469719
2503.53374898
2503.92280078
2504.31185257
2504.70090437
2505.08995616
2505.47900796
2505.86805975
2506.25711155
2506.64616334
2507.03521514
2507.42426693
2507.81331873
2508.20237052
2508.59142232
2508.98047411
2509.36952591
2509.75857770
2510.14762950
2510.53668129
2510.92573309
2511.31478488
2511.70383668
2512.09288847
2512.48194027
2512.87099206
2513.26004386
2513.64909565
2514.03814745
2514.42719924
2514.81625104
2515.20530283
2515.59435463
2515.98340642
2516.37245822
2516.76151001
2517.15056181
2517.53961360
2517.92866540
2518.31771719
2518.70676899
2519.09582078
2519.48487258
2519.87392437
2520.26297617
2520.65202796
2521.04107976
2521.43013155
2521.81918335
2522.20823514
2522.59728694
2522.98633873
2523.37539053
2523.76444232
2524.15349412
2524.54254591
2524.93159771
2525.32064950
2525.70970130
2526.09875309
2526.48780489
2526.87685668
2527.26590848
2527.65496027
2528.04401207
2528.43306386
2528.82211566
2529.21116745
2529.60021925
2529.98927104
2530.37832284
2530.76737463
2531.15642643
2531.54547822
2531.93453002
2532.32358181
2532.71263361
2533.10168540
2533.49073720
2533.87978899
2534.26884079
2534.65789258
2535.04694438
2535.43599617
2535.82504797
2536.21409976
2536.60315156
2536.99220335
2537.38125515
2537.77030694
2538.15935874
2538.54841053
2538.93746233
2539.32651412
2539.71556592
2540.10461771
2540.49366951
2540.88272130
2541.27177310
2541.66082489
2542.04987669
2542.43892848
2542.82798028
2543.21703207
2543.60608387
2543.99513566
2544.38418746
2544.77323925
2545.16229105
2545.55134284
2545.94039464
2546.32944643
2546.71849823
2547.10755002
2547.49660182
2547.88565361
2548.27470541
2548.66375721
2549.05280900
2549.44186080
2549.83091259
2550.21996439
2550.60901618
2550.99806798
2551.38711977
2551.77617157
2552.16522336
2552.55427516
2552.94332695
2553.33237875
2553.72143054
2554.11048234
2554.49953413
2554.88858593
2555.27763772
2555.66668952
2556.05574131
2556.44479311
2556.83384490
2557.22289670
2557.61194849
2558.00100029
2558.39005208
2558.77910388
2559.16815567
2559.55720747
2559.94625926
2560.33531106
2560.72436285
2561.11341465
2561.50246644
2561.89151824
2562.28057003
2562.66962183
2563.05867362
2563.44772542
2563.83677721
2564.22582901
2564.61488080
2565.00393260
2565.39298439
2565.78203619
2566.17108798
2566.56013978
2566.94919157
2567.33824337
2567.72729516
2568.11634696
2568.50539875
2568.89445055
2569.28350234
2569.67255414
2570.06160593
2570.45065773
2570.83970952
2571.22876132
2571.61781311
2572.00686491
2572.39591670
2572.78496850
2573.17402029
2573.56307209
2573.95212388
2574.34117568
2574.73022747
2575.11927927
2575.50833106
2575.89738286
2576.28643465
2576.67548645
2577.06453824
2577.45359004
2577.84264183
2578.23169363
2578.62074542
2579.00979722
2579.39884901
2579.78790081
2580.17695260
2580.56600440
2580.95505619
2581.34410799
2581.73315978
2582.12221158
2582.51126337
2582.90031517
2583.28936696
2583.67841876
2584.06747055
2584.45652235
2584.84557414
2585.23462594
2585.62367773
2586.01272953
2586.40178132
2586.79083312
2587.17988491
2587.56893671
2587.95798850
2588.34704030
2588.73609209
2589.12514389
2589.51419568
2589.90324748
2590.29229927
2590.68135107
2591.07040286
2591.45945466
2591.84850645
2592.23755825
2592.62661004
2593.01566184
2593.40471363
2593.79376543
2594.18281722
2594.57186902
2594.96092081
2595.34997261
2595.73902440
2596.12807620
2596.51712799
2596.90617979
2597.29523158
2597.68428338
2598.07333517
2598.46238697
2598.85143876
2599.24049056
2599.62954235
2600.01859415
2600.40764594
2600.79669774
2601.18574953
2601.57480133
2601.96385312
2602.35290492
2602.74195671
2603.13100851
2603.52006030
2603.90911210
2604.29816389
2604.68721569
2605.07626748
2605.46531928
2605.85437107
2606.24342287
2606.63247466
2607.02152646
2607.41057825
2607.79963005
2608.18868184
2608.57773364
2608.96678543
2609.35583723
2609.74488902
2610.13394082
2610.52299261
2610.91204441
2611.30109620
2611.69014800
2612.07919979
2612.46825159
2612.85730338
2613.24635518
2613.63540697
2614.02445877
2614.41351056
2614.80256236
2615.19161415
2615.58066595
2615.96971774
2616.35876954
2616.74782133
2617.13687313
2617.52592492
2617.91497672
2618.30402851
2618.69308031
2619.08213210
2619.47118390
2619.86023569
2620.24928749
2620.63833928
2621.02739108
2621.41644287
2621.80549467
2622.19454646
2622.58359826
2622.97265005
2623.36170185
2623.75075364
2624.13980544
2624.52885723
2624.91790903
2625.30696082
2625.69601262
2626.08506441
2626.47411621
2626.86316800
2627.25221980
2627.64127159
2628.03032339
2628.41937518
2628.80842698
2629.19747877
2629.58653057
2629.97558236
2630.36463416
2630.75368595
2631.14273775
2631.53178954
2631.92084134
2632.30989313
2632.69894493
2633.08799672
2633.47704852
2633.86610031
2634.25515211
2634.64420390
2635.03325570
2635.42230749
2635.81135929
2636.20041108
2636.58946288
2636.97851467
2637.36756647
2637.75661826
2638.14567006
2638.53472185
2638.92377365
2639.31282544
2639.70187724
2640.09092903
2640.47998083
2640.86903262
2641.25808442
2641.64713621
2642.03618801
2642.42523980
2642.81429160
2643.20334339
2643.59239519
2643.98144698
2644.37049878
2644.75955057
2645.14860237
2645.53765416
2645.92670596
2646.31575775
2646.70480955
2647.09386134
2647.48291314
2647.87196493
2648.26101673
2648.65006852
2649.03912032
2649.42817211
2649.81722391
2650.20627570
2650.59532750
2650.98437929
2651.37343109
2651.76248288
2652.15153468
2652.54058647
2652.92963827
2653.31869006
2653.70774186
2654.09679365
2654.48584545
2654.87489724
2655.26394904
2655.65300083
2656.04205263
2656.43110442
2656.82015622
2657.20920801
2657.59825981
2657.98731160
2658.37636340
2658.76541519
2659.15446699
2659.54351878
2659.93257058
2660.32162237
2660.71067417
2661.09972596
2661.48877776
2661.87782955
2662.26688135
2662.65593314
2663.04498494
2663.43403673
2663.82308853
2664.21214032
2664.60119212
2664.99024391
2665.37929571
2665.76834750
2666.15739930
2666.54645109
2666.93550289
2667.32455468
2667.71360648
2668.10265827
2668.49171007
2668.88076186
2669.26981366
2669.65886545
2670.04791725
2670.43696904
2670.82602084
2671.21507263
2671.60412443
2671.99317622
2672.38222802
2672.77127981
2673.16033161
2673.54938340
2673.93843520
2674.32748699
2674.71653879
2675.10559058
2675.49464238
2675.88369417
2676.27274597
2676.66179776
2677.05084956
2677.43990135
2677.82895315
2678.21800494
2678.60705674
2678.99610853
2679.38516033
2679.77421212
2680.16326392
2680.55231571
2680.94136751
2681.33041930
2681.71947110
2682.10852289
2682.49757469
2682.88662648
2683.27567828
2683.66473007
2684.05378187
2684.44283366
2684.83188546
2685.22093725
2685.60998905
2685.99904084
2686.38809264
2686.77714443
2687.16619623
2687.55524802
2687.94429982
2688.33335161
2688.72240341
2689.11145520
2689.50050700
2689.88955879
2690.27861059
2690.66766238
2691.05671418
2691.44576597
2691.83481777
2692.22386956
2692.61292136
2693.00197315
2693.39102495
2693.78007674
2694.16912854
2694.55818033
2694.94723213
2695.33628392
2695.72533572
2696.11438751
2696.50343931
2696.89249110
2697.28154290
2697.67059469
2698.05964649
2698.44869828
2698.83775008
2699.22680187
2699.61585367
2700.00490546
2700.39395726
2700.78300905
2701.17206085
2701.56111264
2701.95016444
2702.33921623
2702.72826803
2703.11731982
2703.50637162
2703.89542341
2704.28447521
2704.67352700
2705.06257880
2705.45163059
2705.84068239
2706.22973418
2706.61878598
2707.00783777
2707.39688957
2707.78594136
2708.17499316
2708.56404495
2708.95309675
2709.34214854
2709.73120034
2710.12025213
2710.50930393
2710.89835572
2711.28740752
2711.67645931
2712.06551111
2712.45456290
2712.84361470
2713.23266649
2713.62171829
2714.01077008
2714.39982188
2714.78887367
2715.17792547
2715.56697726
2715.95602906
2716.34508085
2716.73413265
2717.12318444
2717.51223624
2717.90128803
2718.29033983
2718.67939162
2719.06844342
2719.45749521
2719.84654701
2720.23559880
2720.62465060
2721.01370239
2721.40275419
2721.79180598
2722.18085778
2722.56990957
2722.95896137
2723.34801316
2723.73706496
2724.12611675
2724.51516855
2724.90422034
2725.29327214
2725.68232393
2726.07137573
2726.46042752
2726.84947932
2727.23853111
2727.62758291
2728.01663470
2728.40568650
2728.79473829
2729.18379009
2729.57284188
2729.96189368
2730.35094547
2730.73999727
2731.12904906
2731.51810086
2731.90715265
2732.29620445
2732.68525624
2733.07430804
2733.46335983
2733.85241163
2734.24146342
2734.63051522
2735.01956701
2735.40861881
2735.79767060
2736.18672240
2736.57577419
2736.96482599
2737.35387778
2737.74292958
2738.13198137
2738.52103317
2738.91008496
2739.29913676
2739.68818855
2740.07724035
2740.46629214
2740.85534394
2741.24439573
2741.63344753
2742.02249932
2742.41155112
2742.80060291
2743.18965471
2743.57870650
2743.96775830
2744.35681009
2744.74586189
2745.13491368
2745.52396548
2745.91301727
2746.30206907
2746.69112086
2747.08017266
2747.46922445
2747.85827625
2748.24732804
2748.63637984
2749.02543163
2749.41448343
2749.80353522
2750.19258702
2750.58163881
2750.97069061
2751.35974240
2751.74879420
2752.13784599
2752.52689779
2752.91594958
2753.30500138
2753.69405317
2754.08310497
2754.47215676
2754.86120856
2755.25026035
2755.63931215
2756.02836394
2756.41741574
2756.80646753
2757.19551933
2757.58457112
2757.97362292
2758.36267471
2758.75172651
2759.14077830
2759.52983010
2759.91888189
2760.30793369
2760.69698548
2761.08603728
2761.47508907
2761.86414087
2762.25319266
2762.64224446
2763.03129625
2763.42034805
2763.80939984
2764.19845164
2764.58750343
2764.97655523
2765.36560702
2765.75465882
2766.14371061
2766.53276241
2766.92181420
2767.31086600
2767.69991779
2768.08896959
2768.47802138
2768.86707318
2769.25612497
2769.64517677
2770.03422856
2770.42328036
2770.81233215
2771.20138395
2771.59043574
2771.97948754
2772.36853933
2772.75759113
2773.14664292
2773.53569472
2773.92474651
2774.31379831
2774.70285010
2775.09190190
2775.48095369
2775.87000549
2776.25905728
2776.64810908
2777.03716087
2777.42621267
2777.81526446
2778.20431626
2778.59336805
2778.98241985
2779.37147164
2779.76052344
2780.14957523
2780.53862703
2780.92767882
2781.31673062
2781.70578241
2782.09483421
2782.48388600
2782.87293780
2783.26198959
2783.65104139
2784.04009318
2784.42914498
2784.81819677
2785.20724857
2785.59630036
2785.98535216
2786.37440395
2786.76345575
2787.15250754
2787.54155934
2787.93061113
2788.31966293
2788.70871472
2789.09776652
2789.48681831
2789.87587011
2790.26492190
2790.65397370
2791.04302549
2791.43207729
2791.82112908
2792.21018088
2792.59923267
2792.98828447
2793.37733626
2793.76638806
2794.15543985
2794.54449165
2794.93354344
2795.32259524
2795.71164703
2796.10069883
2796.48975062
2796.87880242
2797.26785421
2797.65690601
2798.04595780
2798.43500960
2798.82406139
2799.21311319
2799.60216498
2799.99121678
2800.38026857
2800.76932037
2801.15837216
2801.54742396
2801.93647575
2802.32552755
2802.71457934
2803.10363114
2803.49268293
2803.88173473
2804.27078652
2804.65983832
2805.04889011
2805.43794191
2805.82699370
2806.21604550
2806.60509729
2806.99414909
2807.38320088
2807.77225268
2808.16130447
2808.55035627
2808.93940806
2809.32845986
2809.71751165
2810.10656345
2810.49561524
2810.88466704
2811.27371883
2811.66277063
2812.05182242
2812.44087422
2812.82992601
2813.21897781
2813.60802960
2813.99708140
2814.38613319
2814.77518499
2815.16423678
2815.55328858
2815.94234037
2816.33139217
2816.72044396
2817.10949576
2817.49854755
2817.88759935
2818.27665114
2818.66570294
2819.05475473
2819.44380653
2819.83285832
2820.22191012
2820.61096191
2821.00001371
2821.38906550
2821.77811730
2822.16716909
2822.55622089
2822.94527268
2823.33432448
2823.72337627
2824.11242807
2824.50147986
2824.89053166
2825.27958345
2825.66863525
2826.05768704
2826.44673884
2826.83579063
2827.22484243
2827.61389422
2828.00294602
2828.39199781
2828.78104961
2829.17010140
2829.55915320
2829.94820499
2830.33725679
2830.72630858
2831.11536038
2831.50441217
2831.89346397
2832.28251576
2832.67156756
2833.06061935
2833.44967115
2833.83872294
2834.22777474
2834.61682653
2835.00587833
2835.39493012
2835.78398192
2836.17303371
2836.56208551
2836.95113730
2837.34018910
2837.72924089
2838.11829269
2838.50734448
2838.89639628
2839.28544807
2839.67449987
2840.06355166
2840.45260346
2840.84165525
2841.23070705
2841.61975884
2842.00881064
2842.39786243
2842.78691423
2843.17596602
2843.56501782
2843.95406961
2844.34312141
2844.73217320
2845.12122500
2845.51027679
2845.89932859
2846.28838038
2846.67743218
2847.06648397
2847.45553577
2847.84458756
2848.23363936
2848.62269115
2849.01174295
2849.40079474
2849.78984654
2850.17889833
2850.56795013
2850.95700192
2851.34605372
2851.73510551
2852.12415731
2852.51320910
2852.90226090
2853.29131269
2853.68036449
2854.06941628
2854.45846808
2854.84751987
2855.23657167
2855.62562346
2856.01467526
2856.40372705
2856.79277885
2857.18183064
2857.57088244
2857.95993423
2858.34898603
2858.73803782
2859.12708962
2859.51614141
2859.90519321
2860.29424500
2860.68329680
2861.07234859
2861.46140039
2861.85045218
2862.23950398
2862.62855577
2863.01760757
2863.40665936
2863.79571116
2864.18476295
2864.57381475
2864.96286654
2865.35191834
2865.74097013
2866.13002193
2866.51907372
2866.90812552
2867.29717731
2867.68622911
2868.07528090
2868.46433270
2868.85338449
2869.24243629
2869.63148808
2870.02053988
2870.40959167
2870.79864347
2871.18769526
2871.57674706
2871.96579885
2872.35485065
2872.74390244
2873.13295424
2873.52200603
2873.91105783
2874.30010962
2874.68916142
2875.07821321
2875.46726501
2875.85631680
2876.24536860
2876.63442039
2877.02347219
2877.41252398
2877.80157578
2878.19062757
2878.57967937
2878.96873116
2879.35778296
2879.74683475
2880.13588655
2880.52493834
2880.91399014
2881.30304193
2881.69209373
2882.08114552
2882.47019732
2882.85924911
2883.24830091
2883.63735271
2884.02640450
2884.41545630
2884.80450809
2885.19355989
2885.58261168
2885.97166348
2886.36071527
2886.74976707
2887.13881886
2887.52787066
2887.91692245
2888.30597425
2888.69502604
2889.08407784
2889.47312963
2889.86218143
2890.25123322
2890.64028502
2891.02933681
2891.41838861
2891.80744040
2892.19649220
2892.58554399
2892.97459579
2893.36364758
2893.75269938
2894.14175117
2894.53080297
2894.91985476
2895.30890656
2895.69795835
2896.08701015
2896.47606194
2896.86511374
2897.25416553
2897.64321733
2898.03226912
2898.42132092
2898.81037271
2899.19942451
2899.58847630
2899.97752810
2900.36657989
2900.75563169
2901.14468348
2901.53373528
2901.92278707
2902.31183887
2902.70089066
2903.08994246
2903.47899425
2903.86804605
2904.25709784
2904.64614964
2905.03520143
2905.42425323
2905.81330502
2906.20235682
2906.59140861
2906.98046041
2907.36951220
2907.75856400
2908.14761579
2908.53666759
2908.92571938
2909.31477118
2909.70382297
2910.09287477
2910.48192656
2910.87097836
2911.26003015
2911.64908195
2912.03813374
2912.42718554
2912.81623733
2913.20528913
2913.59434092
2913.98339272
2914.37244451
2914.76149631
2915.15054810
2915.53959990
2915.92865169
2916.31770349
2916.70675528
2917.09580708
2917.48485887
2917.87391067
2918.26296246
2918.65201426
2919.04106605
2919.43011785
2919.81916964
2920.20822144
2920.59727323
2920.98632503
2921.37537682
2921.76442862
2922.15348041
2922.54253221
2922.93158400
2923.32063580
2923.70968759
2924.09873939
2924.48779118
2924.87684298
2925.26589477
2925.65494657
2926.04399836
2926.43305016
2926.82210195
2927.21115375
2927.60020554
2927.98925734
2928.37830913
2928.76736093
2929.15641272
2929.54546452
2929.93451631
2930.32356811
2930.71261990
2931.10167170
2931.49072349
2931.87977529
2932.26882708
2932.65787888
2933.04693067
2933.43598247
2933.82503426
2934.21408606
2934.60313785
2934.99218965
2935.38124144
2935.77029324
2936.15934503
2936.54839683
2936.93744862
2937.32650042
2937.71555221
2938.10460401
2938.49365580
2938.88270760
2939.27175939
2939.66081119
2940.04986298
2940.43891478
2940.82796657
2941.21701837
2941.60607016
2941.99512196
2942.38417375
2942.77322555
2943.16227734
2943.55132914
2943.94038093
2944.32943273
2944.71848452
2945.10753632
2945.49658811
2945.88563991
2946.27469170
2946.66374350
2947.05279529
2947.44184709
2947.83089888
2948.21995068
2948.60900247
2948.99805427
2949.38710606
2949.77615786
2950.16520965
2950.55426145
2950.94331324
2951.33236504
2951.72141683
2952.11046863
2952.49952042
2952.88857222
2953.27762401
2953.66667581
2954.05572760
2954.44477940
2954.83383119
2955.22288299
2955.61193478
2956.00098658
2956.39003837
2956.77909017
2957.16814196
2957.55719376
2957.94624555
2958.33529735
2958.72434914
2959.11340094
2959.50245273
2959.89150453
2960.28055632
2960.66960812
2961.05865991
2961.44771171
2961.83676350
2962.22581530
2962.61486709
2963.00391889
2963.39297068
2963.78202248
2964.17107427
2964.56012607
2964.94917786
2965.33822966
2965.72728145
2966.11633325
2966.50538504
2966.89443684
2967.28348863
2967.67254043
2968.06159222
2968.45064402
2968.83969581
2969.22874761
2969.61779940
2970.00685120
2970.39590299
2970.78495479
2971.17400658
2971.56305838
2971.95211017
2972.34116197
2972.73021376
2973.11926556
2973.50831735
2973.89736915
2974.28642094
2974.67547274
2975.06452453
2975.45357633
2975.84262812
2976.23167992
2976.62073171
2977.00978351
2977.39883530
2977.78788710
2978.17693889
2978.56599069
2978.95504248
2979.34409428
2979.73314607
2980.12219787
2980.51124966
2980.90030146
2981.28935325
2981.67840505
2982.06745684
2982.45650864
2982.84556043
2983.23461223
2983.62366402
2984.01271582
2984.40176761
2984.79081941
2985.17987120
2985.56892300
2985.95797479
2986.34702659
2986.73607838
2987.12513018
2987.51418197
2987.90323377
2988.29228556
2988.68133736
2989.07038915
2989.45944095
2989.84849274
2990.23754454
2990.62659633
2991.01564813
2991.40469992
2991.79375172
2992.18280351
2992.57185531
2992.96090710
2993.34995890
2993.73901069
2994.12806249
2994.51711428
2994.90616608
2995.29521787
2995.68426967
2996.07332146
2996.46237326
2996.85142505
2997.24047685
2997.62952864
2998.01858044
2998.40763223
2998.79668403
2999.18573582
2999.57478762
2999.96383941
3000.35289121
3000.74194300
3001.13099480
3001.52004659
3001.90909839
3002.29815018
3002.68720198
3003.07625377
3003.46530557
3003.85435736
3004.24340916
3004.63246095
3005.02151275
3005.41056454
3005.79961634
3006.18866813
3006.57771993
3006.96677172
3007.35582352
3007.74487531
3008.13392711
3008.52297890
3008.91203070
3009.30108249
3009.69013429
3010.07918608
3010.46823788
3010.85728967
3011.24634147
3011.63539326
3012.02444506
3012.41349685
3012.80254865
3013.19160044
3013.58065224
3013.96970403
3014.35875583
3014.74780762
3015.13685942
3015.52591121
3015.91496301
3016.30401480
3016.69306660
3017.08211839
3017.47117019
3017.86022198
3018.24927378
3018.63832557
3019.02737737
3019.41642916
3019.80548096
3020.19453275
3020.58358455
3020.97263634
3021.36168814
3021.75073993
3022.13979173
3022.52884352
3022.91789532
3023.30694711
3023.69599891
3024.08505070
3024.47410250
3024.86315429
3025.25220609
3025.64125788
3026.03030968
3026.41936147
3026.80841327
3027.19746506
3027.58651686
3027.97556865
3028.36462045
3028.75367224
3029.14272404
3029.53177583
3029.92082763
3030.30987942
3030.69893122
3031.08798301
3031.47703481
3031.86608660
3032.25513840
3032.64419019
3033.03324199
3033.42229378
3033.81134558
3034.20039737
3034.58944917
3034.97850096
3035.36755276
3035.75660455
3036.14565635
3036.53470814
3036.92375994
3037.31281173
3037.70186353
3038.09091532
3038.47996712
3038.86901891
3039.25807071
3039.64712250
3040.03617430
3040.42522609
3040.81427789
3041.20332968
3041.59238148
3041.98143327
3042.37048507
3042.75953686
3043.14858866
3043.53764045
3043.92669225
3044.31574404
3044.70479584
3045.09384763
3045.48289943
3045.87195122
3046.26100302
3046.65005481
3047.03910661
3047.42815840
3047.81721020
3048.20626199
3048.59531379
3048.98436558
3049.37341738
3049.76246917
3050.15152097
3050.54057276
3050.92962456
3051.31867635
3051.70772815
3052.09677994
3052.48583174
3052.87488353
3053.26393533
3053.65298712
3054.04203892
3054.43109071
3054.82014251
3055.20919430
3055.59824610
3055.98729789
3056.37634969
3056.76540148
3057.15445328
3057.54350507
3057.93255687
3058.32160866
3058.71066046
3059.09971225
3059.48876405
3059.87781584
3060.26686764
3060.65591943
3061.04497123
3061.43402302
3061.82307482
3062.21212661
3062.60117841
3062.99023020
3063.37928200
3063.76833379
3064.15738559
3064.54643738
3064.93548918
3065.32454097
3065.71359277
3066.10264456
3066.49169636
3066.88074815
3067.26979995
3067.65885174
3068.04790354
3068.43695533
3068.82600713
3069.21505892
3069.60411072
3069.99316251
3070.38221431
3070.77126610
3071.16031790
3071.54936969
3071.93842149
3072.32747328
3072.71652508
3073.10557687
3073.49462867
3073.88368046
3074.27273226
3074.66178405
3075.05083585
3075.43988764
3075.82893944
3076.21799123
3076.60704303
3076.99609482
3077.38514662
3077.77419841
3078.16325021
3078.55230200
3078.94135380
3079.33040559
3079.71945739
3080.10850918
3080.49756098
3080.88661277
3081.27566457
3081.66471636
3082.05376816
3082.44281995
3082.83187175
3083.22092354
3083.60997534
3083.99902713
3084.38807893
3084.77713072
3085.16618252
3085.55523431
3085.94428611
3086.33333790
3086.72238970
3087.11144149
3087.50049329
3087.88954508
3088.27859688
3088.66764867
3089.05670047
3089.44575226
3089.83480406
3090.22385585
3090.61290765
3091.00195944
3091.39101124
3091.78006303
3092.16911483
3092.55816662
3092.94721842
3093.33627021
3093.72532201
3094.11437380
3094.50342560
3094.89247739
3095.28152919
3095.67058098
3096.05963278
3096.44868457
3096.83773637
3097.22678816
3097.61583996
3098.00489175
3098.39394355
3098.78299534
3099.17204714
3099.56109893
3099.95015073
3100.33920252
3100.72825432
3101.11730611
3101.50635791
3101.89540970
3102.28446150
3102.67351329
3103.06256509
3103.45161688
3103.84066868
3104.22972047
3104.61877227
3105.00782406
3105.39687586
3105.78592765
3106.17497945
3106.56403124
3106.95308304
3107.34213483
3107.73118663
3108.12023842
3108.50929022
3108.89834201
3109.28739381
3109.67644560
3110.06549740
3110.45454919
3110.84360099
3111.23265278
3111.62170458
3112.01075637
3112.39980817
3112.78885996
3113.17791176
3113.56696355
3113.95601535
3114.34506714
3114.73411894
3115.12317073
3115.51222253
3115.90127432
3116.29032612
3116.67937791
3117.06842971
3117.45748150
3117.84653330
3118.23558509
3118.62463689
3119.01368868
3119.40274048
3119.79179227
3120.18084407
3120.56989586
3120.95894766
3121.34799945
3121.73705125
3122.12610304
3122.51515484
3122.90420663
3123.29325843
3123.68231022
3124.07136202
3124.46041381
3124.84946561
3125.23851740
3125.62756920
3126.01662099
3126.40567279
3126.79472458
3127.18377638
3127.57282817
3127.96187997
3128.35093176
3128.73998356
3129.12903535
3129.51808715
3129.90713894
3130.29619074
3130.68524253
3131.07429433
3131.46334612
3131.85239792
3132.24144971
3132.63050151
3133.01955330
3133.40860510
3133.79765689
3134.18670869
3134.57576048
3134.96481228
3135.35386407
3135.74291587
3136.13196766
3136.52101946
3136.91007125
3137.29912305
3137.68817484
3138.07722664
3138.46627843
3138.85533023
3139.24438202
3139.63343382
3140.02248561
3140.41153741
3140.80058920
3141.18964100
3141.57869279
3141.96774459
3142.35679638
3142.74584818
3143.13489997
3143.52395177
3143.91300356
3144.30205536
3144.69110715
3145.08015895
3145.46921074
3145.85826254
3146.24731433
3146.63636613
3147.02541792
3147.41446972
3147.80352151
3148.19257331
3148.58162510
3148.97067690
3149.35972869
3149.74878049
3150.13783228
3150.52688408
3150.91593587
3151.30498767
3151.69403946
3152.08309126
3152.47214305
3152.86119485
3153.25024664
3153.63929844
3154.02835023
3154.41740203
3154.80645382
3155.19550562
3155.58455741
3155.97360921
3156.36266100
3156.75171280
3157.14076459
3157.52981639
3157.91886818
3158.30791998
3158.69697177
3159.08602357
3159.47507536
3159.86412716
3160.25317895
3160.64223075
3161.03128254
3161.42033434
3161.80938613
3162.19843793
3162.58748972
3162.97654152
3163.36559331
3163.75464511
3164.14369690
3164.53274870
3164.92180049
3165.31085229
3165.69990408
3166.08895588
3166.47800767
3166.86705947
3167.25611126
3167.64516306
3168.03421485
3168.42326665
3168.81231844
3169.20137024
3169.59042203
3169.97947383
3170.36852562
3170.75757742
3171.14662921
3171.53568101
3171.92473280
3172.31378460
3172.70283639
3173.09188819
3173.48093998
3173.86999178
3174.25904357
3174.64809537
3175.03714716
3175.42619896
3175.81525075
3176.20430255
3176.59335434
3176.98240614
3177.37145793
3177.76050973
3178.14956152
3178.53861332
3178.92766511
3179.31671691
3179.70576870
3180.09482050
3180.48387229
3180.87292409
3181.26197588
3181.65102768
3182.04007947
3182.42913127
3182.81818306
3183.20723486
3183.59628665
3183.98533845
3184.37439024
3184.76344204
3185.15249383
3185.54154563
3185.93059742
3186.31964922
3186.70870101
3187.09775281
3187.48680460
3187.87585640
3188.26490819
3188.65395999
3189.04301178
3189.43206358
3189.82111537
3190.21016717
3190.59921896
3190.98827076
3191.37732255
3191.76637435
3192.15542614
3192.54447794
3192.93352973
3193.32258153
3193.71163332
3194.10068512
3194.48973691
3194.87878871
3195.26784050
3195.65689230
3196.04594409
3196.43499589
3196.82404768
3197.21309948
3197.60215127
3197.99120307
3198.38025486
3198.76930666
3199.15835845
3199.54741025
3199.93646204
3200.32551384
3200.71456563
3201.10361743
3201.49266922
3201.88172102
3202.27077281
3202.65982461
3203.04887640
3203.43792820
3203.82697999
3204.21603179
3204.60508358
3204.99413538
3205.38318717
3205.77223897
3206.16129076
3206.55034256
3206.93939435
3207.32844615
3207.71749794
3208.10654974
3208.49560153
3208.88465333
3209.27370512
3209.66275692
3210.05180871
3210.44086051
3210.82991230
3211.21896410
3211.60801589
3211.99706769
3212.38611948
3212.77517128
3213.16422307
3213.55327487
3213.94232666
3214.33137846
3214.72043025
3215.10948205
3215.49853384
3215.88758564
3216.27663743
3216.66568923
3217.05474102
3217.44379282
3217.83284461
3218.22189641
3218.61094820
3219.00000000
3219.38905180
3219.77810359
3220.16715539
3220.55620718
3220.94525898
3221.33431077
3221.72336257
3222.11241436
3222.50146616
3222.89051795
3223.27956975
3223.66862154
3224.05767334
3224.44672513
3224.83577693
3225.22482872
3225.61388052
3226.00293231
3226.39198411
3226.78103590
3227.17008770
3227.55913949
3227.94819129
3228.33724308
3228.72629488
3229.11534667
3229.50439847
3229.89345026
3230.28250206
3230.67155385
3231.06060565
3231.44965744
3231.83870924
3232.22776103
3232.61681283
3233.00586462
3233.39491642
3233.78396821
3234.17302001
3234.56207180
3234.95112360
3235.34017539
3235.72922719
3236.11827898
3236.50733078
3236.89638257
3237.28543437
3237.67448616
3238.06353796
3238.45258975
3238.84164155
3239.23069334
3239.61974514
3240.00879693
3240.39784873
3240.78690052
3241.17595232
3241.56500411
3241.95405591
3242.34310770
3242.73215950
3243.12121129
3243.51026309
3243.89931488
3244.28836668
3244.67741847
3245.06647027
3245.45552206
3245.84457386
3246.23362565
3246.62267745
3247.01172924
3247.40078104
3247.78983283
3248.17888463
3248.56793642
3248.95698822
3249.34604001
3249.73509181
3250.12414360
3250.51319540
3250.90224719
3251.29129899
3251.68035078
3252.06940258
3252.45845437
3252.84750617
3253.23655796
3253.62560976
3254.01466155
3254.40371335
3254.79276514
3255.18181694
3255.57086873
3255.95992053
3256.34897232
3256.73802412
3257.12707591
3257.51612771
3257.90517950
3258.29423130
3258.68328309
3259.07233489
3259.46138668
3259.85043848
3260.23949027
3260.62854207
3261.01759386
3261.40664566
3261.79569745
3262.18474925
3262.57380104
3262.96285284
3263.35190463
3263.74095643
3264.13000822
3264.51906002
3264.90811181
3265.29716361
3265.68621540
3266.07526720
3266.46431899
3266.85337079
3267.24242258
3267.63147438
3268.02052617
3268.40957797
3268.79862976
3269.18768156
3269.57673335
3269.96578515
3270.35483694
3270.74388874
3271.13294053
3271.52199233
3271.91104412
3272.30009592
3272.68914771
3273.07819951
3273.46725130
3273.85630310
3274.24535489
3274.63440669
3275.02345848
3275.41251028
3275.80156207
3276.19061387
3276.57966566
3276.96871746
3277.35776925
3277.74682105
3278.13587284
3278.52492464
3278.91397643
3279.30302823
3279.69208002
3280.08113182
3280.47018361
3280.85923541
3281.24828720
3281.63733900
3282.02639079
3282.41544259
3282.80449438
3283.19354618
3283.58259797
3283.97164977
3284.36070156
3284.74975336
3285.13880515
3285.52785695
3285.91690874
3286.30596054
3286.69501233
3287.08406413
3287.47311592
3287.86216772
3288.25121951
3288.64027131
3289.02932310
3289.41837490
3289.80742669
3290.19647849
3290.58553028
3290.97458208
3291.36363387
3291.75268567
3292.14173746
3292.53078926
3292.91984105
3293.30889285
3293.69794464
3294.08699644
3294.47604823
3294.86510003
3295.25415182
3295.64320362
3296.03225541
3296.42130721
3296.81035900
3297.19941080
3297.58846259
3297.97751439
3298.36656618
3298.75561798
3299.14466977
3299.53372157
3299.92277336
3300.31182516
3300.70087695
3301.08992875
3301.47898054
3301.86803234
3302.25708413
3302.64613593
3303.03518772
3303.42423952
3303.81329131
3304.20234311
3304.59139490
3304.98044670
3305.36949849
3305.75855029
3306.14760208
3306.53665388
3306.92570567
3307.31475747
3307.70380926
3308.09286106
3308.48191285
3308.87096465
3309.26001644
3309.64906824
3310.03812003
3310.42717183
3310.81622362
3311.20527542
3311.59432721
3311.98337901
3312.37243080
3312.76148260
3313.15053439
3313.53958619
3313.92863798
3314.31768978
3314.70674157
3315.09579337
3315.48484516
3315.87389696
3316.26294875
3316.65200055
3317.04105234
3317.43010414
3317.81915593
3318.20820773
3318.59725952
3318.98631132
3319.37536311
3319.76441491
3320.15346670
3320.54251850
3320.93157029
3321.32062209
3321.70967388
3322.09872568
3322.48777747
3322.87682927
3323.26588106
3323.65493286
3324.04398465
3324.43303645
3324.82208824
3325.21114004
3325.60019183
3325.98924363
3326.37829542
3326.76734722
3327.15639901
3327.54545081
3327.93450260
3328.32355440
3328.71260619
3329.10165799
3329.49070978
3329.87976158
3330.26881337
3330.65786517
3331.04691696
3331.43596876
3331.82502055
3332.21407235
3332.60312414
3332.99217594
3333.38122773
3333.77027953
3334.15933132
3334.54838312
3334.93743491
3335.32648671
3335.71553850
3336.10459030
3336.49364209
3336.88269389
3337.27174568
3337.66079748
3338.04984927
3338.43890107
3338.82795286
3339.21700466
3339.60605645
3339.99510825
3340.38416004
3340.77321184
3341.16226363
3341.55131543
3341.94036722
3342.32941902
3342.71847081
3343.10752261
3343.49657440
3343.88562620
3344.27467799
3344.66372979
3345.05278158
3345.44183338
3345.83088517
3346.21993697
3346.60898876
3346.99804056
3347.38709235
3347.77614415
3348.16519594
3348.55424774
3348.94329953
3349.33235133
3349.72140312
3350.11045492
3350.49950671
3350.88855851
3351.27761030
3351.66666210
3352.05571389
3352.44476569
3352.83381748
3353.22286928
3353.61192107
3354.00097287
3354.39002466
3354.77907646
3355.16812825
3355.55718005
3355.94623184
3356.33528364
3356.72433543
3357.11338723
3357.50243902
3357.89149082
3358.28054261
3358.66959441
3359.05864620
3359.44769800
3359.83674979
3360.22580159
3360.61485338
3361.00390518
3361.39295697
3361.78200877
3362.17106056
3362.56011236
3362.94916415
3363.33821595
3363.72726774
3364.11631954
3364.50537133
3364.89442313
3365.28347492
3365.67252672
3366.06157851
3366.45063031
3366.83968210
3367.22873390
3367.61778569
3368.00683749
3368.39588928
3368.78494108
3369.17399287
3369.56304467
3369.95209646
3370.34114826
3370.73020005
3371.11925185
3371.50830364
3371.89735544
3372.28640723
3372.67545903
3373.06451082
3373.45356262
3373.84261441
3374.23166621
3374.62071800
3375.00976980
3375.39882159
3375.78787339
3376.17692518
3376.56597698
3376.95502877
3377.34408057
3377.73313236
3378.12218416
3378.51123595
3378.90028775
3379.28933954
3379.67839134
3380.06744313
3380.45649493
3380.84554672
3381.23459852
3381.62365031
3382.01270211
3382.40175390
3382.79080570
3383.17985749
3383.56890929
3383.95796108
3384.34701288
3384.73606467
3385.12511647
3385.51416826
3385.90322006
3386.29227185
3386.68132365
3387.07037544
3387.45942724
3387.84847903
3388.23753083
3388.62658262
3389.01563442
3389.40468621
3389.79373801
3390.18278980
3390.57184160
3390.96089339
3391.34994519
3391.73899698
3392.12804878
3392.51710057
3392.90615237
3393.29520416
3393.68425596
3394.07330775
3394.46235955
3394.85141134
3395.24046314
3395.62951493
3396.01856673
3396.40761852
3396.79667032
3397.18572211
3397.57477391
3397.96382570
3398.35287750
3398.74192929
3399.13098109
3399.52003288
3399.90908468
3400.29813647
3400.68718827
3401.07624006
3401.46529186
3401.85434365
3402.24339545
3402.63244724
3403.02149904
3403.41055083
3403.79960263
3404.18865442
3404.57770622
3404.96675801
3405.35580981
3405.74486160
3406.13391340
3406.52296519
3406.91201699
3407.30106878
3407.69012058
3408.07917237
3408.46822417
3408.85727596
3409.24632776
3409.63537955
3410.02443135
3410.41348314
3410.80253494
3411.19158673
3411.58063853
3411.96969032
3412.35874212
3412.74779391
3413.13684571
3413.52589750
3413.91494930
3414.30400109
3414.69305289
3415.08210468
3415.47115648
3415.86020827
3416.24926007
3416.63831186
3417.02736366
3417.41641545
3417.80546725
3418.19451904
3418.58357084
3418.97262263
3419.36167443
3419.75072622
3420.13977802
3420.52882981
3420.91788161
3421.30693340
3421.69598520
3422.08503699
3422.47408879
3422.86314058
3423.25219238
3423.64124417
3424.03029597
3424.41934776
3424.80839956
3425.19745135
3425.58650315
3425.97555494
3426.36460674
3426.75365853
3427.14271033
3427.53176212
3427.92081392
3428.30986571
3428.69891751
3429.08796930
3429.47702110
3429.86607289
3430.25512469
3430.64417648
3431.03322828
3431.42228007
3431.81133187
3432.20038366
3432.58943546
3432.97848725
3433.36753905
3433.75659084
3434.14564264
3434.53469443
3434.92374623
3435.31279802
3435.70184982
3436.09090161
3436.47995341
3436.86900520
3437.25805700
3437.64710879
3438.03616059
3438.42521238
3438.81426418
3439.20331597
3439.59236777
3439.98141956
3440.37047136
3440.75952315
3441.14857495
3441.53762674
3441.92667854
3442.31573033
3442.70478213
3443.09383392
3443.48288572
3443.87193751
3444.26098931
3444.65004110
3445.03909290
3445.42814469
3445.81719649
3446.20624828
3446.59530008
3446.98435187
3447.37340367
3447.76245546
3448.15150726
3448.54055905
3448.92961085
3449.31866264
3449.70771444
3450.09676623
3450.48581803
3450.87486982
3451.26392162
3451.65297341
3452.04202521
3452.43107700
3452.82012880
3453.20918059
3453.59823239
3453.98728418
3454.37633598
3454.76538777
3455.15443957
3455.54349136
3455.93254316
3456.32159495
3456.71064675
3457.09969854
3457.48875034
3457.87780213
3458.26685393
3458.65590572
3459.04495752
3459.43400931
3459.82306111
3460.21211290
3460.60116470
3460.99021649
3461.37926829
3461.76832008
3462.15737188
3462.54642367
3462.93547547
3463.32452726
3463.71357906
3464.10263085
3464.49168265
3464.88073444
3465.26978624
3465.65883803
3466.04788983
3466.43694162
3466.82599342
3467.21504521
3467.60409701
3467.99314880
3468.38220060
3468.77125239
3469.16030419
3469.54935598
3469.93840778
3470.32745957
3470.71651137
3471.10556316
3471.49461496
3471.88366675
3472.27271855
3472.66177034
3473.05082214
3473.43987393
3473.82892573
3474.21797752
3474.60702932
3474.99608111
3475.38513291
3475.77418470
3476.16323650
3476.55228829
3476.94134009
3477.33039188
3477.71944368
3478.10849547
3478.49754727
3478.88659906
3479.27565086
3479.66470265
3480.05375445
3480.44280624
3480.83185804
3481.22090983
3481.60996163
3481.99901342
3482.38806522
3482.77711701
3483.16616881
3483.55522060
3483.94427240
3484.33332419
3484.72237599
3485.11142778
3485.50047958
3485.88953137
3486.27858317
3486.66763496
3487.05668676
3487.44573855
3487.83479035
3488.22384214
3488.61289394
3489.00194573
3489.39099753
3489.78004932
3490.16910112
3490.55815291
3490.94720471
3491.33625650
3491.72530830
3492.11436009
3492.50341189
3492.89246368
3493.28151548
3493.67056727
3494.05961907
3494.44867086
3494.83772266
3495.22677445
3495.61582625
3496.00487804
3496.39392984
3496.78298163
3497.17203343
3497.56108522
3497.95013702
3498.33918881
3498.72824061
3499.11729240
3499.50634420
3499.89539599
3500.28444779
3500.67349958
3501.06255138
3501.45160317
3501.84065497
3502.22970676
3502.61875856
3503.00781035
3503.39686215
3503.78591394
3504.17496574
3504.56401753
3504.95306933
3505.34212112
3505.73117292
3506.12022471
3506.50927651
3506.89832830
3507.28738010
3507.67643189
3508.06548369
3508.45453548
3508.84358728
3509.23263907
3509.62169087
3510.01074266
3510.39979446
3510.78884625
3511.17789805
3511.56694984
3511.95600164
3512.34505343
3512.73410523
3513.12315702
3513.51220882
3513.90126061
3514.29031241
3514.67936420
3515.06841600
3515.45746779
3515.84651959
3516.23557138
3516.62462318
3517.01367497
3517.40272677
3517.79177856
3518.18083036
3518.56988215
3518.95893395
3519.34798574
3519.73703754
3520.12608933
3520.51514113
3520.90419292
3521.29324472
3521.68229651
3522.07134831
3522.46040010
3522.84945190
3523.23850369
3523.62755549
3524.01660728
3524.40565908
3524.79471087
3525.18376267
3525.57281446
3525.96186626
3526.35091805
3526.73996985
3527.12902164
3527.51807344
3527.90712523
3528.29617703
3528.68522882
3529.07428062
3529.46333241
3529.85238421
3530.24143600
3530.63048780
3531.01953959
3531.40859139
3531.79764318
3532.18669498
3532.57574677
3532.96479857
3533.35385036
3533.74290216
3534.13195395
3534.52100575
3534.91005754
3535.29910934
3535.68816113
3536.07721293
3536.46626472
3536.85531652
3537.24436831
3537.63342011
3538.02247190
3538.41152370
3538.80057549
3539.18962729
3539.57867908
3539.96773088
3540.35678267
3540.74583447
3541.13488626
3541.52393806
3541.91298985
3542.30204165
3542.69109344
3543.08014524
3543.46919703
3543.85824883
3544.24730062
3544.63635242
3545.02540421
3545.41445601
3545.80350780
3546.19255960
3546.58161139
3546.97066319
3547.35971498
3547.74876678
3548.13781857
3548.52687037
3548.91592216
3549.30497396
3549.61292720
3550.00002396
3550.38712072
3550.77421749
3551.16131425
3551.54841101
3551.93550777
3552.32260454
3552.70970130
3553.09679806
3553.48389482
3553.87099159
3554.25808835
3554.64518511
3555.03228188
3555.41937864
3555.80647540
3556.19357216
3556.58066893
3556.96776569
3557.35486245
3557.74195921
3558.12905598
3558.51615274
3558.90324950
3559.29034626
3559.67744303
3560.06453979
3560.45163655
3560.83873332
3561.22583008
3561.61292684
3562.00002360
3562.38712037
3562.77421713
3563.16131389
3563.54841065
3563.93550742
3564.32260418
3564.70970094
3565.09679770
3565.48389447
3565.87099123
3566.25808799
3566.64518476
3567.03228152
3567.41937828
3567.80647504
3568.19357181
3568.58066857
3568.96776533
3569.35486209
3569.74195886
3570.12905562
3570.51615238
3570.90324914
3571.29034591
3571.67744267
3572.06453943
3572.45163620
3572.83873296
3573.22582972
3573.61292648
3574.00002325
3574.38712001
3574.77421677
3575.16131353
3575.54841030
3575.93550706
3576.32260382
3576.70970058
3577.09679735
3577.48389411
3577.87099087
3578.25808764
3578.64518440
3579.03228116
3579.41937792
3579.80647469
3580.19357145
3580.58066821
3580.96776497
3581.35486174
3581.74195850
3582.12905526
3582.51615202
3582.90324879
3583.29034555
3583.67744231
3584.06453907
3584.45163584
3584.83873260
3585.22582936
3585.61292613
3586.00002289
3586.38711965
3586.77421641
3587.16131318
3587.54840994
3587.93550670
3588.32260346
3588.70970023
3589.09679699
3589.48389375
3589.87099051
3590.25808728
3590.64518404
3591.03228080
3591.41937757
3591.80647433
3592.19357109
3592.58066785
3592.96776462
3593.35486138
3593.74195814
3594.12905490
3594.51615167
3594.90324843
3595.29034519
3595.67744195
3596.06453872
3596.45163548
3596.83873224
3597.22582901
3597.61292577
3598.00002253
3598.38711929
3598.77421606
3599.16131282
3599.54840958
3599.93550634
3600.32260311
3600.70969987
3601.09679663
3601.48389339
3601.87099016
3602.25808692
3602.64518368
3603.03228045
3603.41937721
3603.80647397
3604.19357073
3604.58066750
3604.96776426
3605.35486102
3605.74195778
3606.12905455
3606.51615131
3606.90324807
3607.29034483
3607.67744160
3608.06453836
3608.45163512
3608.83873188
3609.22582865
3609.61292541
3610.00002217
3610.38711894
3610.77421570
3611.16131246
3611.54840922
3611.93550599
3612.32260275
3612.70969951
3613.09679627
3613.48389304
3613.87098980
3614.25808656
3614.64518332
3615.03228009
3615.41937685
3615.80647361
3616.19357038
3616.58066714
3616.96776390
3617.35486066
3617.74195743
3618.12905419
3618.51615095
3618.90324771
3619.29034448
3619.67744124
3620.06453800
3620.45163476
3620.83873153
3621.22582829
3621.61292505
3622.00002182
3622.38711858
3622.77421534
3623.16131210
3623.54840887
3623.93550563
3624.32260239
3624.70969915
3625.09679592
3625.48389268
3625.87098944
3626.25808620
3626.64518297
3627.03227973
3627.41937649
3627.80647326
3628.19357002
3628.58066678
3628.96776354
3629.35486031
3629.74195707
3630.12905383
3630.51615059
3630.90324736
3631.29034412
3631.67744088
3632.06453764
3632.45163441
3632.83873117
3633.22582793
3633.61292470
3634.00002146
3634.38711822
3634.77421498
3635.16131175
3635.54840851
3635.93550527
3636.32260203
3636.70969880
3637.09679556
3637.48389232
3637.87098908
3638.25808585
3638.64518261
3639.03227937
3639.41937613
3639.80647290
3640.19356966
3640.58066642
3640.96776319
3641.35485995
3641.74195671
3642.12905347
3642.51615024
3642.90324700
3643.29034376
3643.67744052
3644.06453729
3644.45163405
3644.83873081
3645.22582757
3645.61292434
3646.00002110
3646.38711786
3646.77421463
3647.16131139
3647.54840815
3647.93550491
3648.32260168
3648.70969844
3649.09679520
3649.48389196
3649.87098873
3650.25808549
3650.64518225
3651.03227901
3651.41937578
3651.80647254
3652.19356930
3652.58066607
3652.96776283
3653.35485959
3653.74195635
3654.12905312
3654.51614988
3654.90324664
3655.29034340
3655.67744017
3656.06453693
3656.45163369
3656.83873045
3657.22582722
3657.61292398
3658.00002074
3658.38711751
3658.77421427
3659.16131103
3659.54840779
3659.93550456
3660.32260132
3660.70969808
3661.09679484
3661.48389161
3661.87098837
3662.25808513
3662.64518189
3663.03227866
3663.41937542
3663.80647218
3664.19356894
3664.58066571
3664.96776247
3665.35485923
3665.74195600
3666.12905276
3666.51614952
3666.90324628
3667.29034305
3667.67743981
3668.06453657
3668.45163333
3668.83873010
3669.22582686
3669.61292362
3670.00002038
3670.38711715
3670.77421391
3671.16131067
3671.54840744
3671.93550420
3672.32260096
3672.70969772
3673.09679449
3673.48389125
3673.87098801
3674.25808477
3674.64518154
3675.03227830
3675.41937506
3675.80647182
3676.19356859
3676.58066535
3676.96776211
3677.35485888
3677.74195564
3678.12905240
3678.51614916
3678.90324593
3679.29034269
3679.67743945
3680.06453621
3680.45163298
3680.83872974
3681.22582650
3681.61292326
3682.00002003
3682.38711679
3682.77421355
3683.16131032
3683.54840708
3683.93550384
3684.32260060
3684.70969737
3685.09679413
3685.48389089
3685.87098765
3686.25808442
3686.64518118
3687.03227794
3687.41937470
3687.80647147
3688.19356823
3688.58066499
3688.96776175
3689.35485852
3689.74195528
3690.12905204
3690.51614881
3690.90324557
3691.29034233
3691.67743909
3692.06453586
3692.45163262
3692.83872938
3693.22582614
3693.61292291
3694.00001967
3694.38711643
3694.77421319
3695.16130996
3695.54840672
3695.93550348
3696.32260025
3696.70969701
3697.09679377
3697.48389053
3697.87098730
3698.25808406
3698.64518082
3699.03227758
3699.41937435
3699.80647111
3700.19356787
3700.58066463
3700.96776140
3701.35485816
3701.74195492
3702.12905169
3702.51614845
3702.90324521
3703.29034197
3703.67743874
3704.06453550
3704.45163226
3704.83872902
3705.22582579
3705.61292255
3706.00001931
3706.38711607
3706.77421284
3707.16130960
3707.54840636
3707.93550313
3708.32259989
3708.70969665
3709.09679341
3709.48389018
3709.87098694
3710.25808370
3710.64518046
3711.03227723
3711.41937399
3711.80647075
3712.19356751
3712.58066428
3712.96776104
3713.35485780
3713.74195457
3714.12905133
3714.51614809
3714.90324485
3715.29034162
3715.67743838
3716.06453514
3716.45163190
3716.83872867
3717.22582543
3717.61292219
3718.00001895
3718.38711572
3718.77421248
3719.16130924
3719.54840600
3719.93550277
3720.32259953
3720.70969629
3721.09679306
3721.48388982
3721.87098658
3722.25808334
3722.64518011
3723.03227687
3723.41937363
3723.80647039
3724.19356716
3724.58066392
3724.96776068
3725.35485744
3725.74195421
3726.12905097
3726.51614773
3726.90324450
3727.29034126
3727.67743802
3728.06453478
3728.45163155
3728.83872831
3729.22582507
3729.61292183
3730.00001860
3730.38711536
3730.77421212
3731.16130888
3731.54840565
3731.93550241
3732.32259917
3732.70969594
3733.09679270
3733.48388946
3733.87098622
3734.25808299
3734.64517975
3735.03227651
3735.41937327
3735.80647004
3736.19356680
3736.58066356
3736.96776032
3737.35485709
3737.74195385
3738.12905061
3738.51614738
3738.90324414
3739.29034090
3739.67743766
3740.06453443
3740.45163119
3740.83872795
3741.22582471
3741.61292148
3742.00001824
3742.38711500
3742.77421176
3743.16130853
3743.54840529
3743.93550205
3744.32259881
3744.70969558
3745.09679234
3745.48388910
3745.87098587
3746.25808263
3746.64517939
3747.03227615
3747.41937292
3747.80646968
3748.19356644
3748.58066320
3748.96775997
3749.35485673
3749.74195349
3750.12905025
3750.51614702
3750.90324378
3751.29034054
3751.67743731
3752.06453407
3752.45163083
3752.83872759
3753.22582436
3753.61292112
3754.00001788
3754.38711464
3754.77421141
3755.16130817
3755.54840493
3755.93550169
3756.32259846
3756.70969522
3757.09679198
3757.48388875
3757.87098551
3758.25808227
3758.64517903
3759.03227580
3759.41937256
3759.80646932
3760.19356608
3760.58066285
3760.96775961
3761.35485637
3761.74195313
3762.12904990
3762.51614666
3762.90324342
3763.29034019
3763.67743695
3764.06453371
3764.45163047
3764.83872724
3765.22582400
3765.61292076
3766.00001752
3766.38711429
3766.77421105
3767.16130781
3767.54840457
3767.93550134
3768.32259810
3768.70969486
3769.09679163
3769.48388839
3769.87098515
3770.25808191
3770.64517868
3771.03227544
3771.41937220
3771.80646896
3772.19356573
3772.58066249
3772.96775925
3773.35485601
3773.74195278
3774.12904954
3774.51614630
3774.90324306
3775.29033983
3775.67743659
3776.06453335
3776.45163012
3776.83872688
3777.22582364
3777.61292040
3778.00001717
3778.38711393
3778.77421069
3779.16130745
3779.54840422
3779.93550098
3780.32259774
3780.70969450
3781.09679127
3781.48388803
3781.87098479
3782.25808156
3782.64517832
3783.03227508
3783.41937184
3783.80646861
3784.19356537
3784.58066213
3784.96775889
3785.35485566
3785.74195242
3786.12904918
3786.51614594
3786.90324271
3787.29033947
3787.67743623
3788.06453300
3788.45162976
3788.83872652
3789.22582328
3789.61292005
3790.00001681
3790.38711357
3790.77421033
3791.16130710
3791.54840386
3791.93550062
3792.32259738
3792.70969415
3793.09679091
3793.48388767
3793.87098444
3794.25808120
3794.64517796
3795.03227472
3795.41937149
3795.80646825
3796.19356501
3796.58066177
3796.96775854
3797.35485530
3797.74195206
3798.12904882
3798.51614559
3798.90324235
3799.29033911
3799.67743587
3800.06453264
3800.45162940
3800.83872616
3801.22582293
3801.61291969
3802.00001645
3802.38711321
3802.77420998
3803.16130674
3803.54840350
3803.93550026
3804.32259703
3804.70969379
3805.09679055
3805.48388731
3805.87098408
3806.25808084
3806.64517760
3807.03227437
3807.41937113
3807.80646789
3808.19356465
3808.58066142
3808.96775818
3809.35485494
3809.74195170
3810.12904847
3810.51614523
3810.90324199
3811.29033875
3811.67743552
3812.06453228
3812.45162904
3812.83872581
3813.22582257
3813.61291933
3814.00001609
3814.38711286
3814.77420962
3815.16130638
3815.54840314
3815.93549991
3816.32259667
3816.70969343
3817.09679019
3817.48388696
3817.87098372
3818.25808048
3818.64517725
3819.03227401
3819.41937077
3819.80646753
3820.19356430
3820.58066106
3820.96775782
3821.35485458
3821.74195135
3822.12904811
3822.51614487
3822.90324163
3823.29033840
3823.67743516
3824.06453192
3824.45162868
3824.83872545
3825.22582221
3825.61291897
3826.00001574
3826.38711250
3826.77420926
3827.16130602
3827.54840279
3827.93549955
3828.32259631
3828.70969307
3829.09678984
3829.48388660
3829.87098336
3830.25808012
3830.64517689
3831.03227365
3831.41937041
3831.80646718
3832.19356394
3832.58066070
3832.96775746
3833.35485423
3833.74195099
3834.12904775
3834.51614451
3834.90324128
3835.29033804
3835.67743480
3836.06453156
3836.45162833
3836.83872509
3837.22582185
3837.61291862
3838.00001538
3838.38711214
3838.77420890
3839.16130567
3839.54840243
3839.93549919
3840.32259595
3840.70969272
3841.09678948
3841.48388624
3841.87098300
3842.25807977
3842.64517653
3843.03227329
3843.41937006
3843.80646682
3844.19356358
3844.58066034
3844.96775711
3845.35485387
3845.74195063
3846.12904739
3846.51614416
3846.90324092
3847.29033768
3847.67743444
3848.06453121
3848.45162797
3848.83872473
3849.22582150
3849.61291826
3850.00001502
3850.38711178
3850.77420855
3851.16130531
3851.54840207
3851.93549883
3852.32259560
3852.70969236
3853.09678912
3853.48388588
3853.87098265
3854.25807941
3854.64517617
3855.03227293
3855.41936970
3855.80646646
3856.19356322
3856.58065999
3856.96775675
3857.35485351
3857.74195027
3858.12904704
3858.51614380
3858.90324056
3859.29033732
3859.67743409
3860.06453085
3860.45162761
3860.83872437
3861.22582114
3861.61291790
3862.00001466
3862.38711143
3862.77420819
3863.16130495
3863.54840171
3863.93549848
3864.32259524
3864.70969200
3865.09678876
3865.48388553
3865.87098229
3866.25807905
3866.64517581
3867.03227258
3867.41936934
3867.80646610
3868.19356287
3868.58065963
3868.96775639
3869.35485315
3869.74194992
3870.12904668
3870.51614344
3870.90324020
3871.29033697
3871.67743373
3872.06453049
3872.45162725
3872.83872402
3873.22582078
3873.61291754
3874.00001431
3874.38711107
3874.77420783
3875.16130459
3875.54840136
3875.93549812
3876.32259488
3876.70969164
3877.09678841
3877.48388517
3877.87098193
3878.25807869
3878.64517546
3879.03227222
3879.41936898
3879.80646574
3880.19356251
3880.58065927
3880.96775603
3881.35485280
3881.74194956
3882.12904632
3882.51614308
3882.90323985
3883.29033661
3883.67743337
3884.06453013
3884.45162690
3884.83872366
3885.22582042
3885.61291718
3886.00001395
3886.38711071
3886.77420747
3887.16130424
3887.54840100
3887.93549776
3888.32259452
3888.70969129
3889.09678805
3889.48388481
3889.87098157
3890.25807834
3890.64517510
3891.03227186
3891.41936862
3891.80646539
3892.19356215
3892.58065891
3892.96775568
3893.35485244
3893.74194920
3894.12904596
3894.51614273
3894.90323949
3895.29033625
3895.67743301
3896.06452978
3896.45162654
3896.83872330
3897.22582006
3897.61291683
3898.00001359
3898.38711035
3898.77420712
3899.16130388
3899.54840064
3899.93549740
3900.32259417
3900.70969093
3901.09678769
3901.48388445
3901.87098122
3902.25807798
3902.64517474
3903.03227150
3903.41936827
3903.80646503
3904.19356179
3904.58065856
3904.96775532
3905.35485208
3905.74194884
3906.12904561
3906.51614237
3906.90323913
3907.29033589
3907.67743266
3908.06452942
3908.45162618
3908.83872294
3909.22581971
3909.61291647
3910.00001323
3910.38710999
3910.77420676
3911.16130352
3911.54840028
3911.93549705
3912.32259381
3912.70969057
3913.09678733
3913.48388410
3913.87098086
3914.25807762
3914.64517438
3915.03227115
3915.41936791
3915.80646467
3916.19356143
3916.58065820
3916.96775496
3917.35485172
3917.74194849
3918.12904525
3918.51614201
3918.90323877
3919.29033554
3919.67743230
3920.06452906
3920.45162582
3920.83872259
3921.22581935
3921.61291611
3922.00001287
3922.38710964
3922.77420640
3923.16130316
3923.54839993
3923.93549669
3924.32259345
3924.70969021
3925.09678698
3925.48388374
3925.87098050
3926.25807726
3926.64517403
3927.03227079
3927.41936755
3927.80646431
3928.19356108
3928.58065784
3928.96775460
3929.35485137
3929.74194813
3930.12904489
3930.51614165
3930.90323842
3931.29033518
3931.67743194
3932.06452870
3932.45162547
3932.83872223
3933.22581899
3933.61291575
3934.00001252
3934.38710928
3934.77420604
3935.16130280
3935.54839957
3935.93549633
3936.32259309
3936.70968986
3937.09678662
3937.48388338
3937.87098014
3938.25807691
3938.64517367
3939.03227043
3939.41936719
3939.80646396
3940.19356072
3940.58065748
3940.96775424
3941.35485101
3941.74194777
3942.12904453
3942.51614130
3942.90323806
3943.29033482
3943.67743158
3944.06452835
3944.45162511
3944.83872187
3945.22581863
3945.61291540
3946.00001216
3946.38710892
3946.77420568
3947.16130245
3947.54839921
3947.93549597
3948.32259274
3948.70968950
3949.09678626
3949.48388302
3949.87097979
3950.25807655
3950.64517331
3951.03227007
3951.41936684
3951.80646360
3952.19356036
3952.58065712
3952.96775389
3953.35485065
3953.74194741
3954.12904418
3954.51614094
3954.90323770
3955.29033446
3955.67743123
3956.06452799
3956.45162475
3956.83872151
3957.22581828
3957.61291504
3958.00001180
3958.38710856
3958.77420533
3959.16130209
3959.54839885
3959.93549562
3960.32259238
3960.70968914
3961.09678590
3961.48388267
3961.87097943
3962.25807619
3962.64517295
3963.03226972
3963.41936648
3963.80646324
3964.19356000
3964.58065677
3964.96775353
3965.35485029
3965.74194705
3966.12904382
3966.51614058
3966.90323734
3967.29033411
3967.67743087
3968.06452763
3968.45162439
3968.83872116
3969.22581792
3969.61291468
3970.00001144
3970.38710821
3970.77420497
3971.16130173
3971.54839849
3971.93549526
3972.32259202
3972.70968878
3973.09678555
3973.48388231
3973.87097907
3974.25807583
3974.64517260
3975.03226936
3975.41936612
3975.80646288
3976.19355965
3976.58065641
3976.96775317
3977.35484993
3977.74194670
3978.12904346
3978.51614022
3978.90323699
3979.29033375
3979.67743051
3980.06452727
3980.45162404
3980.83872080
3981.22581756
3981.61291432
3982.00001109
3982.38710785
3982.77420461
3983.16130137
3983.54839814
3983.93549490
3984.32259166
3984.70968843
3985.09678519
3985.48388195
3985.87097871
3986.25807548
3986.64517224
3987.03226900
3987.41936576
3987.80646253
3988.19355929
3988.58065605
3988.96775281
3989.35484958
3989.74194634
3990.12904310
3990.51613986
3990.90323663
3991.29033339
3991.67743015
3992.06452692
3992.45162368
3992.83872044
3993.22581720
3993.61291397
3994.00001073
3994.38710749
3994.77420425
3995.16130102
3995.54839778
3995.93549454
3996.32259130
3996.70968807
3997.09678483
3997.48388159
3997.87097836
3998.25807512
3998.64517188
3999.03226864
3999.41936541
3999.80646217
4000.19355893
4000.58065569
4000.96775246
4001.35484922
4001.74194598
4002.12904274
4002.51613951
4002.90323627
4003.29033303
4003.67742980
4004.06452656
4004.45162332
4004.83872008
4005.22581685
4005.61291361
4006.00001037
4006.38710713
4006.77420390
4007.16130066
4007.54839742
4007.93549418
4008.32259095
4008.70968771
4009.09678447
4009.48388124
4009.87097800
4010.25807476
4010.64517152
4011.03226829
4011.41936505
4011.80646181
4012.19355857
4012.58065534
4012.96775210
4013.35484886
4013.74194562
4014.12904239
4014.51613915
4014.90323591
4015.29033267
4015.67742944
4016.06452620
4016.45162296
4016.83871973
4017.22581649
4017.61291325
4018.00001001
4018.38710678
4018.77420354
4019.16130030
4019.54839706
4019.93549383
4020.32259059
4020.70968735
4021.09678411
4021.48388088
4021.87097764
4022.25807440
4022.64517117
4023.03226793
4023.41936469
4023.80646145
4024.19355822
4024.58065498
4024.96775174
4025.35484850
4025.74194527
4026.12904203
4026.51613879
4026.90323555
4027.29033232
4027.67742908
4028.06452584
4028.45162261
4028.83871937
4029.22581613
4029.61291289
4030.00000966
4030.38710642
4030.77420318
4031.16129994
4031.54839671
4031.93549347
4032.32259023
4032.70968699
4033.09678376
4033.48388052
4033.87097728
4034.25807405
4034.64517081
4035.03226757
4035.41936433
4035.80646110
4036.19355786
4036.58065462
4036.96775138
4037.35484815
4037.74194491
4038.12904167
4038.51613843
4038.90323520
4039.29033196
4039.67742872
4040.06452549
4040.45162225
4040.83871901
4041.22581577
4041.61291254
4042.00000930
4042.38710606
4042.77420282
4043.16129959
4043.54839635
4043.93549311
4044.32258987
4044.70968664
4045.09678340
4045.48388016
4045.87097692
4046.25807369
4046.64517045
4047.03226721
4047.41936398
4047.80646074
4048.19355750
4048.58065426
4048.96775103
4049.35484779
4049.74194455
4050.12904131
4050.51613808
4050.90323484
4051.29033160
4051.67742836
4052.06452513
4052.45162189
4052.83871865
4053.22581542
4053.61291218
4054.00000894
4054.38710570
4054.77420247
4055.16129923
4055.54839599
4055.93549275
4056.32258952
4056.70968628
4057.09678304
4057.48387980
4057.87097657
4058.25807333
4058.64517009
4059.03226686
4059.41936362
4059.80646038
4060.19355714
4060.58065391
4060.96775067
4061.35484743
4061.74194419
4062.12904096
4062.51613772
4062.90323448
4063.29033124
4063.67742801
4064.06452477
4064.45162153
4064.83871830
4065.22581506
4065.61291182
4066.00000858
4066.38710535
4066.77420211
4067.16129887
4067.54839563
4067.93549240
4068.32258916
4068.70968592
4069.09678268
4069.48387945
4069.87097621
4070.25807297
4070.64516973
4071.03226650
4071.41936326
4071.80646002
4072.19355679
4072.58065355
4072.96775031
4073.35484707
4073.74194384
4074.12904060
4074.51613736
4074.90323412
4075.29033089
4075.67742765
4076.06452441
4076.45162117
4076.83871794
4077.22581470
4077.61291146
4078.00000823
4078.38710499
4078.77420175
4079.16129851
4079.54839528
4079.93549204
4080.32258880
4080.70968556
4081.09678233
4081.48387909
4081.87097585
4082.25807261
4082.64516938
4083.03226614
4083.41936290
4083.80645967
4084.19355643
4084.58065319
4084.96774995
4085.35484672
4085.74194348
4086.12904024
4086.51613700
4086.90323377
4087.29033053
4087.67742729
4088.06452405
4088.45162082
4088.83871758
4089.22581434
4089.61291111
4090.00000787
4090.38710463
4090.77420139
4091.16129816
4091.54839492
4091.93549168
4092.32258844
4092.70968521
4093.09678197
4093.48387873
4093.87097549
4094.25807226
4094.64516902
4095.03226578
4095.41936255
4095.80645931
4096.19355607
4096.58065283
4096.96774960
4097.35484636
4097.74194312
4098.12903988
4098.51613665
4098.90323341
4099.29033017
4099.67742693
4100.06452370
4100.45162046
4100.83871722
4101.22581398
4101.61291075
4102.00000751
4102.38710427
4102.77420104
4103.16129780
4103.54839456
4103.93549132
4104.32258809
4104.70968485
4105.09678161
4105.48387837
4105.87097514
4106.25807190
4106.64516866
4107.03226542
4107.41936219
4107.80645895
4108.19355571
4108.58065248
4108.96774924
4109.35484600
4109.74194276
4110.12903953
4110.51613629
4110.90323305
4111.29032981
4111.67742658
4112.06452334
4112.45162010
4112.83871686
4113.22581363
4113.61291039
4114.00000715
4114.38710392
4114.77420068
4115.16129744
4115.54839420
4115.93549097
4116.32258773
4116.70968449
4117.09678125
4117.48387802
4117.87097478
4118.25807154
4118.64516830
4119.03226507
4119.41936183
4119.80645859
4120.19355536
4120.58065212
4120.96774888
4121.35484564
4121.74194241
4122.12903917
4122.51613593
4122.90323269
4123.29032946
4123.67742622
4124.06452298
4124.45161974
4124.83871651
4125.22581327
4125.61291003
4126.00000679
4126.38710356
4126.77420032
4127.16129708
4127.54839385
4127.93549061
4128.32258737
4128.70968413
4129.09678090
4129.48387766
4129.87097442
4130.25807118
4130.64516795
4131.03226471
4131.41936147
4131.80645823
4132.19355500
4132.58065176
4132.96774852
4133.35484529
4133.74194205
4134.12903881
4134.51613557
4134.90323234
4135.29032910
4135.67742586
4136.06452262
4136.45161939
4136.83871615
4137.22581291
4137.61290967
4138.00000644
4138.38710320
4138.77419996
4139.16129673
4139.54839349
4139.93549025
4140.32258701
4140.70968378
4141.09678054
4141.48387730
4141.87097406
4142.25807083
4142.64516759
4143.03226435
4143.41936111
4143.80645788
4144.19355464
4144.58065140
4144.96774817
4145.35484493
4145.74194169
4146.12903845
4146.51613522
4146.90323198
4147.29032874
4147.67742550
4148.06452227
4148.45161903
4148.83871579
4149.22581255
4149.61290932
4150.00000608
4150.38710284
4150.77419960
4151.16129637
4151.54839313
4151.93548989
4152.32258666
4152.70968342
4153.09678018
4153.48387694
4153.87097371
4154.25807047
4154.64516723
4155.03226399
4155.41936076
4155.80645752
4156.19355428
4156.58065104
4156.96774781
4157.35484457
4157.74194133
4158.12903810
4158.51613486
4158.90323162
4159.29032838
4159.67742515
4160.06452191
4160.45161867
4160.83871543
4161.22581220
4161.61290896
4162.00000572
4162.38710248
4162.77419925
4163.16129601
4163.54839277
4163.93548954
4164.32258630
4164.70968306
4165.09677982
4165.48387659
4165.87097335
4166.25807011
4166.64516687
4167.03226364
4167.41936040
4167.80645716
4168.19355392
4168.58065069
4168.96774745
4169.35484421
4169.74194098
4170.12903774
4170.51613450
4170.90323126
4171.29032803
4171.67742479
4172.06452155
4172.45161831
4172.83871508
4173.22581184
4173.61290860
4174.00000536
4174.38710213
4174.77419889
4175.16129565
4175.54839242
4175.93548918
4176.32258594
4176.70968270
4177.09677947
4177.48387623
4177.87097299
4178.25806975
4178.64516652
4179.03226328
4179.41936004
4179.80645680
4180.19355357
4180.58065033
4180.96774709
4181.35484385
4181.74194062
4182.12903738
4182.51613414
4182.90323091
4183.29032767
4183.67742443
4184.06452119
4184.45161796
4184.83871472
4185.22581148
4185.61290824
4186.00000501
4186.38710177
4186.77419853
4187.16129529
4187.54839206
4187.93548882
4188.32258558
4188.70968235
4189.09677911
4189.48387587
4189.87097263
4190.25806940
4190.64516616
4191.03226292
4191.41935968
4191.80645645
4192.19355321
4192.58064997
4192.96774673
4193.35484350
4193.74194026
4194.12903702
4194.51613379
4194.90323055
4195.29032731
4195.67742407
4196.06452084
4196.45161760
4196.83871436
4197.22581112
4197.61290789
4198.00000465
4198.38710141
4198.77419817
4199.16129494
4199.54839170
4199.93548846
4200.32258523
4200.70968199
4201.09677875
4201.48387551
4201.87097228
4202.25806904
4202.64516580
4203.03226256
4203.41935933
4203.80645609
4204.19355285
4204.58064961
4204.96774638
4205.35484314
4205.74193990
4206.12903666
4206.51613343
4206.90323019
4207.29032695
4207.67742372
4208.06452048
4208.45161724
4208.83871400
4209.22581077
4209.61290753
4210.00000429
4210.38710105
4210.77419782
4211.16129458
4211.54839134
4211.93548810
4212.32258487
4212.70968163
4213.09677839
4213.48387516
4213.87097192
4214.25806868
4214.64516544
4215.03226221
4215.41935897
4215.80645573
4216.19355249
4216.58064926
4216.96774602
4217.35484278
4217.74193954
4218.12903631
4218.51613307
4218.90322983
4219.29032660
4219.67742336
4220.06452012
4220.45161688
4220.83871365
4221.22581041
4221.61290717
4222.00000393
4222.38710070
4222.77419746
4223.16129422
4223.54839098
4223.93548775
4224.32258451
4224.70968127
4225.09677804
4225.48387480
4225.87097156
4226.25806832
4226.64516509
4227.03226185
4227.41935861
4227.80645537
4228.19355214
4228.58064890
4228.96774566
4229.35484242
4229.74193919
4230.12903595
4230.51613271
4230.90322948
4231.29032624
4231.67742300
4232.06451976
4232.45161653
4232.83871329
4233.22581005
4233.61290681
4234.00000358
4234.38710034
4234.77419710
4235.16129386
4235.54839063
4235.93548739
4236.32258415
4236.70968091
4237.09677768
4237.48387444
4237.87097120
4238.25806797
4238.64516473
4239.03226149
4239.41935825
4239.80645502
4240.19355178
4240.58064854
4240.96774530
4241.35484207
4241.74193883
4242.12903559
4242.51613235
4242.90322912
4243.29032588
4243.67742264
4244.06451941
4244.45161617
4244.83871293
4245.22580969
4245.61290646
4246.00000322
4246.38709998
4246.77419674
4247.16129351
4247.54839027
4247.93548703
4248.32258379
4248.70968056
4249.09677732
4249.48387408
4249.87097085
4250.25806761
4250.64516437
4251.03226113
4251.41935790
4251.80645466
4252.19355142
4252.58064818
4252.96774495
4253.35484171
4253.74193847
4254.12903523
4254.51613200
4254.90322876
4255.29032552
4255.67742229
4256.06451905
4256.45161581
4256.83871257
4257.22580934
4257.61290610
4258.00000286
4258.38709962
4258.77419639
4259.16129315
4259.54838991
4259.93548667
4260.32258344
4260.70968020
4261.09677696
4261.48387372
4261.87097049
4262.25806725
4262.64516401
4263.03226078
4263.41935754
4263.80645430
4264.19355106
4264.58064783
4264.96774459
4265.35484135
4265.74193811
4266.12903488
4266.51613164
4266.90322840
4267.29032516
4267.67742193
4268.06451869
4268.45161545
4268.83871222
4269.22580898
4269.61290574
4270.00000250
4270.38709927
4270.77419603
4271.16129279
4271.54838955
4271.93548632
4272.32258308
4272.70967984
4273.09677660
4273.48387337
4273.87097013
4274.25806689
4274.64516366
4275.03226042
4275.41935718
4275.80645394
4276.19355071
4276.58064747
4276.96774423
4277.35484099
4277.74193776
4278.12903452
4278.51613128
4278.90322804
4279.29032481
4279.67742157
4280.06451833
4280.45161510
4280.83871186
4281.22580862
4281.61290538
4282.00000215
4282.38709891
4282.77419567
4283.16129243
4283.54838920
4283.93548596
4284.32258272
4284.70967948
4285.09677625
4285.48387301
4285.87096977
4286.25806653
4286.64516330
4287.03226006
4287.41935682
4287.80645359
4288.19355035
4288.58064711
4288.96774387
4289.35484064
4289.74193740
4290.12903416
4290.51613092
4290.90322769
4291.29032445
4291.67742121
4292.06451797
4292.45161474
4292.83871150
4293.22580826
4293.61290503
4294.00000179
4294.38709855
4294.77419531
4295.16129208
4295.54838884
4295.93548560
4296.32258236
4296.70967913
4297.09677589
4297.48387265
4297.87096941
4298.25806618
4298.64516294
4299.03225970
4299.41935647
4299.80645323
4300.19354999
4300.58064675
4300.96774352
4301.35484028
4301.74193704
4302.12903380
4302.51613057
4302.90322733
4303.29032409
4303.67742085
4304.06451762
4304.45161438
4304.83871114
4305.22580791
4305.61290467
4306.00000143
4306.38709819
4306.77419496
4307.16129172
4307.54838848
4307.93548524
4308.32258201
4308.70967877
4309.09677553
4309.48387229
4309.87096906
