2592.02052909
2592.06060729
2592.10068549
2592.14076369
2592.18084189
2592.22092009
2592.26099829
2592.30107649
2592.34115469
2592.38123289
2592.42131110
2592.46138930
2592.50146750
2592.54154570
2592.58162390
2592.62170210
2592.66178030
2592.70185850
2592.74193670
2592.78201490
2592.82209310
2592.86217130
2592.90224950
2592.94232770
2592.98240590
2593.02248410
2593.06256230
2593.10264050
2593.14271870
2593.18279690
2593.22287510
2593.26295330
2593.30303150
2593.34310970
2593.38318790
2593.42326611
2593.46334431
2593.50342251
2593.54350071
2593.58357891
2593.62365711
2593.66373531
2593.70381351
2593.74389171
2593.78396991
2593.82404811
2593.86412631
2593.90420451
2593.94428271
2593.98436091
2594.02443911
2594.06451731
2594.10459551
2594.14467371
2594.18475191
2594.22483011
2594.26490831
2594.30498651
2594.34506471
2594.38514291
2594.42522112
2594.46529932
2594.50537752
2594.54545572
2594.58553392
2594.62561212
2594.66569032
2594.70576852
2594.74584672
2594.78592492
2594.82600312
2594.86608132
2594.90615952
2594.94623772
2594.98631592
2595.02639412
2595.06647232
2595.10655052
2595.14662872
2595.18670692
2595.22678512
2595.26686332
2595.30694152
2595.34701972
2595.38709792
2595.42717613
2595.46725433
2595.50733253
2595.54741073
2595.58748893
2595.62756713
2595.66764533
2595.70772353
2595.74780173
2595.78787993
2595.82795813
2595.86803633
2595.90811453
2595.94819273
2595.98827093
2596.02834913
2596.06842733
2596.10850553
2596.14858373
2596.18866193
2596.22874013
2596.26881833
2596.30889653
2596.34897473
2596.38905293
2596.42913114
2596.46920934
2596.50928754
2596.54936574
2596.58944394
2596.62952214
2596.66960034
2596.70967854
2596.74975674
2596.78983494
2596.82991314
2596.86999134
2596.91006954
2596.95014774
2596.99022594
2597.03030414
2597.07038234
2597.11046054
2597.15053874
2597.19061694
2597.23069514
2597.27077334
2597.31085154
2597.35092974
2597.39100794
2597.43108615
2597.47116435
2597.51124255
2597.55132075
2597.59139895
2597.63147715
2597.67155535
2597.71163355
2597.75171175
2597.79178995
2597.83186815
2597.87194635
2597.91202455
2597.95210275
2597.99218095
2598.03225915
2598.07233735
2598.11241555
2598.15249375
2598.19257195
2598.23265015
2598.27272835
2598.31280655
2598.35288475
2598.39296295
2598.43304116
2598.47311936
2598.51319756
2598.55327576
2598.59335396
2598.63343216
2598.67351036
2598.71358856
2598.75366676
2598.79374496
2598.83382316
2598.87390136
2598.91397956
2598.95405776
2598.99413596
2599.03421416
2599.07429236
2599.11437056
2599.15444876
2599.19452696
2599.23460516
2599.27468336
2599.31476156
2599.35483976
2599.39491796
2599.43499617
2599.47507437
2599.51515257
2599.55523077
2599.59530897
2599.63538717
2599.67546537
2599.71554357
2599.75562177
2599.79569997
2599.83577817
2599.87585637
2599.91593457
2599.95601277
2599.99609097
2600.03616917
2600.07624737
2600.11632557
2600.15640377
2600.19648197
2600.23656017
2600.27663837
2600.31671657
2600.35679477
2600.39687297
2600.43695118
2600.47702938
2600.51710758
2600.55718578
2600.59726398
2600.63734218
2600.67742038
2600.71749858
2600.75757678
2600.79765498
2600.83773318
2600.87781138
2600.91788958
2600.95796778
2600.99804598
2601.03812418
2601.07820238
2601.11828058
2601.15835878
2601.19843698
2601.23851518
2601.27859338
2601.31867158
2601.35874978
2601.39882798
2601.43890619
2601.47898439
2601.51906259
2601.55914079
2601.59921899
2601.63929719
2601.67937539
2601.71945359
2601.75953179
2601.79960999
2601.83968819
2601.87976639
2601.91984459
2601.95992279
2602.00000099
2602.04007919
2602.08015739
2602.12023559
2602.16031379
2602.20039199
2602.24047019
2602.28054839
2602.32062659
2602.36070479
2602.40078299
2602.44086120
2602.48093940
2602.52101760
2602.56109580
2602.60117400
2602.64125220
2602.68133040
2602.72140860
2602.76148680
2602.80156500
2602.84164320
2602.88172140
2602.92179960
2602.96187780
2603.00195600
2603.04203420
2603.08211240
2603.12219060
2603.16226880
2603.20234700
2603.24242520
2603.28250340
2603.32258160
2603.36265980
2603.40273800
2603.44281621
2603.48289441
2603.52297261
2603.56305081
2603.60312901
2603.64320721
2603.68328541
2603.72336361
2603.76344181
2603.80352001
2603.84359821
2603.88367641
2603.92375461
2603.96383281
2604.00391101
2604.04398921
2604.08406741
2604.12414561
2604.16422381
2604.20430201
2604.24438021
2604.28445841
2604.32453661
2604.36461481
2604.40469301
2604.44477122
2604.48484942
2604.52492762
2604.56500582
2604.60508402
2604.64516222
2604.68524042
2604.72531862
2604.76539682
2604.80547502
2604.84555322
2604.88563142
2604.92570962
2604.96578782
2605.00586602
2605.04594422
2605.08602242
2605.12610062
2605.16617882
2605.20625702
2605.24633522
2605.28641342
2605.32649162
2605.36656982
2605.40664802
2605.44672623
2605.48680443
2605.52688263
2605.56696083
2605.60703903
2605.64711723
2605.68719543
2605.72727363
2605.76735183
2605.80743003
2605.84750823
2605.88758643
2605.92766463
2605.96774283
2606.00782103
2606.04789923
2606.08797743
2606.12805563
2606.16813383
2606.20821203
2606.24829023
2606.28836843
2606.32844663
2606.36852483
2606.40860303
2606.44868124
2606.48875944
2606.52883764
2606.56891584
2606.60899404
2606.64907224
2606.68915044
2606.72922864
2606.76930684
2606.80938504
2606.84946324
2606.88954144
2606.92961964
2606.96969784
2607.00977604
2607.04985424
2607.08993244
2607.13001064
2607.17008884
2607.21016704
2607.25024524
2607.29032344
2607.33040164
2607.37047984
2607.41055804
2607.45063625
2607.49071445
2607.53079265
2607.57087085
2607.61094905
2607.65102725
2607.69110545
2607.73118365
2607.77126185
2607.81134005
2607.85141825
2607.89149645
2607.93157465
2607.97165285
2608.01173105
2608.05180925
2608.09188745
2608.13196565
2608.17204385
2608.21212205
2608.25220025
2608.29227845
2608.33235665
2608.37243485
2608.41251305
2608.45259126
2608.49266946
2608.53274766
2608.57282586
2608.61290406
2608.65298226
2608.69306046
2608.73313866
2608.77321686
2608.81329506
2608.85337326
2608.89345146
2608.93352966
2608.97360786
2609.01368606
2609.05376426
2609.09384246
2609.13392066
2609.17399886
2609.21407706
2609.25415526
2609.29423346
2609.33431166
2609.37438986
2609.41446806
2609.45454627
2609.49462447
2609.53470267
2609.57478087
2609.61485907
2609.65493727
2609.69501547
2609.73509367
2609.77517187
2609.81525007
2609.85532827
2609.89540647
2609.93548467
2609.97556287
2610.01564107
2610.05571927
2610.09579747
2610.13587567
2610.17595387
2610.21603207
2610.25611027
2610.29618847
2610.33626667
2610.37634487
2610.41642307
2610.45650128
2610.49657948
2610.53665768
2610.57673588
2610.61681408
2610.65689228
2610.69697048
2610.73704868
2610.77712688
2610.81720508
2610.85728328
2610.89736148
2610.93743968
2610.97751788
2611.01759608
2611.05767428
2611.09775248
2611.13783068
2611.17790888
2611.21798708
2611.25806528
2611.29814348
2611.33822168
2611.37829988
2611.41837808
2611.45845629
2611.49853449
2611.53861269
2611.57869089
2611.61876909
2611.65884729
2611.69892549
2611.73900369
2611.77908189
2611.81916009
2611.85923829
2611.89931649
2611.93939469
2611.97947289
2612.01955109
2612.05962929
2612.09970749
2612.13978569
2612.17986389
2612.21994209
2612.26002029
2612.30009849
2612.34017669
2612.38025489
2612.42033309
2612.46041130
2612.50048950
2612.54056770
2612.58064590
2612.62072410
2612.66080230
2612.70088050
2612.74095870
2612.78103690
2612.82111510
2612.86119330
2612.90127150
2612.94134970
2612.98142790
2613.02150610
2613.06158430
2613.10166250
2613.14174070
2613.18181890
2613.22189710
2613.26197530
2613.30205350
2613.34213170
2613.38220990
2613.42228810
2613.46236631
2613.50244451
2613.54252271
2613.58260091
2613.62267911
2613.66275731
2613.70283551
2613.74291371
2613.78299191
2613.82307011
2613.86314831
2613.90322651
2613.94330471
2613.98338291
2614.02346111
2614.06353931
2614.10361751
2614.14369571
2614.18377391
2614.22385211
2614.26393031
2614.30400851
2614.34408671
2614.38416491
2614.42424311
2614.46432132
2614.50439952
2614.54447772
2614.58455592
2614.62463412
2614.66471232
2614.70479052
2614.74486872
2614.78494692
2614.82502512
2614.86510332
2614.90518152
2614.94525972
2614.98533792
2615.02541612
2615.06549432
2615.10557252
2615.14565072
2615.18572892
2615.22580712
2615.26588532
2615.30596352
2615.34604172
2615.38611992
2615.42619812
2615.46627633
2615.50635453
2615.54643273
2615.58651093
2615.62658913
2615.66666733
2615.70674553
2615.74682373
2615.78690193
2615.82698013
2615.86705833
2615.90713653
2615.94721473
2615.98729293
2616.02737113
2616.06744933
2616.10752753
2616.14760573
2616.18768393
2616.22776213
2616.26784033
2616.30791853
2616.34799673
2616.38807493
2616.42815313
2616.46823134
2616.50830954
2616.54838774
2616.58846594
2616.62854414
2616.66862234
2616.70870054
2616.74877874
2616.78885694
2616.82893514
2616.86901334
2616.90909154
2616.94916974
2616.98924794
2617.02932614
2617.06940434
2617.10948254
2617.14956074
2617.18963894
2617.22971714
2617.26979534
2617.30987354
2617.34995174
2617.39002994
2617.43010814
2617.47018635
2617.51026455
2617.55034275
2617.59042095
2617.63049915
2617.67057735
2617.71065555
2617.75073375
2617.79081195
2617.83089015
2617.87096835
2617.91104655
2617.95112475
2617.99120295
2618.03128115
2618.07135935
2618.11143755
2618.15151575
2618.19159395
2618.23167215
2618.27175035
2618.31182855
2618.35190675
2618.39198495
2618.43206315
2618.47214136
2618.51221956
2618.55229776
2618.59237596
2618.63245416
2618.67253236
2618.71261056
2618.75268876
2618.79276696
2618.83284516
2618.87292336
2618.91300156
2618.95307976
2618.99315796
2619.03323616
2619.07331436
2619.11339256
2619.15347076
2619.19354896
2619.23362716
2619.27370536
2619.31378356
2619.35386176
2619.39393996
2619.43401816
2619.47409637
2619.51417457
2619.55425277
2619.59433097
2619.63440917
2619.67448737
2619.71456557
2619.75464377
2619.79472197
2619.83480017
2619.87487837
2619.91495657
2619.95503477
2619.99511297
2620.03519117
2620.07526937
2620.11534757
2620.15542577
2620.19550397
2620.23558217
2620.27566037
2620.31573857
2620.35581677
2620.39589497
2620.43597317
2620.47605138
2620.51612958
2620.55620778
2620.59628598
2620.63636418
2620.67644238
2620.71652058
2620.75659878
2620.79667698
2620.83675518
2620.87683338
2620.91691158
2620.95698978
2620.99706798
2621.03714618
2621.07722438
2621.11730258
2621.15738078
2621.19745898
2621.23753718
2621.27761538
2621.31769358
2621.35777178
2621.39784998
2621.43792818
2621.47800639
2621.51808459
2621.55816279
2621.59824099
2621.63831919
2621.67839739
2621.71847559
2621.75855379
2621.79863199
2621.83871019
2621.87878839
2621.91886659
2621.95894479
2621.99902299
2622.03910119
2622.07917939
2622.11925759
2622.15933579
2622.19941399
2622.23949219
2622.27957039
2622.31964859
2622.35972679
2622.39980499
2622.43988319
2622.47996140
2622.52003960
2622.56011780
2622.60019600
2622.64027420
2622.68035240
2622.72043060
2622.76050880
2622.80058700
2622.84066520
2622.88074340
2622.92082160
2622.96089980
2623.00097800
2623.04105620
2623.08113440
2623.12121260
2623.16129080
2623.20136900
2623.24144720
2623.28152540
2623.32160360
2623.36168180
2623.40176000
2623.44183820
2623.48191641
2623.52199461
2623.56207281
2623.60215101
2623.64222921
2623.68230741
2623.72238561
2623.76246381
2623.80254201
2623.84262021
2623.88269841
2623.92277661
2623.96285481
2624.00293301
2624.04301121
2624.08308941
2624.12316761
2624.16324581
2624.20332401
2624.24340221
2624.28348041
2624.32355861
2624.36363681
2624.40371501
2624.44379321
2624.48387142
2624.52394962
2624.56402782
2624.60410602
2624.64418422
2624.68426242
2624.72434062
2624.76441882
2624.80449702
2624.84457522
2624.88465342
2624.92473162
2624.96480982
2625.00488802
2625.04496622
2625.08504442
2625.12512262
2625.16520082
2625.20527902
2625.24535722
2625.28543542
2625.32551362
2625.36559182
2625.40567002
2625.44574822
2625.48582643
2625.52590463
2625.56598283
2625.60606103
2625.64613923
2625.68621743
2625.72629563
2625.76637383
2625.80645203
2625.84653023
2625.88660843
2625.92668663
2625.96676483
2626.00684303
2626.04692123
2626.08699943
2626.12707763
2626.16715583
2626.20723403
2626.24731223
2626.28739043
2626.32746863
2626.36754683
2626.40762503
2626.44770323
2626.48778144
2626.52785964
2626.56793784
2626.60801604
2626.64809424
2626.68817244
2626.72825064
2626.76832884
2626.80840704
2626.84848524
2626.88856344
2626.92864164
2626.96871984
2627.00879804
2627.04887624
2627.08895444
2627.12903264
2627.16911084
2627.20918904
2627.24926724
2627.28934544
2627.32942364
2627.36950184
2627.40958004
2627.44965824
2627.48973645
2627.52981465
2627.56989285
2627.60997105
2627.65004925
2627.69012745
2627.73020565
2627.77028385
2627.81036205
2627.85044025
2627.89051845
2627.93059665
2627.97067485
2628.01075305
2628.05083125
2628.09090945
2628.13098765
2628.17106585
2628.21114405
2628.25122225
2628.29130045
2628.33137865
2628.37145685
2628.41153505
2628.45161325
2628.49169146
2628.53176966
2628.57184786
2628.61192606
2628.65200426
2628.69208246
2628.73216066
2628.77223886
2628.81231706
2628.85239526
2628.89247346
2628.93255166
2628.97262986
2629.01270806
2629.05278626
2629.09286446
2629.13294266
2629.17302086
2629.21309906
2629.25317726
2629.29325546
2629.33333366
2629.37341186
2629.41349006
2629.45356826
2629.49364647
2629.53372467
2629.57380287
2629.61388107
2629.65395927
2629.69403747
2629.73411567
2629.77419387
2629.81427207
2629.85435027
2629.89442847
2629.93450667
2629.97458487
2630.01466307
2630.05474127
2630.09481947
2630.13489767
2630.17497587
2630.21505407
2630.25513227
2630.29521047
2630.33528867
2630.37536687
2630.41544507
2630.45552327
2630.49560148
2630.53567968
2630.57575788
2630.61583608
2630.65591428
2630.69599248
2630.73607068
2630.77614888
2630.81622708
2630.85630528
2630.89638348
2630.93646168
2630.97653988
2631.01661808
2631.05669628
2631.09677448
2631.13685268
2631.17693088
2631.21700908
2631.25708728
2631.29716548
2631.33724368
2631.37732188
2631.41740008
2631.45747828
2631.49755649
2631.53763469
2631.57771289
2631.61779109
2631.65786929
2631.69794749
2631.73802569
2631.77810389
2631.81818209
2631.85826029
2631.89833849
2631.93841669
2631.97849489
2632.01857309
2632.05865129
2632.09872949
2632.13880769
2632.17888589
2632.21896409
2632.25904229
2632.29912049
2632.33919869
2632.37927689
2632.41935509
2632.45943329
2632.49951150
2632.53958970
2632.57966790
2632.61974610
2632.65982430
2632.69990250
2632.73998070
2632.78005890
2632.82013710
2632.86021530
2632.90029350
2632.94037170
2632.98044990
2633.02052810
2633.06060630
2633.10068450
2633.14076270
2633.18084090
2633.22091910
2633.26099730
2633.30107550
2633.34115370
2633.38123190
2633.42131010
2633.46138830
2633.50146651
2633.54154471
2633.58162291
2633.62170111
2633.66177931
2633.70185751
2633.74193571
2633.78201391
2633.82209211
2633.86217031
2633.90224851
2633.94232671
2633.98240491
2634.02248311
2634.06256131
2634.10263951
2634.14271771
2634.18279591
2634.22287411
2634.26295231
2634.30303051
2634.34310871
2634.38318691
2634.42326511
2634.46334331
2634.50342152
2634.54349972
2634.58357792
2634.62365612
2634.66373432
2634.70381252
2634.74389072
2634.78396892
2634.82404712
2634.86412532
2634.90420352
2634.94428172
2634.98435992
2635.02443812
2635.06451632
2635.10459452
2635.14467272
2635.18475092
2635.22482912
2635.26490732
2635.30498552
2635.34506372
2635.38514192
2635.42522012
2635.46529832
2635.50537653
2635.54545473
2635.58553293
2635.62561113
2635.66568933
2635.70576753
2635.74584573
2635.78592393
2635.82600213
2635.86608033
2635.90615853
2635.94623673
2635.98631493
2636.02639313
2636.06647133
2636.10654953
2636.14662773
2636.18670593
2636.22678413
2636.26686233
2636.30694053
2636.34701873
2636.38709693
2636.42717513
2636.46725333
2636.50733154
2636.54740974
2636.58748794
2636.62756614
2636.66764434
2636.70772254
2636.74780074
2636.78787894
2636.82795714
2636.86803534
2636.90811354
2636.94819174
2636.98826994
2637.02834814
2637.06842634
2637.10850454
2637.14858274
2637.18866094
2637.22873914
2637.26881734
2637.30889554
2637.34897374
2637.38905194
2637.42913014
2637.46920834
2637.50928655
2637.54936475
2637.58944295
2637.62952115
2637.66959935
2637.70967755
2637.74975575
2637.78983395
2637.82991215
2637.86999035
2637.91006855
2637.95014675
2637.99022495
2638.03030315
2638.07038135
2638.11045955
2638.15053775
2638.19061595
2638.23069415
2638.27077235
2638.31085055
2638.35092875
2638.39100695
2638.43108515
2638.47116335
2638.51124156
2638.55131976
2638.59139796
2638.63147616
2638.67155436
2638.71163256
2638.75171076
2638.79178896
2638.83186716
2638.87194536
2638.91202356
2638.95210176
2638.99217996
2639.03225816
2639.07233636
2639.11241456
2639.15249276
2639.19257096
2639.23264916
2639.27272736
2639.31280556
2639.35288376
2639.39296196
2639.43304016
2639.47311836
2639.51319657
2639.55327477
2639.59335297
2639.63343117
2639.67350937
2639.71358757
2639.75366577
2639.79374397
2639.83382217
2639.87390037
2639.91397857
2639.95405677
2639.99413497
2640.03421317
2640.07429137
2640.11436957
2640.15444777
2640.19452597
2640.23460417
2640.27468237
2640.31476057
2640.35483877
2640.39491697
2640.43499517
2640.47507337
2640.51515158
2640.55522978
2640.59530798
2640.63538618
2640.67546438
2640.71554258
2640.75562078
2640.79569898
2640.83577718
2640.87585538
2640.91593358
2640.95601178
2640.99608998
2641.03616818
2641.07624638
2641.11632458
2641.15640278
2641.19648098
2641.23655918
2641.27663738
2641.31671558
2641.35679378
2641.39687198
2641.43695018
2641.47702838
2641.51710659
2641.55718479
2641.59726299
2641.63734119
2641.67741939
2641.71749759
2641.75757579
2641.79765399
2641.83773219
2641.87781039
2641.91788859
2641.95796679
2641.99804499
2642.03812319
2642.07820139
2642.11827959
2642.15835779
2642.19843599
2642.23851419
2642.27859239
2642.31867059
2642.35874879
2642.39882699
2642.43890519
2642.47898339
2642.51906160
2642.55913980
2642.59921800
2642.63929620
2642.67937440
2642.71945260
2642.75953080
2642.79960900
2642.83968720
2642.87976540
2642.91984360
2642.95992180
2643.00000000
2643.04007820
2643.08015640
2643.12023460
2643.16031280
2643.20039100
2643.24046920
2643.28054740
2643.32062560
2643.36070380
2643.40078200
2643.44086020
2643.48093840
2643.52101661
2643.56109481
2643.60117301
2643.64125121
2643.68132941
2643.72140761
2643.76148581
2643.80156401
2643.84164221
2643.88172041
2643.92179861
2643.96187681
2644.00195501
2644.04203321
2644.08211141
2644.12218961
2644.16226781
2644.20234601
2644.24242421
2644.28250241
2644.32258061
2644.36265881
2644.40273701
2644.44281521
2644.48289341
2644.52297162
2644.56304982
2644.60312802
2644.64320622
2644.68328442
2644.72336262
2644.76344082
2644.80351902
2644.84359722
2644.88367542
2644.92375362
2644.96383182
2645.00391002
2645.04398822
2645.08406642
2645.12414462
2645.16422282
2645.20430102
2645.24437922
2645.28445742
2645.32453562
2645.36461382
2645.40469202
2645.44477022
2645.48484842
2645.52492663
2645.56500483
2645.60508303
2645.64516123
2645.68523943
2645.72531763
2645.76539583
2645.80547403
2645.84555223
2645.88563043
2645.92570863
2645.96578683
2646.00586503
2646.04594323
2646.08602143
2646.12609963
2646.16617783
2646.20625603
2646.24633423
2646.28641243
2646.32649063
2646.36656883
2646.40664703
2646.44672523
2646.48680343
2646.52688164
2646.56695984
2646.60703804
2646.64711624
2646.68719444
2646.72727264
2646.76735084
2646.80742904
2646.84750724
2646.88758544
2646.92766364
2646.96774184
2647.00782004
2647.04789824
2647.08797644
2647.12805464
2647.16813284
2647.20821104
2647.24828924
2647.28836744
2647.32844564
2647.36852384
2647.40860204
2647.44868024
2647.48875844
2647.52883665
2647.56891485
2647.60899305
2647.64907125
2647.68914945
2647.72922765
2647.76930585
2647.80938405
2647.84946225
2647.88954045
2647.92961865
2647.96969685
2648.00977505
2648.04985325
2648.08993145
2648.13000965
2648.17008785
2648.21016605
2648.25024425
2648.29032245
2648.33040065
2648.37047885
2648.41055705
2648.45063525
2648.49071345
2648.53079166
2648.57086986
2648.61094806
2648.65102626
2648.69110446
2648.73118266
2648.77126086
2648.81133906
2648.85141726
2648.89149546
2648.93157366
2648.97165186
2649.01173006
2649.05180826
2649.09188646
2649.13196466
2649.17204286
2649.21212106
2649.25219926
2649.29227746
2649.33235566
2649.37243386
2649.41251206
2649.45259026
2649.49266846
2649.53274667
2649.57282487
2649.61290307
2649.65298127
2649.69305947
2649.73313767
2649.77321587
2649.81329407
2649.85337227
2649.89345047
2649.93352867
2649.97360687
2650.01368507
2650.05376327
2650.09384147
2650.13391967
2650.17399787
2650.21407607
2650.25415427
2650.29423247
2650.33431067
2650.37438887
2650.41446707
2650.45454527
2650.49462347
2650.53470168
2650.57477988
2650.61485808
2650.65493628
2650.69501448
2650.73509268
2650.77517088
2650.81524908
2650.85532728
2650.89540548
2650.93548368
2650.97556188
2651.01564008
2651.05571828
2651.09579648
2651.13587468
2651.17595288
2651.21603108
2651.25610928
2651.29618748
2651.33626568
2651.37634388
2651.41642208
2651.45650028
2651.49657848
2651.53665669
2651.57673489
2651.61681309
2651.65689129
2651.69696949
2651.73704769
2651.77712589
2651.81720409
2651.85728229
2651.89736049
2651.93743869
2651.97751689
2652.01759509
2652.05767329
2652.09775149
2652.13782969
2652.17790789
2652.21798609
2652.25806429
2652.29814249
2652.33822069
2652.37829889
2652.41837709
2652.45845529
2652.49853349
2652.53861170
2652.57868990
2652.61876810
2652.65884630
2652.69892450
2652.73900270
2652.77908090
2652.81915910
2652.85923730
2652.89931550
2652.93939370
2652.97947190
2653.01955010
2653.05962830
2653.09970650
2653.13978470
2653.17986290
2653.21994110
2653.26001930
2653.30009750
2653.34017570
2653.38025390
2653.42033210
2653.46041030
2653.50048850
2653.54056671
2653.58064491
2653.62072311
2653.66080131
2653.70087951
2653.74095771
2653.78103591
2653.82111411
2653.86119231
2653.90127051
2653.94134871
2653.98142691
2654.02150511
2654.06158331
2654.10166151
2654.14173971
2654.18181791
2654.22189611
2654.26197431
2654.30205251
2654.34213071
2654.38220891
2654.42228711
2654.46236531
2654.50244351
2654.54252172
2654.58259992
2654.62267812
2654.66275632
2654.70283452
2654.74291272
2654.78299092
2654.82306912
2654.86314732
2654.90322552
2654.94330372
2654.98338192
2655.02346012
2655.06353832
2655.10361652
2655.14369472
2655.18377292
2655.22385112
2655.26392932
2655.30400752
2655.34408572
2655.38416392
2655.42424212
2655.46432032
2655.50439852
2655.54447673
2655.58455493
2655.62463313
2655.66471133
2655.70478953
2655.74486773
2655.78494593
2655.82502413
2655.86510233
2655.90518053
2655.94525873
2655.98533693
2656.02541513
2656.06549333
2656.10557153
2656.14564973
2656.18572793
2656.22580613
2656.26588433
2656.30596253
2656.34604073
2656.38611893
2656.42619713
2656.46627533
2656.50635353
2656.54643174
2656.58650994
2656.62658814
2656.66666634
2656.70674454
2656.74682274
2656.78690094
2656.82697914
2656.86705734
2656.90713554
2656.94721374
2656.98729194
2657.02737014
2657.06744834
2657.10752654
2657.14760474
2657.18768294
2657.22776114
2657.26783934
2657.30791754
2657.34799574
2657.38807394
2657.42815214
2657.46823034
2657.50830854
2657.54838675
2657.58846495
2657.62854315
2657.66862135
2657.70869955
2657.74877775
2657.78885595
2657.82893415
2657.86901235
2657.90909055
2657.94916875
2657.98924695
2658.02932515
2658.06940335
2658.10948155
2658.14955975
2658.18963795
2658.22971615
2658.26979435
2658.30987255
2658.34995075
2658.39002895
2658.43010715
2658.47018535
2658.51026355
2658.55034176
2658.59041996
2658.63049816
2658.67057636
2658.71065456
2658.75073276
2658.79081096
2658.83088916
2658.87096736
2658.91104556
2658.95112376
2658.99120196
2659.03128016
2659.07135836
2659.11143656
2659.15151476
2659.19159296
2659.23167116
2659.27174936
2659.31182756
2659.35190576
2659.39198396
2659.43206216
2659.47214036
2659.51221856
2659.55229677
2659.59237497
2659.63245317
2659.67253137
2659.71260957
2659.75268777
2659.79276597
2659.83284417
2659.87292237
2659.91300057
2659.95307877
2659.99315697
2660.03323517
2660.07331337
2660.11339157
2660.15346977
2660.19354797
2660.23362617
2660.27370437
2660.31378257
2660.35386077
2660.39393897
2660.43401717
2660.47409537
2660.51417357
2660.55425178
2660.59432998
2660.63440818
2660.67448638
2660.71456458
2660.75464278
2660.79472098
2660.83479918
2660.87487738
2660.91495558
2660.95503378
2660.99511198
2661.03519018
2661.07526838
2661.11534658
2661.15542478
2661.19550298
2661.23558118
2661.27565938
2661.31573758
2661.35581578
2661.39589398
2661.43597218
2661.47605038
2661.51612858
2661.55620679
2661.59628499
2661.63636319
2661.67644139
2661.71651959
2661.75659779
2661.79667599
2661.83675419
2661.87683239
2661.91691059
2661.95698879
2661.99706699
2662.03714519
2662.07722339
2662.11730159
2662.15737979
2662.19745799
2662.23753619
2662.27761439
2662.31769259
2662.35777079
2662.39784899
2662.43792719
2662.47800539
2662.51808359
2662.55816180
2662.59824000
2662.63831820
2662.67839640
2662.71847460
2662.75855280
2662.79863100
2662.83870920
2662.87878740
2662.91886560
2662.95894380
2662.99902200
2663.03910020
2663.07917840
2663.11925660
2663.15933480
2663.19941300
2663.23949120
2663.27956940
2663.31964760
2663.35972580
2663.39980400
2663.43988220
2663.47996040
2663.52003860
2663.56011681
2663.60019501
2663.64027321
2663.68035141
2663.72042961
2663.76050781
2663.80058601
2663.84066421
2663.88074241
2663.92082061
2663.96089881
2664.00097701
2664.04105521
2664.08113341
2664.12121161
2664.16128981
2664.20136801
2664.24144621
2664.28152441
2664.32160261
2664.36168081
2664.40175901
2664.44183721
2664.48191541
2664.52199361
2664.56207182
2664.60215002
2664.64222822
2664.68230642
2664.72238462
2664.76246282
2664.80254102
2664.84261922
2664.88269742
2664.92277562
2664.96285382
2665.00293202
2665.04301022
2665.08308842
2665.12316662
2665.16324482
2665.20332302
2665.24340122
2665.28347942
2665.32355762
2665.36363582
2665.40371402
2665.44379222
2665.48387042
2665.52394862
2665.56402683
2665.60410503
2665.64418323
2665.68426143
2665.72433963
2665.76441783
2665.80449603
2665.84457423
2665.88465243
2665.92473063
2665.96480883
2666.00488703
2666.04496523
2666.08504343
2666.12512163
2666.16519983
2666.20527803
2666.24535623
2666.28543443
2666.32551263
2666.36559083
2666.40566903
2666.44574723
2666.48582543
2666.52590363
2666.56598184
2666.60606004
2666.64613824
2666.68621644
2666.72629464
2666.76637284
2666.80645104
2666.84652924
2666.88660744
2666.92668564
2666.96676384
2667.00684204
2667.04692024
2667.08699844
2667.12707664
2667.16715484
2667.20723304
2667.24731124
2667.28738944
2667.32746764
2667.36754584
2667.40762404
2667.44770224
2667.48778044
2667.52785864
2667.56793685
2667.60801505
2667.64809325
2667.68817145
2667.72824965
2667.76832785
2667.80840605
2667.84848425
2667.88856245
2667.92864065
2667.96871885
2668.00879705
2668.04887525
2668.08895345
2668.12903165
2668.16910985
2668.20918805
2668.24926625
2668.28934445
2668.32942265
2668.36950085
2668.40957905
2668.44965725
2668.48973545
2668.52981365
2668.56989186
2668.60997006
2668.65004826
2668.69012646
2668.73020466
2668.77028286
2668.81036106
2668.85043926
2668.89051746
2668.93059566
2668.97067386
2669.01075206
2669.05083026
2669.09090846
2669.13098666
2669.17106486
2669.21114306
2669.25122126
2669.29129946
2669.33137766
2669.37145586
2669.41153406
2669.45161226
2669.49169046
2669.53176866
2669.57184687
2669.61192507
2669.65200327
2669.69208147
2669.73215967
2669.77223787
2669.81231607
2669.85239427
2669.89247247
2669.93255067
2669.97262887
2670.01270707
2670.05278527
2670.09286347
2670.13294167
2670.17301987
2670.21309807
2670.25317627
2670.29325447
2670.33333267
2670.37341087
2670.41348907
2670.45356727
2670.49364547
2670.53372367
2670.57380188
2670.61388008
2670.65395828
2670.69403648
2670.73411468
2670.77419288
2670.81427108
2670.85434928
2670.89442748
2670.93450568
2670.97458388
2671.01466208
2671.05474028
2671.09481848
2671.13489668
2671.17497488
2671.21505308
2671.25513128
2671.29520948
2671.33528768
2671.37536588
2671.41544408
2671.45552228
2671.49560048
2671.53567868
2671.57575689
2671.61583509
2671.65591329
2671.69599149
2671.73606969
2671.77614789
2671.81622609
2671.85630429
2671.89638249
2671.93646069
2671.97653889
2672.01661709
2672.05669529
2672.09677349
2672.13685169
2672.17692989
2672.21700809
2672.25708629
2672.29716449
2672.33724269
2672.37732089
2672.41739909
2672.45747729
2672.49755549
2672.53763369
2672.57771190
2672.61779010
2672.65786830
2672.69794650
2672.73802470
2672.77810290
2672.81818110
2672.85825930
2672.89833750
2672.93841570
2672.97849390
2673.01857210
2673.05865030
2673.09872850
2673.13880670
2673.17888490
2673.21896310
2673.25904130
2673.29911950
2673.33919770
2673.37927590
2673.41935410
2673.45943230
2673.49951050
2673.53958870
2673.57966691
2673.61974511
2673.65982331
2673.69990151
2673.73997971
2673.78005791
2673.82013611
2673.86021431
2673.90029251
2673.94037071
2673.98044891
2674.02052711
2674.06060531
2674.10068351
2674.14076171
2674.18083991
2674.22091811
2674.26099631
2674.30107451
2674.34115271
2674.38123091
2674.42130911
2674.46138731
2674.50146551
2674.54154371
2674.58162192
2674.62170012
2674.66177832
2674.70185652
2674.74193472
2674.78201292
2674.82209112
2674.86216932
2674.90224752
2674.94232572
2674.98240392
2675.02248212
2675.06256032
2675.10263852
2675.14271672
2675.18279492
2675.22287312
2675.26295132
2675.30302952
2675.34310772
2675.38318592
2675.42326412
2675.46334232
2675.50342052
2675.54349872
2675.58357693
2675.62365513
2675.66373333
2675.70381153
2675.74388973
2675.78396793
2675.82404613
2675.86412433
2675.90420253
2675.94428073
2675.98435893
2676.02443713
2676.06451533
2676.10459353
2676.14467173
2676.18474993
2676.22482813
2676.26490633
2676.30498453
2676.34506273
2676.38514093
2676.42521913
2676.46529733
2676.50537553
2676.54545373
2676.58553194
2676.62561014
2676.66568834
2676.70576654
2676.74584474
2676.78592294
2676.82600114
2676.86607934
2676.90615754
2676.94623574
2676.98631394
2677.02639214
2677.06647034
2677.10654854
2677.14662674
2677.18670494
2677.22678314
2677.26686134
2677.30693954
2677.34701774
2677.38709594
2677.42717414
2677.46725234
2677.50733054
2677.54740874
2677.58748695
2677.62756515
2677.66764335
2677.70772155
2677.74779975
2677.78787795
2677.82795615
2677.86803435
2677.90811255
2677.94819075
2677.98826895
2678.02834715
2678.06842535
2678.10850355
2678.14858175
2678.18865995
2678.22873815
2678.26881635
2678.30889455
2678.34897275
2678.38905095
2678.42912915
2678.46920735
2678.50928555
2678.54936375
2678.58944196
2678.62952016
2678.66959836
2678.70967656
2678.74975476
2678.78983296
2678.82991116
2678.86998936
2678.91006756
2678.95014576
2678.99022396
2679.03030216
2679.07038036
2679.11045856
2679.15053676
2679.19061496
2679.23069316
2679.27077136
2679.31084956
2679.35092776
2679.39100596
2679.43108416
2679.47116236
2679.51124056
2679.55131876
2679.59139697
2679.63147517
2679.67155337
2679.71163157
2679.75170977
2679.79178797
2679.83186617
2679.87194437
2679.91202257
2679.95210077
2679.99217897
2680.03225717
2680.07233537
2680.11241357
2680.15249177
2680.19256997
2680.23264817
2680.27272637
2680.31280457
2680.35288277
2680.39296097
2680.43303917
2680.47311737
2680.47800769
2680.52199596
2680.56598423
2680.60997250
2680.65396076
2680.69794903
2680.74193730
2680.78592557
2680.82991384
2680.87390211
2680.91789038
2680.96187865
2681.00586691
2681.04985518
2681.09384345
2681.13783172
2681.18181999
2681.22580826
2681.26979653
2681.31378480
2681.35777307
2681.40176133
2681.44574960
2681.48973787
2681.53372614
2681.57771441
2681.62170268
2681.66569095
2681.70967922
2681.75366748
2681.79765575
2681.84164402
2681.88563229
2681.92962056
2681.97360883
2682.01759710
2682.06158537
2682.10557364
2682.14956190
2682.19355017
2682.23753844
2682.28152671
2682.32551498
2682.36950325
2682.41349152
2682.45747979
2682.50146805
2682.54545632
2682.58944459
2682.63343286
2682.67742113
2682.72140940
2682.76539767
2682.80938594
2682.85337421
2682.89736247
2682.94135074
2682.98533901
2683.02932728
2683.07331555
2683.11730382
2683.16129209
2683.20528036
2683.24926862
2683.29325689
2683.33724516
2683.38123343
2683.42522170
2683.46920997
2683.51319824
2683.55718651
2683.60117478
2683.64516304
2683.68915131
2683.73313958
2683.77712785
2683.82111612
2683.86510439
2683.90909266
2683.95308093
2683.99706919
2684.04105746
2684.08504573
2684.12903400
2684.17302227
2684.21701054
2684.26099881
2684.30498708
2684.34897535
2684.39296361
2684.43695188
2684.48094015
2684.52492842
2684.56891669
2684.61290496
2684.65689323
2684.70088150
2684.74486976
2684.78885803
2684.83284630
2684.87683457
2684.92082284
2684.96481111
2685.00879938
2685.05278765
2685.09677592
2685.14076418
2685.18475245
2685.22874072
2685.27272899
2685.31671726
2685.36070553
2685.40469380
2685.44868207
2685.49267033
2685.53665860
2685.58064687
2685.62463514
2685.66862341
2685.71261168
2685.75659995
2685.80058822
2685.84457649
2685.88856475
2685.93255302
2685.97654129
2686.02052956
2686.06451783
2686.10850610
2686.15249437
2686.19648264
2686.24047090
2686.28445917
2686.32844744
2686.37243571
2686.41642398
2686.46041225
2686.50440052
2686.54838879
2686.59237706
2686.63636532
2686.68035359
2686.72434186
2686.76833013
2686.81231840
2686.85630667
2686.90029494
2686.94428321
2686.98827147
2687.03225974
2687.07624801
2687.12023628
2687.16422455
2687.20821282
2687.25220109
2687.29618936
2687.34017763
2687.38416589
2687.42815416
2687.47214243
2687.51613070
2687.56011897
2687.60410724
2687.64809551
2687.69208378
2687.73607204
2687.78006031
2687.82404858
2687.86803685
2687.91202512
2687.95601339
2688.00000166
2688.04398993
2688.08797820
2688.13196646
2688.17595473
2688.21994300
2688.26393127
2688.30791954
2688.35190781
2688.39589608
2688.43988435
2688.48387261
2688.52786088
2688.57184915
2688.61583742
2688.65982569
2688.70381396
2688.74780223
2688.79179050
2688.83577877
2688.87976703
2688.92375530
2688.96774357
2689.01173184
2689.05572011
2689.09970838
2689.14369665
2689.18768492
2689.23167318
2689.27566145
2689.31964972
2689.36363799
2689.40762626
2689.45161453
2689.49560280
2689.53959107
2689.58357934
2689.62756760
2689.67155587
2689.71554414
2689.75953241
2689.80352068
2689.84750895
2689.89149722
2689.93548549
2689.97947375
2690.02346202
2690.06745029
2690.11143856
2690.15542683
2690.19941510
2690.24340337
2690.28739164
2690.33137991
2690.37536817
2690.41935644
2690.46334471
2690.50733298
2690.55132125
2690.59530952
2690.63929779
2690.68328606
2690.72727432
2690.77126259
2690.81525086
2690.85923913
2690.90322740
2690.94721567
2690.99120394
2691.03519221
2691.07918048
2691.12316874
2691.16715701
2691.21114528
2691.25513355
2691.29912182
2691.34311009
2691.38709836
2691.43108663
2691.47507489
2691.51906316
2691.56305143
2691.60703970
2691.65102797
2691.69501624
2691.73900451
2691.78299278
2691.82698105
2691.87096931
2691.91495758
2691.95894585
2692.00293412
2692.04692239
2692.09091066
2692.13489893
2692.17888720
2692.22287546
2692.26686373
2692.31085200
2692.35484027
2692.39882854
2692.44281681
2692.48680508
2692.53079335
2692.57478162
2692.61876988
2692.66275815
2692.70674642
2692.75073469
2692.79472296
2692.83871123
2692.88269950
2692.92668777
2692.97067603
2693.01466430
2693.05865257
2693.10264084
2693.14662911
2693.19061738
2693.23460565
2693.27859392
2693.32258219
2693.36657045
2693.41055872
2693.45454699
2693.49853526
2693.54252353
2693.58651180
2693.63050007
2693.67448834
2693.71847660
2693.76246487
2693.80645314
2693.85044141
2693.89442968
2693.93841795
2693.98240622
2694.02639449
2694.07038276
2694.11437102
2694.15835929
2694.20234756
2694.24633583
2694.29032410
2694.33431237
2694.37830064
2694.42228891
2694.46627717
2694.51026544
2694.55425371
2694.59824198
2694.64223025
2694.68621852
2694.73020679
2694.77419506
2694.81818333
2694.86217159
2694.90615986
2694.95014813
2694.99413640
2695.03812467
2695.08211294
2695.12610121
2695.17008948
2695.21407774
2695.25806601
2695.30205428
2695.34604255
2695.39003082
2695.43401909
2695.47800736
2695.52199563
2695.56598390
2695.60997216
2695.65396043
2695.69794870
2695.74193697
2695.78592524
2695.82991351
2695.87390178
2695.91789005
2695.96187831
2696.00586658
2696.04985485
2696.09384312
2696.13783139
2696.18181966
2696.22580793
2696.26979620
2696.31378447
2696.35777273
2696.40176100
2696.44574927
2696.48973754
2696.53372581
2696.57771408
2696.62170235
2696.66569062
2696.70967888
2696.75366715
2696.79765542
2696.84164369
2696.88563196
2696.92962023
2696.97360850
2697.01759677
2697.06158504
2697.10557330
2697.14956157
2697.19354984
2697.23753811
2697.28152638
2697.32551465
2697.36950292
2697.41349119
2697.45747945
2697.50146772
2697.54545599
2697.58944426
2697.63343253
2697.67742080
2697.72140907
2697.76539734
2697.80938561
2697.85337387
2697.89736214
2697.94135041
2697.98533868
2698.02932695
2698.07331522
2698.11730349
2698.16129176
2698.20528002
2698.24926829
2698.29325656
2698.33724483
2698.38123310
2698.42522137
2698.46920964
2698.51319791
2698.55718618
2698.60117444
2698.64516271
2698.68915098
2698.73313925
2698.77712752
2698.82111579
2698.86510406
2698.90909233
2698.95308059
2698.99706886
2699.04105713
2699.08504540
2699.12903367
2699.17302194
2699.21701021
2699.26099848
2699.30498675
2699.34897501
2699.39296328
2699.43695155
2699.48093982
2699.52492809
2699.56891636
2699.61290463
2699.65689290
2699.70088116
2699.74486943
2699.78885770
2699.83284597
2699.87683424
2699.92082251
2699.96481078
2700.00879905
2700.05278732
2700.09677558
2700.14076385
2700.18475212
2700.22874039
2700.27272866
2700.31671693
2700.36070520
2700.40469347
2700.44868173
2700.49267000
2700.53665827
2700.58064654
2700.62463481
2700.66862308
2700.71261135
2700.75659962
2700.80058789
2700.84457615
2700.88856442
2700.93255269
2700.97654096
2701.02052923
2701.06451750
2701.10850577
2701.15249404
2701.19648230
2701.24047057
2701.28445884
2701.32844711
2701.37243538
2701.41642365
2701.46041192
2701.50440019
2701.54838846
2701.59237672
2701.63636499
2701.68035326
2701.72434153
2701.76832980
2701.81231807
2701.85630634
2701.90029461
2701.94428287
2701.98827114
2702.03225941
2702.07624768
2702.12023595
2702.16422422
2702.20821249
2702.25220076
2702.29618903
2702.34017729
2702.38416556
2702.42815383
2702.47214210
2702.51613037
2702.56011864
2702.60410691
2702.64809518
2702.69208344
2702.73607171
2702.78005998
2702.82404825
2702.86803652
2702.91202479
2702.95601306
2703.00000133
2703.04398960
2703.08797786
2703.13196613
2703.17595440
2703.21994267
2703.26393094
2703.30791921
2703.35190748
2703.39589575
2703.43988401
2703.48387228
2703.52786055
2703.57184882
2703.61583709
2703.65982536
2703.70381363
2703.74780190
2703.79179017
2703.83577843
2703.87976670
2703.92375497
2703.96774324
2704.01173151
2704.05571978
2704.09970805
2704.14369632
2704.18768458
2704.23167285
2704.27566112
2704.31964939
2704.36363766
2704.40762593
2704.45161420
2704.49560247
2704.53959073
2704.58357900
2704.62756727
2704.67155554
2704.71554381
2704.75953208
2704.80352035
2704.84750862
2704.89149689
2704.93548515
2704.97947342
2705.02346169
2705.06744996
2705.11143823
2705.15542650
2705.19941477
2705.24340304
2705.28739130
2705.33137957
2705.37536784
2705.41935611
2705.46334438
2705.50733265
2705.55132092
2705.59530919
2705.63929746
2705.68328572
2705.72727399
2705.77126226
2705.81525053
2705.85923880
2705.90322707
2705.94721534
2705.99120361
2706.03519187
2706.07918014
2706.12316841
2706.16715668
2706.21114495
2706.25513322
2706.29912149
2706.34310976
2706.38709803
2706.43108629
2706.47507456
2706.51906283
2706.56305110
2706.60703937
2706.65102764
2706.69501591
2706.73900418
2706.78299244
2706.82698071
2706.87096898
2706.91495725
2706.95894552
2707.00293379
2707.04692206
2707.09091033
2707.13489860
2707.17888686
2707.22287513
2707.26686340
2707.31085167
2707.35483994
2707.39882821
2707.44281648
2707.48680475
2707.53079301
2707.57478128
2707.61876955
2707.66275782
2707.70674609
2707.75073436
2707.79472263
2707.83871090
2707.88269917
2707.92668743
2707.97067570
2708.01466397
2708.05865224
2708.10264051
2708.14662878
2708.19061705
2708.23460532
2708.27859358
2708.32258185
2708.36657012
2708.41055839
2708.45454666
2708.49853493
2708.54252320
2708.58651147
2708.63049974
2708.67448800
2708.71847627
2708.76246454
2708.80645281
2708.85044108
2708.89442935
2708.93841762
2708.98240589
2709.02639415
2709.07038242
2709.11437069
2709.15835896
2709.20234723
2709.24633550
2709.29032377
2709.33431204
2709.37830031
2709.42228857
2709.46627684
2709.51026511
2709.55425338
2709.59824165
2709.64222992
2709.68621819
2709.73020646
2709.77419472
2709.81818299
2709.86217126
2709.90615953
2709.95014780
2709.99413607
2710.03812434
2710.08211261
2710.12610088
2710.17008914
2710.21407741
2710.25806568
2710.30205395
2710.34604222
2710.39003049
2710.43401876
2710.47800703
2710.52199529
2710.56598356
2710.60997183
2710.65396010
2710.69794837
2710.74193664
2710.78592491
2710.82991318
2710.87390145
2710.91788971
2710.96187798
2711.00586625
2711.04985452
2711.09384279
2711.13783106
2711.18181933
2711.22580760
2711.26979586
2711.31378413
2711.35777240
2711.40176067
2711.44574894
2711.48973721
2711.53372548
2711.57771375
2711.62170202
2711.66569028
2711.70967855
2711.75366682
2711.79765509
2711.84164336
2711.88563163
2711.92961990
2711.97360817
2712.01759643
2712.06158470
2712.10557297
2712.14956124
2712.19354951
2712.23753778
2712.28152605
2712.32551432
2712.36950259
2712.41349085
2712.45747912
2712.50146739
2712.54545566
2712.58944393
2712.63343220
2712.67742047
2712.72140874
2712.76539700
2712.80938527
2712.85337354
2712.89736181
2712.94135008
2712.98533835
2713.02932662
2713.07331489
2713.11730316
2713.16129142
2713.20527969
2713.24926796
2713.29325623
2713.33724450
2713.38123277
2713.42522104
2713.46920931
2713.51319757
2713.55718584
2713.60117411
2713.64516238
2713.68915065
2713.73313892
2713.77712719
2713.82111546
2713.86510373
2713.90909199
2713.95308026
2713.99706853
2714.04105680
2714.08504507
2714.12903334
2714.17302161
2714.21700988
2714.26099814
2714.30498641
2714.34897468
2714.39296295
2714.43695122
2714.48093949
2714.52492776
2714.56891603
2714.61290430
2714.65689256
2714.70088083
2714.74486910
2714.78885737
2714.83284564
2714.87683391
2714.92082218
2714.96481045
2715.00879871
2715.05278698
2715.09677525
2715.14076352
2715.18475179
2715.22874006
2715.27272833
2715.31671660
2715.36070487
2715.40469313
2715.44868140
2715.49266967
2715.53665794
2715.58064621
2715.62463448
2715.66862275
2715.71261102
2715.75659928
2715.80058755
2715.84457582
2715.88856409
2715.93255236
2715.97654063
2716.02052890
2716.06451717
2716.10850544
2716.15249370
2716.19648197
2716.24047024
2716.28445851
2716.32844678
2716.37243505
2716.41642332
2716.46041159
2716.50439985
2716.54838812
2716.59237639
2716.63636466
2716.68035293
2716.72434120
2716.76832947
2716.81231774
2716.85630601
2716.90029427
2716.94428254
2716.98827081
2717.03225908
2717.07624735
2717.12023562
2717.16422389
2717.20821216
2717.25220042
2717.29618869
2717.34017696
2717.38416523
2717.42815350
2717.47214177
2717.51613004
2717.56011831
2717.60410658
2717.64809484
2717.69208311
2717.73607138
2717.78005965
2717.82404792
2717.86803619
2717.91202446
2717.95601273
2718.00000099
2718.04398926
2718.08797753
2718.13196580
2718.17595407
2718.21994234
2718.26393061
2718.30791888
2718.35190715
2718.39589541
2718.43988368
2718.48387195
2718.52786022
2718.57184849
2718.61583676
2718.65982503
2718.70381330
2718.74780156
2718.79178983
2718.83577810
2718.87976637
2718.92375464
2718.96774291
2719.01173118
2719.05571945
2719.09970772
2719.14369598
2719.18768425
2719.23167252
2719.27566079
2719.31964906
2719.36363733
2719.40762560
2719.45161387
2719.49560213
2719.53959040
2719.58357867
2719.62756694
2719.67155521
2719.71554348
2719.75953175
2719.80352002
2719.84750829
2719.89149655
2719.93548482
2719.97947309
2720.02346136
2720.06744963
2720.11143790
2720.15542617
2720.19941444
2720.24340270
2720.28739097
2720.33137924
2720.37536751
2720.41935578
2720.46334405
2720.50733232
2720.55132059
2720.59530886
2720.63929712
2720.68328539
2720.72727366
2720.77126193
2720.81525020
2720.85923847
2720.90322674
2720.94721501
2720.99120327
2721.03519154
2721.07917981
2721.12316808
2721.16715635
2721.21114462
2721.25513289
2721.29912116
2721.34310943
2721.38709769
2721.43108596
2721.47507423
2721.51906250
2721.56305077
2721.60703904
2721.65102731
2721.69501558
2721.73900384
2721.78299211
2721.82698038
2721.87096865
2721.91495692
2721.95894519
2722.00293346
2722.04692173
2722.09091000
2722.13489826
2722.17888653
2722.22287480
2722.26686307
2722.31085134
2722.35483961
2722.39882788
2722.44281615
2722.48680441
2722.53079268
2722.57478095
2722.61876922
2722.66275749
2722.70674576
2722.75073403
2722.79472230
2722.83871057
2722.88269883
2722.92668710
2722.97067537
2723.01466364
2723.05865191
2723.10264018
2723.14662845
2723.19061672
2723.23460498
2723.27859325
2723.32258152
2723.36656979
2723.41055806
2723.45454633
2723.49853460
2723.54252287
2723.58651114
2723.63049940
2723.67448767
2723.71847594
2723.76246421
2723.80645248
2723.85044075
2723.89442902
2723.93841729
2723.98240555
2724.02639382
2724.07038209
2724.11437036
2724.15835863
2724.20234690
2724.24633517
2724.29032344
2724.33431171
2724.37829997
2724.42228824
2724.46627651
2724.51026478
2724.55425305
2724.59824132
2724.64222959
2724.68621786
2724.73020612
2724.77419439
2724.81818266
2724.86217093
2724.90615920
2724.95014747
2724.99413574
2725.03812401
2725.08211228
2725.12610054
2725.17008881
2725.21407708
2725.25806535
2725.30205362
2725.34604189
2725.39003016
2725.43401843
2725.47800669
2725.52199496
2725.56598323
2725.60997150
2725.65395977
2725.69794804
2725.74193631
2725.78592458
2725.82991285
2725.87390111
2725.91788938
2725.96187765
2726.00586592
2726.04985419
2726.09384246
2726.13783073
2726.18181900
2726.22580726
2726.26979553
2726.31378380
2726.35777207
2726.40176034
2726.44574861
2726.48973688
2726.53372515
2726.57771342
2726.62170168
2726.66568995
2726.70967822
2726.75366649
2726.79765476
2726.84164303
2726.88563130
2726.92961957
2726.97360783
2727.01759610
2727.06158437
2727.10557264
2727.14956091
2727.19354918
2727.23753745
2727.28152572
2727.32551399
2727.36950225
2727.41349052
2727.45747879
2727.50146706
2727.54545533
2727.58944360
2727.63343187
2727.67742014
2727.72140840
2727.76539667
2727.80938494
2727.85337321
2727.89736148
2727.94134975
2727.98533802
2728.02932629
2728.07331455
2728.11730282
2728.16129109
2728.20527936
2728.24926763
2728.29325590
2728.33724417
2728.38123244
2728.42522071
2728.46920897
2728.51319724
2728.55718551
2728.60117378
2728.64516205
2728.68915032
2728.73313859
2728.77712686
2728.82111512
2728.86510339
2728.90909166
2728.95307993
2728.99706820
2729.04105647
2729.08504474
2729.12903301
2729.17302128
2729.21700954
2729.26099781
2729.30498608
2729.34897435
2729.39296262
2729.43695089
2729.48093916
2729.52492743
2729.56891569
2729.61290396
2729.65689223
2729.70088050
2729.74486877
2729.78885704
2729.83284531
2729.87683358
2729.92082185
2729.96481011
2730.00879838
2730.05278665
2730.09677492
2730.14076319
2730.18475146
2730.22873973
2730.27272800
2730.31671626
2730.36070453
2730.40469280
2730.44868107
2730.49266934
2730.53665761
2730.58064588
2730.62463415
2730.66862242
2730.71261068
2730.75659895
2730.80058722
2730.84457549
2730.88856376
2730.93255203
2730.97654030
2731.02052857
2731.06451683
2731.10850510
2731.15249337
2731.19648164
2731.24046991
2731.28445818
2731.32844645
2731.37243472
2731.41642299
2731.46041125
2731.50439952
2731.54838779
2731.59237606
2731.63636433
2731.68035260
2731.72434087
2731.76832914
2731.81231740
2731.85630567
2731.90029394
2731.94428221
2731.98827048
2732.03225875
2732.07624702
2732.12023529
2732.16422356
2732.20821182
2732.25220009
2732.29618836
2732.34017663
2732.38416490
2732.42815317
2732.47214144
2732.51612971
2732.56011797
2732.60410624
2732.64809451
2732.69208278
2732.73607105
2732.78005932
2732.82404759
2732.86803586
2732.91202413
2732.95601239
2733.00000066
2733.04398893
2733.08797720
2733.13196547
2733.17595374
2733.21994201
2733.26393028
2733.30791854
2733.35190681
2733.39589508
2733.43988335
2733.48387162
2733.52785989
2733.57184816
2733.61583643
2733.65982470
2733.70381296
2733.74780123
2733.79178950
2733.83577777
2733.87976604
2733.92375431
2733.96774258
2734.01173085
2734.05571911
2734.09970738
2734.14369565
2734.18768392
2734.23167219
2734.27566046
2734.31964873
2734.36363700
2734.40762527
2734.45161353
2734.49560180
2734.53959007
2734.58357834
2734.62756661
2734.67155488
2734.71554315
2734.75953142
2734.80351968
2734.84750795
2734.89149622
2734.93548449
2734.97947276
2735.02346103
2735.06744930
2735.11143757
2735.15542584
2735.19941410
2735.24340237
2735.28739064
2735.33137891
2735.37536718
2735.41935545
2735.46334372
2735.50733199
2735.55132025
2735.59530852
2735.63929679
2735.68328506
2735.72727333
2735.77126160
2735.81524987
2735.85923814
2735.90322641
2735.94721467
2735.99120294
2736.03519121
2736.07917948
2736.12316775
2736.16715602
2736.21114429
2736.25513256
2736.29912082
2736.34310909
2736.38709736
2736.43108563
2736.47507390
2736.51906217
2736.56305044
2736.60703871
2736.65102698
2736.69501524
2736.73900351
2736.78299178
2736.82698005
2736.87096832
2736.91495659
2736.95894486
2737.00293313
2737.04692139
2737.09090966
2737.13489793
2737.17888620
2737.22287447
2737.26686274
2737.31085101
2737.35483928
2737.39882755
2737.44281581
2737.48680408
2737.53079235
2737.57478062
2737.61876889
2737.66275716
2737.70674543
2737.75073370
2737.79472196
2737.83871023
2737.88269850
2737.92668677
2737.97067504
2738.01466331
2738.05865158
2738.10263985
2738.14662812
2738.19061638
2738.23460465
2738.27859292
2738.32258119
2738.36656946
2738.41055773
2738.45454600
2738.49853427
2738.54252253
2738.58651080
2738.63049907
2738.67448734
2738.71847561
2738.76246388
2738.80645215
2738.85044042
2738.89442869
2738.93841695
2738.98240522
2739.02639349
2739.07038176
2739.11437003
2739.15835830
2739.20234657
2739.24633484
2739.29032310
2739.33431137
2739.37829964
2739.42228791
2739.46627618
2739.51026445
2739.55425272
2739.59824099
2739.64222926
2739.68621752
2739.73020579
2739.77419406
2739.81818233
2739.86217060
2739.90615887
2739.95014714
2739.99413541
2740.03812367
2740.08211194
2740.12610021
2740.17008848
2740.21407675
2740.25806502
2740.30205329
2740.34604156
2740.39002983
2740.43401809
2740.47800636
2740.52199463
2740.56598290
2740.60997117
2740.65395944
2740.69794771
2740.74193598
2740.78592424
2740.82991251
2740.87390078
2740.91788905
2740.96187732
2741.00586559
2741.04985386
2741.09384213
2741.13783040
2741.18181866
2741.22580693
2741.26979520
2741.31378347
2741.35777174
2741.40176001
2741.44574828
2741.48973655
2741.53372481
2741.57771308
2741.62170135
2741.66568962
2741.70967789
2741.75366616
2741.79765443
2741.84164270
2741.88563097
2741.92961923
2741.97360750
2742.01759577
2742.06158404
2742.10557231
2742.14956058
2742.19354885
2742.23753712
2742.28152538
2742.32551365
2742.36950192
2742.41349019
2742.45747846
2742.50146673
2742.54545500
2742.58944327
2742.63343154
2742.67741980
2742.72140807
2742.76539634
2742.80938461
2742.85337288
2742.89736115
2742.94134942
2742.98533769
2743.02932595
2743.07331422
2743.11730249
2743.16129076
2743.20527903
2743.24926730
2743.29325557
2743.33724384
2743.38123211
2743.42522037
2743.46920864
2743.51319691
2743.55718518
2743.60117345
2743.64516172
2743.68914999
2743.73313826
2743.77712652
2743.82111479
2743.86510306
2743.90909133
2743.95307960
2743.99706787
2744.04105614
2744.08504441
2744.12903268
2744.17302094
2744.21700921
2744.26099748
2744.30498575
2744.34897402
2744.39296229
2744.43695056
2744.48093883
2744.52492709
2744.56891536
2744.61290363
2744.65689190
2744.70088017
2744.74486844
2744.78885671
2744.83284498
2744.87683325
2744.92082151
2744.96480978
2745.00879805
2745.05278632
2745.09677459
2745.14076286
2745.18475113
2745.22873940
2745.27272766
2745.31671593
2745.36070420
2745.40469247
2745.44868074
2745.49266901
2745.53665728
2745.58064555
2745.62463382
2745.66862208
2745.71261035
2745.75659862
2745.80058689
2745.84457516
2745.88856343
2745.93255170
2745.97653997
2746.02052823
2746.06451650
2746.10850477
2746.15249304
2746.19648131
2746.24046958
2746.28445785
2746.32844612
2746.37243439
2746.41642265
2746.46041092
2746.50439919
2746.54838746
2746.59237573
2746.63636400
2746.68035227
2746.72434054
2746.76832880
2746.81231707
2746.85630534
2746.90029361
2746.94428188
2746.98827015
2747.03225842
2747.07624669
2747.12023496
2747.16422322
2747.20821149
2747.25219976
2747.29618803
2747.34017630
2747.38416457
2747.42815284
2747.47214111
2747.51612937
2747.56011764
2747.60410591
2747.64809418
2747.69208245
2747.73607072
2747.78005899
2747.82404726
2747.86803553
2747.91202379
2747.95601206
2748.00000033
2748.04398860
2748.08797687
2748.13196514
2748.17595341
2748.21994168
2748.26392994
2748.30791821
2748.35190648
2748.39589475
2748.43988302
2748.48387129
2748.52785956
2748.57184783
2748.61583610
2748.65982436
2748.70381263
2748.74780090
2748.79178917
2748.83577744
2748.87976571
2748.92375398
2748.96774225
2749.01173051
2749.05571878
2749.09970705
2749.14369532
2749.18768359
2749.23167186
2749.27566013
2749.31964840
2749.36363667
2749.40762493
2749.45161320
2749.49560147
2749.53958974
2749.58357801
2749.62756628
2749.67155455
2749.71554282
2749.75953108
2749.80351935
2749.84750762
2749.89149589
2749.93548416
2749.97947243
2750.02346070
2750.06744897
2750.11143724
2750.15542550
2750.19941377
2750.24340204
2750.28739031
2750.33137858
2750.37536685
2750.41935512
2750.46334339
2750.50733165
2750.55131992
2750.59530819
2750.63929646
2750.68328473
2750.72727300
2750.77126127
2750.81524954
2750.85923781
2750.90322607
2750.94721434
2750.99120261
2751.03519088
2751.07917915
2751.12316742
2751.16715569
2751.21114396
2751.25513222
2751.29912049
2751.34310876
2751.38709703
2751.43108530
2751.47507357
2751.51906184
2751.56305011
2751.60703837
2751.65102664
2751.69501491
2751.73900318
2751.78299145
2751.82697972
2751.87096799
2751.91495626
2751.95894453
2752.00293279
2752.04692106
2752.09090933
2752.13489760
2752.17888587
2752.22287414
2752.26686241
2752.31085068
2752.35483894
2752.39882721
2752.44281548
2752.48680375
2752.53079202
2752.57478029
2752.61876856
2752.66275683
2752.70674510
2752.75073336
2752.79472163
2752.83870990
2752.88269817
2752.92668644
2752.97067471
2753.01466298
2753.05865125
2753.10263951
2753.14662778
2753.19061605
2753.23460432
2753.27859259
2753.32258086
2753.36656913
2753.41055740
2753.45454567
2753.49853393
2753.54252220
2753.58651047
2753.63049874
2753.67448701
2753.71847528
2753.76246355
2753.80645182
2753.85044008
2753.89442835
2753.93841662
2753.98240489
2754.02639316
2754.07038143
2754.11436970
2754.15835797
2754.20234624
2754.24633450
2754.29032277
2754.33431104
2754.37829931
2754.42228758
2754.46627585
2754.51026412
2754.55425239
2754.59824065
2754.64222892
2754.68621719
2754.73020546
2754.77419373
2754.81818200
2754.86217027
2754.90615854
2754.95014681
2754.99413507
2755.03812334
2755.08211161
2755.12609988
2755.17008815
2755.21407642
2755.25806469
2755.30205296
2755.34604122
2755.39002949
2755.43401776
2755.47800603
2755.52199430
2755.56598257
2755.60997084
2755.65395911
2755.69794738
2755.74193564
2755.78592391
2755.82991218
2755.87390045
2755.91788872
2755.96187699
2756.00586526
2756.04985353
2756.09384179
2756.13783006
2756.18181833
2756.22580660
2756.26979487
2756.31378314
2756.35777141
2756.40175968
2756.44574795
2756.48973621
2756.53372448
2756.57771275
2756.62170102
2756.66568929
2756.70967756
2756.75366583
2756.79765410
2756.84164236
2756.88563063
2756.92961890
2756.97360717
2757.01759544
2757.06158371
2757.10557198
2757.14956025
2757.19354852
2757.23753678
2757.28152505
2757.32551332
2757.36950159
2757.41348986
2757.45747813
2757.50146640
2757.54545467
2757.58944293
2757.63343120
2757.67741947
2757.72140774
2757.76539601
2757.80938428
2757.85337255
2757.89736082
2757.94134909
2757.98533735
2758.02932562
2758.07331389
2758.11730216
2758.16129043
2758.20527870
2758.24926697
2758.29325524
2758.33724350
2758.38123177
2758.42522004
2758.46920831
2758.51319658
2758.55718485
2758.60117312
2758.64516139
2758.68914966
2758.73313792
2758.77712619
2758.82111446
2758.86510273
2758.90909100
2758.95307927
2758.99706754
2759.04105581
2759.08504407
2759.12903234
2759.17302061
2759.21700888
2759.26099715
2759.30498542
2759.34897369
2759.39296196
2759.43695023
2759.48093849
2759.52492676
2759.56891503
2759.61290330
2759.65689157
2759.70087984
2759.74486811
2759.78885638
2759.83284464
2759.87683291
2759.92082118
2759.96480945
2760.00879772
2760.05278599
2760.09677426
2760.14076253
2760.18475080
2760.22873906
2760.27272733
2760.31671560
2760.36070387
2760.40469214
2760.44868041
2760.49266868
2760.53665695
2760.58064521
2760.62463348
2760.66862175
2760.71261002
2760.75659829
2760.80058656
2760.84457483
2760.88856310
2760.93255137
2760.97653963
2761.02052790
2761.06451617
2761.10850444
2761.15249271
2761.19648098
2761.24046925
2761.28445752
2761.32844578
2761.37243405
2761.41642232
2761.46041059
2761.50439886
2761.54838713
2761.59237540
2761.63636367
2761.68035194
2761.72434020
2761.76832847
2761.81231674
2761.85630501
2761.90029328
2761.94428155
2761.98826982
2762.03225809
2762.07624635
2762.12023462
2762.16422289
2762.20821116
2762.25219943
2762.29618770
2762.34017597
2762.38416424
2762.42815251
2762.47214077
2762.51612904
2762.56011731
2762.60410558
2762.64809385
2762.69208212
2762.73607039
2762.78005866
2762.82404692
2762.86803519
2762.91202346
2762.95601173
2763.00000000
2763.04398827
2763.08797654
2763.13196481
2763.17595308
2763.21994134
2763.26392961
2763.30791788
2763.35190615
2763.39589442
2763.43988269
2763.48387096
2763.52785923
2763.57184749
2763.61583576
2763.65982403
2763.70381230
2763.74780057
2763.79178884
2763.83577711
2763.87976538
2763.92375365
2763.96774191
2764.01173018
2764.05571845
2764.09970672
2764.14369499
2764.18768326
2764.23167153
2764.27565980
2764.31964806
2764.36363633
2764.40762460
2764.45161287
2764.49560114
2764.53958941
2764.58357768
2764.62756595
2764.67155422
2764.71554248
2764.75953075
2764.80351902
2764.84750729
2764.89149556
2764.93548383
2764.97947210
2765.02346037
2765.06744863
2765.11143690
2765.15542517
2765.19941344
2765.24340171
2765.28738998
2765.33137825
2765.37536652
2765.41935479
2765.46334305
2765.50733132
2765.55131959
2765.59530786
2765.63929613
2765.68328440
2765.72727267
2765.77126094
2765.81524920
2765.85923747
2765.90322574
2765.94721401
2765.99120228
2766.03519055
2766.07917882
2766.12316709
2766.16715536
2766.21114362
2766.25513189
2766.29912016
2766.34310843
2766.38709670
2766.43108497
2766.47507324
2766.51906151
2766.56304977
2766.60703804
2766.65102631
2766.69501458
2766.73900285
2766.78299112
2766.82697939
2766.87096766
2766.91495593
2766.95894419
2767.00293246
2767.04692073
2767.09090900
2767.13489727
2767.17888554
2767.22287381
2767.26686208
2767.31085034
2767.35483861
2767.39882688
2767.44281515
2767.48680342
2767.53079169
2767.57477996
2767.61876823
2767.66275650
2767.70674476
2767.75073303
2767.79472130
2767.83870957
2767.88269784
2767.92668611
2767.97067438
2768.01466265
2768.05865091
2768.10263918
2768.14662745
2768.19061572
2768.23460399
2768.27859226
2768.32258053
2768.36656880
2768.41055707
2768.45454533
2768.49853360
2768.54252187
2768.58651014
2768.63049841
2768.67448668
2768.71847495
2768.76246322
2768.80645148
2768.85043975
2768.89442802
2768.93841629
2768.98240456
2769.02639283
2769.07038110
2769.11436937
2769.15835764
2769.20234590
2769.24633417
2769.29032244
2769.33431071
2769.37829898
2769.42228725
2769.46627552
2769.51026379
2769.55425205
2769.59824032
2769.64222859
2769.68621686
2769.73020513
2769.77419340
2769.81818167
2769.86216994
2769.90615821
2769.95014647
2769.99413474
2770.03812301
2770.08211128
2770.12609955
2770.17008782
2770.21407609
2770.25806436
2770.30205262
2770.34604089
2770.39002916
2770.43401743
2770.47800570
2770.52199397
2770.56598224
2770.60997051
2770.65395878
2770.69794704
2770.74193531
2770.78592358
2770.82991185
2770.87390012
2770.91788839
2770.96187666
2771.00586493
2771.04985319
2771.09384146
2771.13782973
2771.18181800
2771.22580627
2771.26979454
2771.31378281
2771.35777108
2771.40175935
2771.44574761
2771.48973588
2771.53372415
2771.57771242
2771.62170069
2771.66568896
2771.70967723
2771.75366550
2771.79765376
2771.84164203
2771.88563030
2771.92961857
2771.97360684
2772.01759511
2772.06158338
2772.10557165
2772.14955992
2772.19354818
2772.23753645
2772.28152472
2772.32551299
2772.36950126
2772.41348953
2772.45747780
2772.50146607
2772.54545433
2772.58944260
2772.63343087
2772.67741914
2772.72140741
2772.76539568
2772.80938395
2772.85337222
2772.89736049
2772.94134875
2772.98533702
2773.02932529
2773.07331356
2773.11730183
2773.16129010
2773.20527837
2773.24926664
2773.29325490
2773.33724317
2773.38123144
2773.42521971
2773.46920798
2773.51319625
2773.55718452
2773.60117279
2773.64516106
2773.68914932
2773.73313759
2773.77712586
2773.82111413
2773.86510240
2773.90909067
2773.95307894
2773.99706721
2774.04105547
2774.08504374
2774.12903201
2774.17302028
2774.21700855
2774.26099682
2774.30498509
2774.34897336
2774.39296163
2774.43694989
2774.48093816
2774.52492643
2774.56891470
2774.61290297
2774.65689124
2774.70087951
2774.74486778
2774.78885604
2774.83284431
2774.87683258
2774.92082085
2774.96480912
2775.00879739
2775.05278566
2775.09677393
2775.14076219
2775.18475046
2775.22873873
2775.27272700
2775.31671527
2775.36070354
2775.40469181
2775.44868008
2775.49266835
2775.53665661
2775.58064488
2775.62463315
2775.66862142
2775.71260969
2775.75659796
2775.80058623
2775.84457450
2775.88856276
2775.93255103
2775.97653930
2776.02052757
2776.06451584
2776.10850411
2776.15249238
2776.19648065
2776.24046892
2776.28445718
2776.32844545
2776.37243372
2776.41642199
2776.46041026
2776.50439853
2776.54838680
2776.59237507
2776.63636333
2776.68035160
2776.72433987
2776.76832814
2776.81231641
2776.85630468
2776.90029295
2776.94428122
2776.98826949
2777.03225775
2777.07624602
2777.12023429
2777.16422256
2777.20821083
2777.25219910
2777.29618737
2777.34017564
2777.38416390
2777.42815217
2777.47214044
2777.51612871
2777.56011698
2777.60410525
2777.64809352
2777.69208179
2777.73607006
2777.78005832
2777.82404659
2777.86803486
2777.91202313
2777.95601140
2777.99999967
2778.04398794
2778.08797621
2778.13196447
2778.17595274
2778.21994101
2778.26392928
2778.30791755
2778.35190582
2778.39589409
2778.43988236
2778.48387063
2778.52785889
2778.57184716
2778.61583543
2778.65982370
2778.70381197
2778.74780024
2778.79178851
2778.83577678
2778.87976504
2778.92375331
2778.96774158
2779.01172985
2779.05571812
2779.09970639
2779.14369466
2779.18768293
2779.23167120
2779.27565946
2779.31964773
2779.36363600
2779.40762427
2779.45161254
2779.49560081
2779.53958908
2779.58357735
2779.62756561
2779.67155388
2779.71554215
2779.75953042
2779.80351869
2779.84750696
2779.89149523
2779.93548350
2779.97947177
2780.02346003
2780.06744830
2780.11143657
2780.15542484
2780.19941311
2780.24340138
2780.28738965
2780.33137792
2780.37536618
2780.41935445
2780.46334272
2780.50733099
2780.55131926
2780.59530753
2780.63929580
2780.68328407
2780.72727234
2780.77126060
2780.81524887
2780.85923714
2780.90322541
2780.94721368
2780.99120195
2781.03519022
2781.07917849
2781.12316675
2781.16715502
2781.21114329
2781.25513156
2781.29911983
2781.34310810
2781.38709637
2781.43108464
2781.47507291
2781.51906117
2781.56304944
2781.60703771
2781.65102598
2781.69501425
2781.73900252
2781.78299079
2781.82697906
2781.87096732
2781.91495559
2781.95894386
2782.00293213
2782.04692040
2782.09090867
2782.13489694
2782.17888521
2782.22287348
2782.26686174
2782.31085001
2782.35483828
2782.39882655
2782.44281482
2782.48680309
2782.53079136
2782.57477963
2782.61876789
2782.66275616
2782.70674443
2782.75073270
2782.79472097
2782.83870924
2782.88269751
2782.92668578
2782.97067405
2783.01466231
2783.05865058
2783.10263885
2783.14662712
2783.19061539
2783.23460366
2783.27859193
2783.32258020
2783.36656846
2783.41055673
2783.45454500
2783.49853327
2783.54252154
2783.58650981
2783.63049808
2783.67448635
2783.71847462
2783.76246288
2783.80645115
2783.85043942
2783.89442769
2783.93841596
2783.98240423
2784.02639250
2784.07038077
2784.11436903
2784.15835730
2784.20234557
2784.24633384
2784.29032211
2784.33431038
2784.37829865
2784.42228692
2784.46627519
2784.51026345
2784.55425172
2784.59823999
2784.64222826
2784.68621653
2784.73020480
2784.77419307
2784.81818134
2784.86216960
2784.90615787
2784.95014614
2784.99413441
2785.03812268
2785.08211095
2785.12609922
2785.17008749
2785.21407576
2785.25806402
2785.30205229
2785.34604056
2785.39002883
2785.43401710
2785.47800537
2785.52199364
2785.56598191
2785.60997017
2785.65395844
2785.69794671
2785.74193498
2785.78592325
2785.82991152
2785.87389979
2785.91788806
2785.96187633
2786.00586459
2786.04985286
2786.09384113
2786.13782940
2786.18181767
2786.22580594
2786.26979421
2786.31378248
2786.35777074
2786.40175901
2786.44574728
2786.48973555
2786.53372382
2786.57771209
2786.62170036
2786.66568863
2786.70967690
2786.75366516
2786.79765343
2786.84164170
2786.88562997
2786.92961824
2786.97360651
2787.01759478
2787.06158305
2787.10557131
2787.14955958
2787.19354785
2787.23753612
2787.28152439
2787.32551266
2787.36950093
2787.41348920
2787.45747747
2787.50146573
2787.54545400
2787.58944227
2787.63343054
2787.67741881
2787.72140708
2787.76539535
2787.80938362
2787.85337188
2787.89736015
2787.94134842
2787.98533669
2788.02932496
2788.07331323
2788.11730150
2788.16128977
2788.20527804
2788.24926630
2788.29325457
2788.33724284
2788.38123111
2788.42521938
2788.46920765
2788.51319592
2788.55718419
2788.60117245
2788.64516072
2788.68914899
2788.73313726
2788.77712553
2788.82111380
2788.86510207
2788.90909034
2788.95307861
2788.99706687
2789.04105514
2789.08504341
2789.12903168
2789.17301995
2789.21700822
2789.26099649
2789.30498476
2789.34897302
2789.39296129
2789.43694956
2789.48093783
2789.52492610
2789.56891437
2789.61290264
2789.65689091
2789.70087918
2789.74486744
2789.78885571
2789.83284398
2789.87683225
2789.92082052
2789.96480879
2790.00879706
2790.05278533
2790.09677359
2790.14076186
2790.18475013
2790.22873840
2790.27272667
2790.31671494
2790.36070321
2790.40469148
2790.44867975
2790.49266801
2790.53665628
2790.58064455
2790.62463282
2790.66862109
2790.71260936
2790.75659763
2790.80058590
2790.84457416
2790.88856243
2790.93255070
2790.97653897
2791.02052724
2791.06451551
2791.10850378
2791.15249205
2791.19648032
2791.24046858
2791.28445685
2791.32844512
2791.37243339
2791.41642166
2791.46040993
2791.50439820
2791.54838647
2791.59237473
2791.63636300
2791.68035127
2791.72433954
2791.76832781
2791.81231608
2791.85630435
2791.90029262
2791.94428089
2791.98826915
2792.03225742
2792.07624569
2792.12023396
2792.16422223
2792.20821050
2792.25219877
2792.29618704
2792.34017530
2792.38416357
2792.42815184
2792.47214011
2792.51612838
2792.56011665
2792.60410492
2792.64809319
2792.69208146
2792.73606972
2792.78005799
2792.82404626
2792.86803453
2792.91202280
2792.95601107
2792.99999934
2793.04398761
2793.08797587
2793.13196414
2793.17595241
2793.21994068
2793.26392895
2793.30791722
2793.35190549
2793.39589376
2793.43988203
2793.48387029
2793.52785856
2793.57184683
2793.61583510
2793.65982337
2793.70381164
2793.74779991
2793.79178818
2793.83577644
2793.87976471
2793.92375298
2793.96774125
2794.01172952
2794.05571779
2794.09970606
2794.14369433
2794.18768260
2794.23167086
2794.27565913
2794.31964740
2794.36363567
2794.40762394
2794.45161221
2794.49560048
2794.53958875
2794.58357701
2794.62756528
2794.67155355
2794.71554182
2794.75953009
2794.80351836
2794.84750663
2794.89149490
2794.93548317
2794.97947143
2795.02345970
2795.06744797
2795.11143624
2795.15542451
2795.19941278
2795.24340105
2795.28738932
2795.33137758
2795.37536585
2795.41935412
2795.46334239
2795.50733066
2795.55131893
2795.59530720
2795.63929547
2795.68328374
2795.72727200
2795.77126027
2795.81524854
2795.85923681
2795.90322508
2795.94721335
2795.99120162
2796.03518989
2796.07917815
2796.12316642
2796.16715469
2796.21114296
2796.25513123
2796.29911950
2796.34310777
2796.38709604
2796.43108431
2796.47507257
2796.51906084
2796.56304911
2796.60703738
2796.65102565
2796.69501392
2796.73900219
2796.78299046
2796.82697872
2796.87096699
2796.91495526
2796.95894353
2797.00293180
2797.04692007
2797.09090834
2797.13489661
2797.17888488
2797.22287314
2797.26686141
2797.31084968
2797.35483795
2797.39882622
2797.44281449
2797.48680276
2797.53079103
2797.57477929
2797.61876756
2797.66275583
2797.70674410
2797.75073237
2797.79472064
2797.83870891
2797.88269718
2797.92668545
2797.97067371
2798.01466198
2798.05865025
2798.10263852
2798.14662679
2798.19061506
2798.23460333
2798.27859160
2798.32257986
2798.36656813
2798.41055640
2798.45454467
2798.49853294
2798.54252121
2798.58650948
2798.63049775
2798.67448601
2798.71847428
2798.76246255
2798.80645082
2798.85043909
2798.89442736
2798.93841563
2798.98240390
2799.02639217
2799.07038043
2799.11436870
2799.15835697
2799.20234524
2799.24633351
2799.29032178
2799.33431005
2799.37829832
2799.42228658
2799.46627485
2799.51026312
2799.55425139
2799.59823966
2799.64222793
2799.68621620
2799.73020447
2799.77419274
2799.81818100
2799.86216927
2799.90615754
2799.95014581
2799.96774382
2800.00782202
2800.04790022
2800.08797842
2800.12805662
2800.16813482
2800.20821302
2800.24829122
2800.28836942
2800.32844763
2800.36852583
2800.40860403
2800.44868223
2800.48876043
2800.52883863
2800.56891683
2800.60899503
2800.64907323
2800.68915143
2800.72922963
2800.76930783
2800.80938603
2800.84946423
2800.88954243
2800.92962063
2800.96969883
2801.00977703
2801.04985523
2801.08993343
2801.13001163
2801.17008983
2801.21016803
2801.25024623
2801.29032443
2801.33040264
2801.37048084
2801.41055904
2801.45063724
2801.49071544
2801.53079364
2801.57087184
2801.61095004
2801.65102824
2801.69110644
2801.73118464
2801.77126284
2801.81134104
2801.85141924
2801.89149744
2801.93157564
2801.97165384
2802.01173204
2802.05181024
2802.09188844
2802.13196664
2802.17204484
2802.21212304
2802.25220124
2802.29227944
2802.33235765
2802.37243585
2802.41251405
2802.45259225
2802.49267045
2802.53274865
2802.57282685
2802.61290505
2802.65298325
2802.69306145
2802.73313965
2802.77321785
2802.81329605
2802.85337425
2802.89345245
2802.93353065
2802.97360885
2803.01368705
2803.05376525
2803.09384345
2803.13392165
2803.17399985
2803.21407805
2803.25415625
2803.29423445
2803.33431266
2803.37439086
2803.41446906
2803.45454726
2803.49462546
2803.53470366
2803.57478186
2803.61486006
2803.65493826
2803.69501646
2803.73509466
2803.77517286
2803.81525106
2803.85532926
2803.89540746
2803.93548566
2803.97556386
2804.01564206
2804.05572026
2804.09579846
2804.13587666
2804.17595486
2804.21603306
2804.25611126
2804.29618946
2804.33626767
2804.37634587
2804.41642407
2804.45650227
2804.49658047
2804.53665867
2804.57673687
2804.61681507
2804.65689327
2804.69697147
2804.73704967
2804.77712787
2804.81720607
2804.85728427
2804.89736247
2804.93744067
2804.97751887
2805.01759707
2805.05767527
2805.09775347
2805.13783167
2805.17790987
2805.21798807
2805.25806627
2805.29814447
2805.33822268
2805.37830088
2805.41837908
2805.45845728
2805.49853548
2805.53861368
2805.57869188
2805.61877008
2805.65884828
2805.69892648
2805.73900468
2805.77908288
2805.81916108
2805.85923928
2805.89931748
2805.93939568
2805.97947388
2806.01955208
2806.05963028
2806.09970848
2806.13978668
2806.17986488
2806.21994308
2806.26002128
2806.30009948
2806.34017769
2806.38025589
2806.42033409
2806.46041229
2806.50049049
2806.54056869
2806.58064689
2806.62072509
2806.66080329
2806.70088149
2806.74095969
2806.78103789
2806.82111609
2806.86119429
2806.90127249
2806.94135069
2806.98142889
2807.02150709
2807.06158529
2807.10166349
2807.14174169
2807.18181989
2807.22189809
2807.26197629
2807.30205449
2807.34213270
2807.38221090
2807.42228910
2807.46236730
2807.50244550
2807.54252370
2807.58260190
2807.62268010
2807.66275830
2807.70283650
2807.74291470
2807.78299290
2807.82307110
2807.86314930
2807.90322750
2807.94330570
2807.98338390
2808.02346210
2808.06354030
2808.10361850
2808.14369670
2808.18377490
2808.22385310
2808.26393130
2808.30400950
2808.34408771
2808.38416591
2808.42424411
2808.46432231
2808.50440051
2808.54447871
2808.58455691
2808.62463511
2808.66471331
2808.70479151
2808.74486971
2808.78494791
2808.82502611
2808.86510431
2808.90518251
2808.94526071
2808.98533891
2809.02541711
2809.06549531
2809.10557351
2809.14565171
2809.18572991
2809.22580811
2809.26588631
2809.30596451
2809.34604272
2809.38612092
2809.42619912
2809.46627732
2809.50635552
2809.54643372
2809.58651192
2809.62659012
2809.66666832
2809.70674652
2809.74682472
2809.78690292
2809.82698112
2809.86705932
2809.90713752
2809.94721572
2809.98729392
2810.02737212
2810.06745032
2810.10752852
2810.14760672
2810.18768492
2810.22776312
2810.26784132
2810.30791952
2810.34799773
2810.38807593
2810.42815413
2810.46823233
2810.50831053
2810.54838873
2810.58846693
2810.62854513
2810.66862333
2810.70870153
2810.74877973
2810.78885793
2810.82893613
2810.86901433
2810.90909253
2810.94917073
2810.98924893
2811.02932713
2811.06940533
2811.10948353
2811.14956173
2811.18963993
2811.22971813
2811.26979633
2811.30987453
2811.34995274
2811.39003094
2811.43010914
2811.47018734
2811.51026554
2811.55034374
2811.59042194
2811.63050014
2811.67057834
2811.71065654
2811.75073474
2811.79081294
2811.83089114
2811.87096934
2811.91104754
2811.95112574
2811.99120394
2812.03128214
2812.07136034
2812.11143854
2812.15151674
2812.19159494
2812.23167314
2812.27175134
2812.31182954
2812.35190775
2812.39198595
2812.43206415
2812.47214235
2812.51222055
2812.55229875
2812.59237695
2812.63245515
2812.67253335
2812.71261155
2812.75268975
2812.79276795
2812.83284615
2812.87292435
2812.91300255
2812.95308075
2812.99315895
2813.03323715
2813.07331535
2813.11339355
2813.15347175
2813.19354995
2813.23362815
2813.27370635
2813.31378455
2813.35386276
2813.39394096
2813.43401916
2813.47409736
2813.51417556
2813.55425376
2813.59433196
2813.63441016
2813.67448836
2813.71456656
2813.75464476
2813.79472296
2813.83480116
2813.87487936
2813.91495756
2813.95503576
2813.99511396
2814.03519216
2814.07527036
2814.11534856
2814.15542676
2814.19550496
2814.23558316
2814.27566136
2814.31573956
2814.35581776
2814.39589597
2814.43597417
2814.47605237
2814.51613057
2814.55620877
2814.59628697
2814.63636517
2814.67644337
2814.71652157
2814.75659977
2814.79667797
2814.83675617
2814.87683437
2814.91691257
2814.95699077
2814.99706897
2815.03714717
2815.07722537
2815.11730357
2815.15738177
2815.19745997
2815.23753817
2815.27761637
2815.31769457
2815.35777277
2815.39785098
2815.43792918
2815.47800738
2815.51808558
2815.55816378
2815.59824198
2815.63832018
2815.67839838
2815.71847658
2815.75855478
2815.79863298
2815.83871118
2815.87878938
2815.91886758
2815.95894578
2815.99902398
2816.03910218
2816.07918038
2816.11925858
2816.15933678
2816.19941498
2816.23949318
2816.27957138
2816.31964958
2816.35972778
2816.39980599
2816.43988419
2816.47996239
2816.52004059
2816.56011879
2816.60019699
2816.64027519
2816.68035339
2816.72043159
2816.76050979
2816.80058799
2816.84066619
2816.88074439
2816.92082259
2816.96090079
2817.00097899
2817.04105719
2817.08113539
2817.12121359
2817.16129179
2817.20136999
2817.24144819
2817.28152639
2817.32160459
2817.36168279
2817.40176100
2817.44183920
2817.48191740
2817.52199560
2817.56207380
2817.60215200
2817.64223020
2817.68230840
2817.72238660
2817.76246480
2817.80254300
2817.84262120
2817.88269940
2817.92277760
2817.96285580
2818.00293400
2818.04301220
2818.08309040
2818.12316860
2818.16324680
2818.20332500
2818.24340320
2818.28348140
2818.32355960
2818.36363780
2818.40371601
2818.44379421
2818.48387241
2818.52395061
2818.56402881
2818.60410701
2818.64418521
2818.68426341
2818.72434161
2818.76441981
2818.80449801
2818.84457621
2818.88465441
2818.92473261
2818.96481081
2819.00488901
2819.04496721
2819.08504541
2819.12512361
2819.16520181
2819.20528001
2819.24535821
2819.28543641
2819.32551461
2819.36559281
2819.40567102
2819.44574922
2819.48582742
2819.52590562
2819.56598382
2819.60606202
2819.64614022
2819.68621842
2819.72629662
2819.76637482
2819.80645302
2819.84653122
2819.88660942
2819.92668762
2819.96676582
2820.00684402
2820.04692222
2820.08700042
2820.12707862
2820.16715682
2820.20723502
2820.24731322
2820.28739142
2820.32746962
2820.36754782
2820.40762603
2820.44770423
2820.48778243
2820.52786063
2820.56793883
2820.60801703
2820.64809523
2820.68817343
2820.72825163
2820.76832983
2820.80840803
2820.84848623
2820.88856443
2820.92864263
2820.96872083
2821.00879903
2821.04887723
2821.08895543
2821.12903363
2821.16911183
2821.20919003
2821.24926823
2821.28934643
2821.32942463
2821.36950283
2821.40958104
2821.44965924
2821.48973744
2821.52981564
2821.56989384
2821.60997204
2821.65005024
2821.69012844
2821.73020664
2821.77028484
2821.81036304
2821.85044124
2821.89051944
2821.93059764
2821.97067584
2822.01075404
2822.05083224
2822.09091044
2822.13098864
2822.17106684
2822.21114504
2822.25122324
2822.29130144
2822.33137964
2822.37145784
2822.41153605
2822.45161425
2822.49169245
2822.53177065
2822.57184885
2822.61192705
2822.65200525
2822.69208345
2822.73216165
2822.77223985
2822.81231805
2822.85239625
2822.89247445
2822.93255265
2822.97263085
2823.01270905
2823.05278725
2823.09286545
2823.13294365
2823.17302185
2823.21310005
2823.25317825
2823.29325645
2823.33333465
2823.37341285
2823.41349106
2823.45356926
2823.49364746
2823.53372566
2823.57380386
2823.61388206
2823.65396026
2823.69403846
2823.73411666
2823.77419486
2823.81427306
2823.85435126
2823.89442946
2823.93450766
2823.97458586
2824.01466406
2824.05474226
2824.09482046
2824.13489866
2824.17497686
2824.21505506
2824.25513326
2824.29521146
2824.33528966
2824.37536786
2824.41544607
2824.45552427
2824.49560247
2824.53568067
2824.57575887
2824.61583707
2824.65591527
2824.69599347
2824.73607167
2824.77614987
2824.81622807
2824.85630627
2824.89638447
2824.93646267
2824.97654087
2825.01661907
2825.05669727
2825.09677547
2825.13685367
2825.17693187
2825.21701007
2825.25708827
2825.29716647
2825.33724467
2825.37732287
2825.41740108
2825.45747928
2825.49755748
2825.53763568
2825.57771388
2825.61779208
2825.65787028
2825.69794848
2825.73802668
2825.77810488
2825.81818308
2825.85826128
2825.89833948
2825.93841768
2825.97849588
2826.01857408
2826.05865228
2826.09873048
2826.13880868
2826.17888688
2826.21896508
2826.25904328
2826.29912148
2826.33919968
2826.37927788
2826.41935609
2826.45943429
2826.49951249
2826.53959069
2826.57966889
2826.61974709
2826.65982529
2826.69990349
2826.73998169
2826.78005989
2826.82013809
2826.86021629
2826.90029449
2826.94037269
2826.98045089
2827.02052909
2827.06060729
2827.10068549
2827.14076369
2827.18084189
2827.22092009
2827.26099829
2827.30107649
2827.34115469
2827.38123289
2827.42131110
2827.46138930
2827.50146750
2827.54154570
2827.58162390
2827.62170210
2827.66178030
2827.70185850
2827.74193670
2827.78201490
2827.82209310
2827.86217130
2827.90224950
2827.94232770
2827.98240590
2828.02248410
2828.06256230
2828.10264050
2828.14271870
2828.18279690
2828.22287510
2828.26295330
2828.30303150
2828.34310970
2828.38318790
2828.42326611
2828.46334431
2828.50342251
2828.54350071
2828.58357891
2828.62365711
2828.66373531
2828.70381351
2828.74389171
2828.78396991
2828.82404811
2828.86412631
2828.90420451
2828.94428271
2828.98436091
2829.02443911
2829.06451731
2829.10459551
2829.14467371
2829.18475191
2829.22483011
2829.26490831
2829.30498651
2829.34506471
2829.38514291
2829.42522112
2829.46529932
2829.50537752
2829.54545572
2829.58553392
2829.62561212
2829.66569032
2829.70576852
2829.74584672
2829.78592492
2829.82600312
2829.86608132
2829.90615952
2829.94623772
2829.98631592
2830.02639412
2830.06647232
2830.10655052
2830.14662872
2830.18670692
2830.22678512
2830.26686332
2830.30694152
2830.34701972
2830.38709792
2830.42717613
2830.46725433
2830.50733253
2830.54741073
2830.58748893
2830.62756713
2830.66764533
2830.70772353
2830.74780173
2830.78787993
2830.82795813
2830.86803633
2830.90811453
2830.94819273
2830.98827093
2831.02834913
2831.06842733
2831.10850553
2831.14858373
2831.18866193
2831.22874013
2831.26881833
2831.30889653
2831.34897473
2831.38905293
2831.42913114
2831.46920934
2831.50928754
2831.54936574
2831.58944394
2831.62952214
2831.66960034
2831.70967854
2831.74975674
2831.78983494
2831.82991314
2831.86999134
2831.91006954
2831.95014774
2831.99022594
2832.03030414
2832.07038234
2832.11046054
2832.15053874
2832.19061694
2832.23069514
2832.27077334
2832.31085154
2832.35092974
2832.39100794
2832.43108615
2832.47116435
2832.51124255
2832.55132075
2832.59139895
2832.63147715
2832.67155535
2832.71163355
2832.75171175
2832.79178995
2832.83186815
2832.87194635
2832.91202455
2832.95210275
2832.99218095
2833.03225915
2833.07233735
2833.11241555
2833.15249375
2833.19257195
2833.23265015
2833.27272835
2833.31280655
2833.35288475
2833.39296295
2833.43304116
2833.47311936
2833.51319756
2833.55327576
2833.59335396
2833.63343216
2833.67351036
2833.71358856
2833.75366676
2833.79374496
2833.83382316
2833.87390136
2833.91397956
2833.95405776
2833.99413596
2834.03421416
2834.07429236
2834.11437056
2834.15444876
2834.19452696
2834.23460516
2834.27468336
2834.31476156
2834.35483976
2834.39491796
2834.43499617
2834.47507437
2834.51515257
2834.55523077
2834.59530897
2834.63538717
2834.67546537
2834.71554357
2834.75562177
2834.79569997
2834.83577817
2834.87585637
2834.91593457
2834.95601277
2834.99609097
2835.03616917
2835.07624737
2835.11632557
2835.15640377
2835.19648197
2835.23656017
2835.27663837
2835.31671657
2835.35679477
2835.39687297
2835.43695118
2835.47702938
2835.51710758
2835.55718578
2835.59726398
2835.63734218
2835.67742038
2835.71749858
2835.75757678
2835.79765498
2835.83773318
2835.87781138
2835.91788958
2835.95796778
2835.99804598
2836.03812418
2836.07820238
2836.11828058
2836.15835878
2836.19843698
2836.23851518
2836.27859338
2836.31867158
2836.35874978
2836.39882798
2836.43890619
2836.47898439
2836.51906259
2836.55914079
2836.59921899
2836.63929719
2836.67937539
2836.71945359
2836.75953179
2836.79960999
2836.83968819
2836.87976639
2836.91984459
2836.95992279
2837.00000099
2837.04007919
2837.08015739
2837.12023559
2837.16031379
2837.20039199
2837.24047019
2837.28054839
2837.32062659
2837.36070479
2837.40078299
2837.44086120
2837.48093940
2837.52101760
2837.56109580
2837.60117400
2837.64125220
2837.68133040
2837.72140860
2837.76148680
2837.80156500
2837.84164320
2837.88172140
2837.92179960
2837.96187780
2838.00195600
2838.04203420
2838.08211240
2838.12219060
2838.16226880
2838.20234700
2838.24242520
2838.28250340
2838.32258160
2838.36265980
2838.40273800
2838.44281621
2838.48289441
2838.52297261
2838.56305081
2838.60312901
2838.64320721
2838.68328541
2838.72336361
2838.76344181
2838.80352001
2838.84359821
2838.88367641
2838.92375461
2838.96383281
2839.00391101
2839.04398921
2839.08406741
2839.12414561
2839.16422381
2839.20430201
2839.24438021
2839.28445841
2839.32453661
2839.36461481
2839.40469301
2839.44477122
2839.48484942
2839.52492762
2839.56500582
2839.60508402
2839.64516222
2839.68524042
2839.72531862
2839.76539682
2839.80547502
2839.84555322
2839.88563142
2839.92570962
2839.96578782
2840.00586602
2840.04594422
2840.08602242
2840.12610062
2840.16617882
2840.20625702
2840.24633522
2840.28641342
2840.32649162
2840.36656982
2840.40664802
2840.44672623
2840.48680443
2840.52688263
2840.56696083
2840.60703903
2840.64711723
2840.68719543
2840.72727363
2840.76735183
2840.80743003
2840.84750823
2840.88758643
2840.92766463
2840.96774283
2841.00782103
2841.04789923
2841.08797743
2841.12805563
2841.16813383
2841.20821203
2841.24829023
2841.28836843
2841.32844663
2841.36852483
2841.40860303
2841.44868124
2841.48875944
2841.52883764
2841.56891584
2841.60899404
2841.64907224
2841.68915044
2841.72922864
2841.76930684
2841.80938504
2841.84946324
2841.88954144
2841.92961964
2841.96969784
2842.00977604
2842.04985424
2842.08993244
2842.13001064
2842.17008884
2842.21016704
2842.25024524
2842.29032344
2842.33040164
2842.37047984
2842.41055804
2842.45063625
2842.49071445
2842.53079265
2842.57087085
2842.61094905
2842.65102725
2842.69110545
2842.73118365
2842.77126185
2842.81134005
2842.85141825
2842.89149645
2842.93157465
2842.97165285
2843.01173105
2843.05180925
2843.09188745
2843.13196565
2843.17204385
2843.21212205
2843.25220025
2843.29227845
2843.33235665
2843.37243485
2843.41251305
2843.45259126
2843.49266946
2843.53274766
2843.57282586
2843.61290406
2843.65298226
2843.69306046
2843.73313866
2843.77321686
2843.81329506
2843.85337326
2843.89345146
2843.93352966
2843.97360786
2844.01368606
2844.05376426
2844.09384246
2844.13392066
2844.17399886
2844.21407706
2844.25415526
2844.29423346
2844.33431166
2844.37438986
2844.41446806
2844.45454627
2844.49462447
2844.53470267
2844.57478087
2844.61485907
2844.65493727
2844.69501547
2844.73509367
2844.77517187
2844.81525007
2844.85532827
2844.89540647
2844.93548467
2844.97556287
2845.01564107
2845.05571927
2845.09579747
2845.13587567
2845.17595387
2845.21603207
2845.25611027
2845.29618847
2845.33626667
2845.37634487
2845.41642307
2845.45650128
2845.49657948
2845.53665768
2845.57673588
2845.61681408
2845.65689228
2845.69697048
2845.73704868
2845.77712688
2845.81720508
2845.85728328
2845.89736148
2845.93743968
2845.97751788
2846.01759608
2846.05767428
2846.09775248
2846.13783068
2846.17790888
2846.21798708
2846.25806528
2846.29814348
2846.33822168
2846.37829988
2846.41837808
2846.45845629
2846.49853449
2846.53861269
2846.57869089
2846.61876909
2846.65884729
2846.69892549
2846.73900369
2846.77908189
2846.81916009
2846.85923829
2846.89931649
2846.93939469
2846.97947289
2847.01955109
2847.05962929
2847.09970749
2847.13978569
2847.17986389
2847.21994209
2847.26002029
2847.30009849
2847.34017669
2847.38025489
2847.42033309
2847.46041130
2847.50048950
2847.54056770
2847.58064590
2847.62072410
2847.66080230
2847.70088050
2847.74095870
2847.78103690
2847.82111510
2847.86119330
2847.90127150
2847.94134970
2847.98142790
2848.02150610
2848.06158430
2848.10166250
2848.14174070
2848.18181890
2848.22189710
2848.26197530
2848.30205350
2848.34213170
2848.38220990
2848.42228810
2848.46236631
2848.50244451
2848.54252271
2848.58260091
2848.62267911
2848.66275731
2848.70283551
2848.74291371
2848.78299191
2848.82307011
2848.86314831
2848.90322651
2848.94330471
2848.98338291
2849.02346111
2849.06353931
2849.10361751
2849.14369571
2849.18377391
2849.22385211
2849.26393031
2849.30400851
2849.34408671
2849.38416491
2849.42424311
2849.46432132
2849.50439952
2849.54447772
2849.58455592
2849.62463412
2849.66471232
2849.70479052
2849.74486872
2849.78494692
2849.82502512
2849.86510332
2849.90518152
2849.94525972
2849.98533792
2850.02541612
2850.06549432
2850.10557252
2850.14565072
2850.18572892
2850.22580712
2850.26588532
2850.30596352
2850.34604172
2850.38611992
2850.42619812
2850.46627633
2850.50635453
2850.54643273
2850.58651093
2850.62658913
2850.66666733
2850.70674553
2850.74682373
2850.78690193
2850.82698013
2850.86705833
2850.90713653
2850.94721473
2850.98729293
2851.02737113
2851.06744933
2851.10752753
2851.14760573
2851.18768393
2851.22776213
2851.26784033
2851.30791853
2851.34799673
2851.38807493
2851.42815313
2851.46823134
2851.50830954
2851.54838774
2851.58846594
2851.62854414
2851.66862234
2851.70870054
2851.74877874
2851.78885694
2851.82893514
2851.86901334
2851.90909154
2851.94916974
2851.98924794
2852.02932614
2852.06940434
2852.10948254
2852.14956074
2852.18963894
2852.22971714
2852.26979534
2852.30987354
2852.34995174
2852.39002994
2852.43010814
2852.47018635
2852.51026455
2852.55034275
2852.59042095
2852.63049915
2852.67057735
2852.71065555
2852.75073375
2852.79081195
2852.83089015
2852.87096835
2852.91104655
2852.95112475
2852.99120295
2853.03128115
2853.07135935
2853.11143755
2853.15151575
2853.19159395
2853.23167215
2853.27175035
2853.31182855
2853.35190675
2853.39198495
2853.43206315
2853.47214136
2853.51221956
2853.55229776
2853.59237596
2853.63245416
2853.67253236
2853.71261056
2853.75268876
2853.79276696
2853.83284516
2853.87292336
2853.91300156
2853.95307976
2853.99315796
2854.03323616
2854.07331436
2854.11339256
2854.15347076
2854.19354896
2854.23362716
2854.27370536
2854.31378356
2854.35386176
2854.39393996
2854.43401816
2854.47409637
2854.51417457
2854.55425277
2854.59433097
2854.63440917
2854.67448737
2854.71456557
2854.75464377
2854.79472197
2854.83480017
2854.87487837
2854.91495657
2854.95503477
2854.99511297
2855.03519117
2855.07526937
2855.11534757
2855.15542577
2855.19550397
2855.23558217
2855.27566037
2855.31573857
2855.35581677
2855.39589497
2855.43597317
2855.47605138
2855.51612958
2855.55620778
2855.59628598
2855.63636418
2855.67644238
2855.71652058
2855.75659878
2855.79667698
2855.83675518
2855.87683338
2855.91691158
2855.95698978
2855.99706798
2856.03714618
2856.07722438
2856.11730258
2856.15738078
2856.19745898
2856.23753718
2856.27761538
2856.31769358
2856.35777178
2856.39784998
2856.43792818
2856.47800639
2856.51808459
2856.55816279
2856.59824099
2856.63831919
2856.67839739
2856.71847559
2856.75855379
2856.79863199
2856.83871019
2856.87878839
2856.91886659
2856.95894479
2856.99902299
2857.03910119
2857.07917939
2857.11925759
2857.15933579
2857.19941399
2857.23949219
2857.27957039
2857.31964859
2857.35972679
2857.39980499
2857.43988319
2857.47996140
2857.52003960
2857.56011780
2857.60019600
2857.64027420
2857.68035240
2857.72043060
2857.76050880
2857.80058700
2857.84066520
2857.88074340
2857.92082160
2857.96089980
2858.00097800
2858.04105620
2858.08113440
2858.12121260
2858.16129080
2858.20136900
2858.24144720
2858.28152540
2858.32160360
2858.36168180
2858.40176000
2858.44183820
2858.48191641
2858.52199461
2858.56207281
2858.60215101
2858.64222921
2858.68230741
2858.72238561
2858.76246381
2858.80254201
2858.84262021
2858.88269841
2858.92277661
2858.96285481
2859.00293301
2859.04301121
2859.08308941
2859.12316761
2859.16324581
2859.20332401
2859.24340221
2859.28348041
2859.32355861
2859.36363681
2859.40371501
2859.44379321
2859.48387142
2859.52394962
2859.56402782
2859.60410602
2859.64418422
2859.68426242
2859.72434062
2859.76441882
2859.80449702
2859.84457522
2859.88465342
2859.92473162
2859.96480982
2860.00488802
2860.04496622
2860.08504442
2860.12512262
2860.16520082
2860.20527902
2860.24535722
2860.28543542
2860.32551362
2860.36559182
2860.40567002
2860.44574822
2860.48582643
2860.52590463
2860.56598283
2860.60606103
2860.64613923
2860.68621743
2860.72629563
2860.76637383
2860.80645203
2860.84653023
2860.88660843
2860.92668663
2860.96676483
2861.00684303
2861.04692123
2861.08699943
2861.12707763
2861.16715583
2861.20723403
2861.24731223
2861.28739043
2861.32746863
2861.36754683
2861.40762503
2861.44770323
2861.48778144
2861.52785964
2861.56793784
2861.60801604
2861.64809424
2861.68817244
2861.72825064
2861.76832884
2861.80840704
2861.84848524
2861.88856344
2861.92864164
2861.96871984
2862.00879804
2862.04887624
2862.08895444
2862.12903264
2862.16911084
2862.20918904
2862.24926724
2862.28934544
2862.32942364
2862.36950184
2862.40958004
2862.44965824
2862.48973645
2862.52981465
2862.56989285
2862.60997105
2862.65004925
2862.69012745
2862.73020565
2862.77028385
2862.81036205
2862.85044025
2862.89051845
2862.93059665
2862.97067485
2863.01075305
2863.05083125
2863.09090945
2863.13098765
2863.17106585
2863.21114405
2863.25122225
2863.29130045
2863.33137865
2863.37145685
2863.41153505
2863.45161325
2863.49169146
2863.53176966
2863.57184786
2863.61192606
2863.65200426
2863.69208246
2863.73216066
2863.77223886
2863.81231706
2863.85239526
2863.89247346
2863.93255166
2863.97262986
2864.01270806
2864.05278626
2864.09286446
2864.13294266
2864.17302086
2864.21309906
2864.25317726
2864.29325546
2864.33333366
2864.37341186
2864.41349006
2864.45356826
2864.49364647
2864.53372467
2864.57380287
2864.61388107
2864.65395927
2864.69403747
2864.73411567
2864.77419387
2864.81427207
2864.85435027
2864.89442847
2864.93450667
2864.97458487
2865.01466307
2865.05474127
2865.09481947
2865.13489767
2865.17497587
2865.21505407
2865.25513227
2865.29521047
2865.33528867
2865.37536687
2865.41544507
2865.45552327
2865.49560148
2865.53567968
2865.57575788
2865.61583608
2865.65591428
2865.69599248
2865.73607068
2865.77614888
2865.81622708
2865.85630528
2865.89638348
2865.93646168
2865.97653988
2866.01661808
2866.05669628
2866.09677448
2866.13685268
2866.17693088
2866.21700908
2866.25708728
2866.29716548
2866.33724368
2866.37732188
2866.41740008
2866.45747828
2866.49755649
2866.53763469
2866.57771289
2866.61779109
2866.65786929
2866.69794749
2866.73802569
2866.77810389
2866.81818209
2866.85826029
2866.89833849
2866.93841669
2866.97849489
2867.01857309
2867.05865129
2867.09872949
2867.13880769
2867.17888589
2867.21896409
2867.25904229
2867.29912049
2867.33919869
2867.37927689
2867.41935509
2867.45943329
2867.49951150
2867.53958970
2867.57966790
2867.61974610
2867.65982430
2867.69990250
2867.73998070
2867.78005890
2867.82013710
2867.86021530
2867.90029350
2867.94037170
2867.98044990
2868.02052810
2868.06060630
2868.10068450
2868.14076270
2868.18084090
2868.22091910
2868.26099730
2868.30107550
2868.34115370
2868.38123190
2868.42131010
2868.46138830
2868.50146651
2868.54154471
2868.58162291
2868.62170111
2868.66177931
2868.70185751
2868.74193571
2868.78201391
2868.82209211
2868.86217031
2868.90224851
2868.94232671
2868.98240491
2869.02248311
2869.06256131
2869.10263951
2869.14271771
2869.18279591
2869.22287411
2869.26295231
2869.30303051
2869.34310871
2869.38318691
2869.42326511
2869.46334331
2869.50342152
2869.54349972
2869.58357792
2869.62365612
2869.66373432
2869.70381252
2869.74389072
2869.78396892
2869.82404712
2869.86412532
2869.90420352
2869.94428172
2869.98435992
2870.02443812
2870.06451632
2870.10459452
2870.14467272
2870.18475092
2870.22482912
2870.26490732
2870.30498552
2870.34506372
2870.38514192
2870.42522012
2870.46529832
2870.50537653
2870.54545473
2870.58553293
2870.62561113
2870.66568933
2870.70576753
2870.74584573
2870.78592393
2870.82600213
2870.86608033
2870.90615853
2870.94623673
2870.98631493
2871.02639313
2871.06647133
2871.10654953
2871.14662773
2871.18670593
2871.22678413
2871.26686233
2871.30694053
2871.34701873
2871.38709693
2871.42717513
2871.46725333
2871.50733154
2871.54740974
2871.58748794
2871.62756614
2871.66764434
2871.70772254
2871.74780074
2871.78787894
2871.82795714
2871.86803534
2871.90811354
2871.94819174
2871.98826994
2872.02834814
2872.06842634
2872.10850454
2872.14858274
2872.18866094
2872.22873914
2872.26881734
2872.30889554
2872.34897374
2872.38905194
2872.42913014
2872.46920834
2872.50928655
2872.54936475
2872.58944295
2872.62952115
2872.66959935
2872.70967755
2872.74975575
2872.78983395
2872.82991215
2872.86999035
2872.91006855
2872.95014675
2872.99022495
2873.03030315
2873.07038135
2873.11045955
2873.15053775
2873.19061595
2873.23069415
2873.27077235
2873.31085055
2873.35092875
2873.39100695
2873.43108515
2873.47116335
2873.51124156
2873.55131976
2873.59139796
2873.63147616
2873.67155436
2873.71163256
2873.75171076
2873.79178896
2873.83186716
2873.87194536
2873.91202356
2873.95210176
2873.99217996
2874.03225816
2874.07233636
2874.11241456
2874.15249276
2874.19257096
2874.23264916
2874.27272736
2874.31280556
2874.35288376
2874.39296196
2874.43304016
2874.47311836
2874.51319657
2874.55327477
2874.59335297
2874.63343117
2874.67350937
2874.71358757
2874.75366577
2874.79374397
2874.83382217
2874.87390037
2874.91397857
2874.95405677
2874.99413497
2875.03421317
2875.07429137
2875.11436957
2875.15444777
2875.19452597
2875.23460417
2875.27468237
2875.31476057
2875.35483877
2875.39491697
2875.43499517
2875.47507337
2875.51515158
2875.55522978
2875.59530798
2875.63538618
2875.67546438
2875.71554258
2875.75562078
2875.79569898
2875.83577718
2875.87585538
2875.91593358
2875.95601178
2875.99608998
2876.03616818
2876.07624638
2876.11632458
2876.15640278
2876.19648098
2876.23655918
2876.27663738
2876.31671558
2876.35679378
2876.39687198
2876.43695018
2876.47702838
2876.51710659
2876.55718479
2876.59726299
2876.63734119
2876.67741939
2876.71749759
2876.75757579
2876.79765399
2876.83773219
2876.87781039
2876.91788859
2876.95796679
2876.99804499
2877.03812319
2877.07820139
2877.11827959
2877.15835779
2877.19843599
2877.23851419
2877.27859239
2877.31867059
2877.35874879
2877.39882699
2877.43890519
2877.47898339
2877.51906160
2877.55913980
2877.59921800
2877.63929620
2877.67937440
2877.71945260
2877.75953080
2877.79960900
2877.83968720
2877.87976540
2877.91984360
2877.95992180
2878.00000000
2878.04007820
2878.08015640
2878.12023460
2878.16031280
2878.20039100
2878.24046920
2878.28054740
2878.32062560
2878.36070380
2878.40078200
2878.44086020
2878.48093840
2878.52101661
2878.56109481
2878.60117301
2878.64125121
2878.68132941
2878.72140761
2878.76148581
2878.80156401
2878.84164221
2878.88172041
2878.92179861
2878.96187681
2879.00195501
2879.04203321
2879.08211141
2879.12218961
2879.16226781
2879.20234601
2879.24242421
2879.28250241
2879.32258061
2879.36265881
2879.40273701
2879.44281521
2879.48289341
2879.52297162
2879.56304982
2879.60312802
2879.64320622
2879.68328442
2879.72336262
2879.76344082
2879.80351902
2879.84359722
2879.88367542
2879.92375362
2879.96383182
2880.00391002
2880.04398822
2880.08406642
2880.12414462
2880.16422282
2880.20430102
2880.24437922
2880.28445742
2880.32453562
2880.36461382
2880.40469202
2880.44477022
2880.48484842
2880.52492663
2880.56500483
2880.60508303
2880.64516123
2880.68523943
2880.72531763
2880.76539583
2880.80547403
2880.84555223
2880.88563043
2880.92570863
2880.96578683
2881.00586503
2881.04594323
2881.08602143
2881.12609963
2881.16617783
2881.20625603
2881.24633423
2881.28641243
2881.32649063
2881.36656883
2881.40664703
2881.44672523
2881.48680343
2881.52688164
2881.56695984
2881.60703804
2881.64711624
2881.68719444
2881.72727264
2881.76735084
2881.80742904
2881.84750724
2881.88758544
2881.92766364
2881.96774184
2882.00782004
2882.04789824
2882.08797644
2882.12805464
2882.16813284
2882.20821104
2882.24828924
2882.28836744
2882.32844564
2882.36852384
2882.40860204
2882.44868024
2882.48875844
2882.52883665
2882.56891485
2882.60899305
2882.64907125
2882.68914945
2882.72922765
2882.76930585
2882.80938405
2882.84946225
2882.88954045
2882.92961865
2882.96969685
2883.00977505
2883.04985325
2883.08993145
2883.13000965
2883.17008785
2883.21016605
2883.25024425
2883.29032245
2883.33040065
2883.37047885
2883.41055705
2883.45063525
2883.49071345
2883.53079166
2883.57086986
2883.61094806
2883.65102626
2883.69110446
2883.73118266
2883.77126086
2883.81133906
2883.85141726
2883.89149546
2883.93157366
2883.97165186
2884.01173006
2884.05180826
2884.09188646
2884.13196466
2884.17204286
2884.21212106
2884.25219926
2884.29227746
2884.33235566
2884.37243386
2884.41251206
2884.45259026
2884.49266846
2884.53274667
2884.57282487
2884.61290307
2884.65298127
2884.69305947
2884.73313767
2884.77321587
2884.81329407
2884.85337227
2884.89345047
2884.93352867
2884.97360687
2885.01368507
2885.05376327
2885.09384147
2885.13391967
2885.17399787
2885.21407607
2885.25415427
2885.29423247
2885.33431067
2885.37438887
2885.41446707
2885.45454527
2885.49462347
2885.53470168
2885.57477988
2885.61485808
2885.65493628
2885.69501448
2885.73509268
2885.77517088
2885.81524908
2885.85532728
2885.89540548
2885.93548368
2885.97556188
2886.01564008
2886.05571828
2886.09579648
2886.13587468
2886.17595288
2886.21603108
2886.25610928
2886.29618748
2886.33626568
2886.37634388
2886.41642208
2886.45650028
2886.49657848
2886.53665669
2886.57673489
2886.61681309
2886.65689129
2886.69696949
2886.73704769
2886.77712589
2886.81720409
2886.85728229
2886.89736049
2886.93743869
2886.97751689
2887.01759509
2887.05767329
2887.09775149
2887.13782969
2887.17790789
2887.21798609
2887.25806429
2887.29814249
2887.33822069
2887.37829889
2887.41837709
2887.45845529
2887.49853349
2887.53861170
2887.57868990
2887.61876810
2887.65884630
2887.69892450
2887.73900270
2887.77908090
2887.81915910
2887.85923730
2887.89931550
2887.93939370
2887.97947190
2888.01955010
