1324.09091270
1324.46921182
1324.84751093
1325.22581005
1325.60410917
1325.98240829
1326.36070740
1326.73900652
1327.11730564
1327.49560475
1327.87390387
1328.25220299
1328.63050210
1329.00880122
1329.38710034
1329.76539946
1330.14369857
1330.52199769
1330.90029681
1331.27859592
1331.65689504
1332.03519416
1332.41349328
1332.79179239
1333.17009151
1333.54839063
1333.92668974
1334.30498886
1334.68328798
1335.06158710
1335.43988621
1335.81818533
1336.19648445
1336.57478356
1336.95308268
1337.33138180
1337.70968091
1338.08798003
1338.46627915
1338.84457827
1339.22287738
1339.60117650
1339.97947562
1340.35777473
1340.73607385
1341.11437297
1341.49267209
1341.87097120
1342.24927032
1342.62756944
1343.00586855
1343.38416767
1343.76246679
1344.14076591
1344.51906502
1344.89736414
1345.27566326
1345.65396237
1346.03226149
1346.41056061
1346.78885972
1347.16715884
1347.54545796
1347.92375708
1348.30205619
1348.68035531
1349.05865443
1349.43695354
1349.81525266
1350.19355178
1350.57185090
1350.95015001
1351.32844913
1351.70674825
1352.08504736
1352.46334648
1352.84164560
1353.21994472
1353.59824383
1353.97654295
1354.35484207
1354.73314118
1355.11144030
1355.48973942
1355.86803854
1356.24633765
1356.62463677
1357.00293589
1357.38123500
1357.75953412
1358.13783324
1358.51613235
1358.89443147
1359.27273059
1359.65102971
1360.02932882
1360.40762794
1360.78592706
1361.16422617
1361.54252529
1361.92082441
1362.29912353
1362.67742264
1363.05572176
1363.43402088
1363.81231999
1364.19061911
1364.56891823
1364.94721735
1365.32551646
1365.70381558
1366.08211470
1366.46041381
1366.83871293
1367.21701205
1367.59531116
1367.97361028
1368.35190940
1368.73020852
1369.10850763
1369.48680675
1369.86510587
1370.24340498
1370.62170410
1371.00000322
1371.37830234
1371.75660145
1372.13490057
1372.51319969
1372.89149880
1373.26979792
1373.64809704
1374.02639616
1374.40469527
1374.78299439
1375.16129351
1375.53959262
1375.91789174
1376.29619086
1376.67448997
1377.05278909
1377.43108821
1377.80938733
1378.18768644
1378.56598556
1378.94428468
1379.32258379
1379.70088291
1380.07918203
1380.45748115
1380.83578026
1381.21407938
1381.59237850
1381.97067761
1382.34897673
1382.72727585
1383.10557497
1383.48387408
1383.86217320
1384.24047232
1384.61877143
1384.99707055
1385.37536967
1385.75366879
1386.13196790
1386.51026702
1386.88856614
1387.26686525
1387.64516437
1388.02346349
1388.40176260
1388.78006172
1389.15836084
1389.53665996
1389.91495907
1390.29325819
1390.67155731
1391.04985642
1391.42815554
1391.80645466
1392.18475378
1392.56305289
1392.94135201
1393.31965113
1393.69795024
1394.07624936
1394.45454848
1394.83284760
1395.21114671
1395.58944583
1395.96774495
1396.34604406
1396.72434318
1397.10264230
1397.48094141
1397.85924053
1398.23753965
1398.61583877
1398.99413788
1399.37243700
1399.75073612
1400.12903523
1400.50733435
1400.88563347
1401.26393259
1401.64223170
1402.02053082
1402.39882994
1402.77712905
1403.15542817
1403.53372729
1403.91202641
1404.29032552
1404.66862464
1405.04692376
1405.42522287
1405.80352199
1406.18182111
1406.56012022
1406.93841934
1407.31671846
1407.69501758
1408.07331669
1408.45161581
1408.82991493
1409.20821404
1409.58651316
1409.96481228
1410.34311140
1410.72141051
1411.09970963
1411.47800875
1411.85630786
1412.23460698
1412.61290610
1412.99120522
1413.36950433
1413.74780345
1414.12610257
1414.50440168
1414.88270080
1415.26099992
1415.63929904
1416.01759815
1416.39589727
1416.77419639
1417.15249550
1417.53079462
1417.90909374
1418.28739285
1418.66569197
1419.04399109
1419.42229021
1419.80058932
1420.17888844
1420.55718756
1420.93548667
1421.31378579
1421.69208491
1422.07038403
1422.44868314
1422.82698226
1423.20528138
1423.58358049
1423.96187961
1424.34017873
1424.71847785
1425.09677696
1425.47507608
1425.85337520
1426.23167431
1426.60997343
1426.98827255
1427.36657166
1427.74487078
1428.12316990
1428.50146902
1428.87976813
1429.25806725
1429.63636637
1430.01466548
1430.39296460
1430.77126372
1431.14956284
1431.52786195
1431.90616107
1432.28446019
1432.66275930
1433.04105842
1433.41935754
1433.79765666
1434.17595577
1434.55425489
1434.93255401
1435.31085312
1435.68915224
1436.06745136
1436.44575047
1436.82404959
1437.20234871
1437.58064783
1437.95894694
1438.33724606
1438.71554518
1439.09384429
1439.47214341
1439.85044253
1440.22874165
1440.60704076
1440.98533988
1441.36363900
1441.74193811
1442.12023723
1442.49853635
1442.87683547
1443.25513458
1443.63343370
1444.01173282
1444.39003193
1444.76833105
1445.14663017
1445.52492929
1445.90322840
1446.28152752
1446.65982664
1447.03812575
1447.41642487
1447.79472399
1448.17302310
1448.55132222
1448.92962134
1449.30792046
1449.68621957
1450.06451869
1450.44281781
1450.82111692
1451.19941604
1451.57771516
1451.95601428
1452.33431339
1452.71261251
1453.09091163
1453.46921074
1453.84750986
1454.22580898
1454.60410810
1454.98240721
1455.36070633
1455.73900545
1456.11730456
1456.49560368
1456.87390280
1457.25220191
1457.63050103
1458.00880015
1458.38709927
1458.76539838
1459.14369750
1459.52199662
1459.90029573
1460.27859485
1460.65689397
1461.03519309
1461.41349220
1461.79179132
1462.17009044
1462.54838955
1462.92668867
1463.30498779
1463.68328691
1464.06158602
1464.43988514
1464.81818426
1465.19648337
1465.57478249
1465.95308161
1466.33138072
1466.70967984
1467.08797896
1467.46627808
1467.84457719
1468.22287631
1468.60117543
1468.97947454
1469.35777366
1469.73607278
1470.11437190
1470.49267101
1470.87097013
1471.24926925
1471.62756836
1472.00586748
1472.38416660
1472.76246572
1473.14076483
1473.51906395
1473.89736307
1474.27566218
1474.65396130
1475.03226042
1475.41055954
1475.78885865
1476.16715777
1476.54545689
1476.92375600
1477.30205512
1477.68035424
1478.05865335
1478.43695247
1478.81525159
1479.19355071
1479.57184982
1479.95014894
1480.32844806
1480.70674717
1481.08504629
1481.46334541
1481.84164453
1482.21994364
1482.59824276
1482.97654188
1483.35484099
1483.73314011
1484.11143923
1484.48973835
1484.86803746
1485.24633658
1485.62463570
1486.00293481
1486.38123393
1486.75953305
1487.13783216
1487.51613128
1487.89443040
1488.27272952
1488.65102863
1489.02932775
1489.40762687
1489.78592598
1490.16422510
1490.54252422
1490.92082334
1491.29912245
1491.67742157
1492.05572069
1492.43401980
1492.81231892
1493.19061804
1493.56891716
1493.94721627
1494.32551539
1494.70381451
1495.08211362
1495.46041274
1495.83871186
1496.21701097
1496.59531009
1496.97360921
1497.35190833
1497.73020744
1498.10850656
1498.48680568
1498.86510479
1499.24340391
1499.62170303
1500.00000215
1500.37830126
1500.75660038
1501.13489950
1501.51319861
1501.89149773
1502.26979685
1502.64809597
1503.02639508
1503.40469420
1503.78299332
1504.16129243
1504.53959155
1504.91789067
1505.29618979
1505.67448890
1506.05278802
1506.43108714
1506.80938625
1507.18768537
1507.56598449
1507.94428360
1508.32258272
1508.70088184
1509.07918096
1509.45748007
1509.83577919
1510.21407831
1510.59237742
1510.97067654
1511.34897566
1511.72727478
1512.10557389
1512.48387301
1512.86217213
1513.24047124
1513.61877036
1513.99706948
1514.37536860
1514.75366771
1515.13196683
1515.51026595
1515.88856506
1516.26686418
1516.64516330
1517.02346241
1517.40176153
1517.78006065
1518.15835977
1518.53665888
1518.91495800
1519.29325712
1519.67155623
1520.04985535
1520.42815447
1520.80645359
1521.18475270
1521.56305182
1521.94135094
1522.31965005
1522.69794917
1523.07624829
1523.45454741
1523.83284652
1524.21114564
1524.58944476
1524.96774387
1525.34604299
1525.72434211
1526.10264122
1526.48094034
1526.85923946
1527.23753858
1527.61583769
1527.99413681
1528.37243593
1528.75073504
1529.12903416
1529.50733328
1529.88563240
1530.26393151
1530.64223063
1531.02052975
1531.39882886
1531.77712798
1532.15542710
1532.53372622
1532.91202533
1533.29032445
1533.66862357
1534.04692268
1534.42522180
1534.80352092
1535.18182003
1535.56011915
1535.93841827
1536.31671739
1536.69501650
1537.07331562
1537.45161474
1537.82991385
1538.20821297
1538.58651209
1538.96481121
1539.34311032
1539.72140944
1540.09970856
1540.47800767
1540.85630679
1541.23460591
1541.61290503
1541.99120414
1542.36950326
1542.74780238
1543.12610149
1543.50440061
1543.88269973
1544.26099885
1544.63929796
1545.01759708
1545.39589620
1545.77419531
1546.15249443
1546.53079355
1546.90909266
1547.28739178
1547.66569090
1548.04399002
1548.42228913
1548.80058825
1549.17888737
1549.55718648
1549.93548560
1550.31378472
1550.69208384
1551.07038295
1551.44868207
1551.82698119
1552.20528030
1552.58357942
1552.96187854
1553.34017766
1553.71847677
1554.09677589
1554.47507501
1554.85337412
1555.23167324
1555.60997236
1555.98827147
1556.36657059
1556.74486971
1557.12316883
1557.50146794
1557.87976706
1558.25806618
1558.63636529
1559.01466441
1559.39296353
1559.77126265
1560.14956176
1560.52786088
1560.90616000
1561.28445911
1561.66275823
1562.04105735
1562.41935647
1562.79765558
1563.17595470
1563.55425382
1563.93255293
1564.31085205
1564.68915117
1565.06745028
1565.44574940
1565.82404852
1566.20234764
1566.58064675
1566.95894587
1567.33724499
1567.71554410
1568.09384322
1568.47214234
1568.85044146
1569.22874057
1569.60703969
1569.98533881
1570.36363792
1570.74193704
1571.12023616
1571.49853528
1571.87683439
1572.25513351
1572.63343263
1573.01173174
1573.39003086
1573.76832998
1574.14662910
1574.52492821
1574.90322733
1575.28152645
1575.65982556
1576.03812468
1576.41642380
1576.79472291
1577.17302203
1577.55132115
1577.92962027
1578.30791938
1578.68621850
1579.06451762
1579.44281673
1579.82111585
1580.19941497
1580.57771409
1580.95601320
1581.33431232
1581.71261144
1582.09091055
1582.46920967
1582.84750879
1583.22580791
1583.60410702
1583.98240614
1584.36070526
1584.73900437
1585.11730349
1585.49560261
1585.87390172
1586.25220084
1586.63049996
1587.00879908
1587.38709819
1587.76539731
1588.14369643
1588.52199554
1588.90029466
1589.27859378
1589.65689290
1590.03519201
1590.41349113
1590.79179025
1591.17008936
1591.54838848
1591.92668760
1592.30498672
1592.68328583
1593.06158495
1593.43988407
1593.81818318
1594.19648230
1594.57478142
1594.95308053
1595.33137965
1595.70967877
1596.08797789
1596.46627700
1596.84457612
1597.22287524
1597.60117435
1597.97947347
1598.35777259
1598.73607171
1599.11437082
1599.49266994
1599.87096906
1600.24926817
1600.62756729
1601.00586641
1601.38416553
1601.76246464
1602.14076376
1602.51906288
1602.89736199
1603.27566111
1603.65396023
1604.03225935
1604.41055846
1604.78885758
1605.16715670
1605.54545581
1605.92375493
1606.30205405
1606.68035316
1607.05865228
1607.43695140
1607.81525052
1608.19354963
1608.57184875
1608.95014787
1609.32844698
1609.70674610
1610.08504522
1610.46334434
1610.84164345
1611.21994257
1611.59824169
1611.97654080
1612.35483992
1612.73313904
1613.11143816
1613.48973727
1613.86803639
1614.24633551
1614.62463462
1615.00293374
1615.38123286
1615.75953197
1616.13783109
1616.51613021
1616.89442933
1617.27272844
1617.65102756
1618.02932668
1618.40762579
1618.78592491
1619.16422403
1619.54252315
1619.92082226
1620.29912138
1620.67742050
1621.05571961
1621.43401873
1621.81231785
1622.19061697
1622.56891608
1622.94721520
1623.32551432
1623.70381343
1624.08211255
1624.46041167
1624.83871078
1625.21700990
1625.59530902
1625.97360814
1626.35190725
1626.73020637
1627.10850549
1627.48680460
1627.86510372
1628.24340284
1628.62170196
1629.00000107
1629.37830019
1629.75659931
1630.13489842
1630.51319754
1630.89149666
1631.26979578
1631.64809489
1632.02639401
1632.40469313
1632.78299224
1633.16129136
1633.53959048
1633.91788960
1634.29618871
1634.67448783
1635.05278695
1635.43108606
1635.80938518
1636.18768430
1636.56598341
1636.94428253
1637.32258165
1637.70088077
1638.07917988
1638.45747900
1638.83577812
1639.21407723
1639.59237635
1639.97067547
1640.34897459
1640.72727370
1641.10557282
1641.48387194
1641.86217105
1642.24047017
1642.61876929
1642.99706841
1643.37536752
1643.75366664
1644.13196576
1644.51026487
1644.88856399
1645.26686311
1645.64516222
1646.02346134
1646.40176046
1646.78005958
1647.15835869
1647.53665781
1647.91495693
1648.29325604
1648.67155516
1649.04985428
1649.42815340
1649.80645251
1650.18475163
1650.56305075
1650.94134986
1651.31964898
1651.69794810
1652.07624722
1652.45454633
1652.83284545
1653.21114457
1653.58944368
1653.96774280
1654.34604192
1654.72434103
1655.10264015
1655.48093927
1655.85923839
1656.23753750
1656.61583662
1656.99413574
1657.37243485
1657.75073397
1658.12903309
1658.50733221
1658.88563132
1659.26393044
1659.64222956
1660.02052867
1660.39882779
1660.77712691
1661.15542603
1661.53372514
1661.91202426
1662.29032338
1662.66862249
1663.04692161
1663.42522073
1663.80351985
1664.18181896
1664.56011808
1664.93841720
1665.31671631
1665.69501543
1666.07331455
1666.45161366
1666.82991278
1667.20821190
1667.58651102
1667.96481013
1668.34310925
1668.72140837
1669.09970748
1669.47800660
1669.85630572
1670.23460484
1670.61290395
1670.99120307
1671.36950219
1671.74780130
1672.12610042
1672.50439954
1672.88269866
1673.26099777
1673.63929689
1674.01759601
1674.39589512
1674.77419424
1675.15249336
1675.53079247
1675.90909159
1676.28739071
1676.66568983
1677.04398894
1677.42228806
1677.80058718
1678.17888629
1678.55718541
1678.93548453
1679.31378365
1679.69208276
1680.07038188
1680.44868100
1680.82698011
1681.20527923
1681.58357835
1681.96187747
1682.34017658
1682.71847570
1683.09677482
1683.47507393
1683.85337305
1684.23167217
1684.60997128
1684.98827040
1685.36656952
1685.74486864
1686.12316775
1686.50146687
1686.87976599
1687.25806510
1687.63636422
1688.01466334
1688.39296246
1688.77126157
1689.14956069
1689.52785981
1689.90615892
1690.28445804
1690.66275716
1691.04105628
1691.41935539
1691.79765451
1692.17595363
1692.55425274
1692.93255186
1693.31085098
1693.68915009
1694.06744921
1694.44574833
1694.82404745
1695.20234656
1695.58064568
1695.95894480
1696.33724391
1696.71554303
1697.09384215
1697.47214127
1697.85044038
1698.22873950
1698.60703862
1698.98533773
1699.36363685
1699.74193597
1700.12023509
1700.49853420
1700.87683332
1701.25513244
1701.63343155
1702.01173067
1702.39002979
1702.76832891
1703.14662802
1703.52492714
1703.90322626
1704.28152537
1704.65982449
1705.03812361
1705.41642272
1705.79472184
1706.17302096
1706.55132008
1706.92961919
1707.30791831
1707.68621743
1708.06451654
1708.44281566
1708.82111478
1709.19941390
1709.57771301
1709.95601213
1710.33431125
1710.71261036
1711.09090948
1711.46920860
1711.84750772
1712.22580683
1712.60410595
1712.98240507
1713.36070418
1713.73900330
1714.11730242
1714.49560153
1714.87390065
1715.25219977
1715.63049889
1716.00879800
1716.38709712
1716.76539624
1717.14369535
1717.52199447
1717.90029359
1718.27859271
1718.65689182
1719.03519094
1719.41349006
1719.79178917
1720.17008829
1720.54838741
1720.92668653
1721.30498564
1721.68328476
1722.06158388
1722.43988299
1722.81818211
1723.19648123
1723.57478034
1723.95307946
1724.33137858
1724.70967770
1725.08797681
1725.46627593
1725.84457505
1726.22287416
1726.60117328
1726.97947240
1727.35777152
1727.73607063
1728.11436975
1728.49266887
1728.87096798
1729.24926710
1729.62756622
1730.00586534
1730.38416445
1730.76246357
1731.14076269
1731.51906180
1731.89736092
1732.27566004
1732.65395916
1733.03225827
1733.41055739
1733.78885651
1734.16715562
1734.54545474
1734.92375386
1735.30205297
1735.68035209
1736.05865121
1736.43695033
1736.81524944
1737.19354856
1737.57184768
1737.95014679
1738.32844591
1738.70674503
1739.08504415
1739.46334326
1739.84164238
1740.21994150
1740.59824061
1740.97653973
1741.35483885
1741.73313797
1742.11143708
1742.48973620
1742.86803532
1743.24633443
1743.62463355
1744.00293267
1744.38123178
1744.75953090
1745.13783002
1745.51612914
1745.89442825
1746.27272737
1746.65102649
1747.02932560
1747.40762472
1747.78592384
1748.16422296
1748.54252207
1748.92082119
1749.29912031
1749.67741942
1750.05571854
1750.43401766
1750.81231678
1751.19061589
1751.56891501
1751.94721413
1752.32551324
1752.70381236
1753.08211148
1753.46041059
1753.83870971
1754.21700883
1754.59530795
1754.97360706
1755.35190618
1755.73020530
1756.10850441
1756.48680353
1756.86510265
1757.24340177
1757.62170088
1758.00000000
1758.37829912
1758.75659823
1759.13489735
1759.51319647
1759.89149559
1760.26979470
1760.64809382
1761.02639294
1761.40469205
1761.78299117
1762.16129029
1762.53958941
1762.91788852
1763.29618764
1763.67448676
1764.05278587
1764.43108499
1764.80938411
1765.18768322
1765.56598234
1765.94428146
1766.32258058
1766.70087969
1767.07917881
1767.45747793
1767.83577704
1768.21407616
1768.59237528
1768.97067440
1769.34897351
1769.72727263
1770.10557175
1770.48387086
1770.86216998
1771.24046910
1771.61876822
1771.99706733
1772.37536645
1772.75366557
1773.13196468
1773.51026380
1773.88856292
1774.26686203
1774.64516115
1775.02346027
1775.40175939
1775.78005850
1776.15835762
1776.53665674
1776.91495585
1777.29325497
1777.67155409
1778.04985321
1778.42815232
1778.80645144
1779.18475056
1779.56304967
1779.94134879
1780.31964791
1780.69794703
1781.07624614
1781.45454526
1781.83284438
1782.21114349
1782.58944261
1782.96774173
1783.34604084
1783.72433996
1784.10263908
1784.48093820
1784.85923731
1785.23753643
1785.61583555
1785.99413466
1786.37243378
1786.75073290
1787.12903202
1787.50733113
1787.88563025
1788.26392937
1788.64222848
1789.02052760
1789.39882672
1789.77712584
1790.15542495
1790.53372407
1790.91202319
1791.29032230
1791.66862142
1792.04692054
1792.42521966
1792.80351877
1793.18181789
1793.56011701
1793.93841612
1794.31671524
1794.69501436
1795.07331347
1795.45161259
1795.82991171
1796.20821083
1796.58650994
1796.96480906
1797.34310818
1797.72140729
1798.09970641
1798.47800553
1798.85630465
1799.23460376
1799.61290288
1799.99120200
1800.36950111
1800.74780023
1801.12609935
1801.50439847
1801.88269758
1802.26099670
1802.63929582
1803.01759493
1803.39589405
1803.77419317
1804.15249228
1804.53079140
1804.90909052
1805.28738964
1805.66568875
1806.04398787
1806.42228699
1806.80058610
1807.17888522
1807.55718434
1807.93548346
1808.31378257
1808.69208169
1809.07038081
1809.44867992
1809.82697904
1810.20527816
1810.58357728
1810.96187639
1811.34017551
1811.71847463
1812.09677374
1812.47507286
1812.85337198
1813.23167109
1813.60997021
1813.98826933
1814.36656845
1814.74486756
1815.12316668
1815.50146580
1815.87976491
1816.25806403
1816.63636315
1817.01466227
1817.39296138
1817.77126050
1818.14955962
1818.52785873
1818.90615785
1819.28445697
1819.66275609
1820.04105520
1820.41935432
1820.79765344
1821.17595255
1821.55425167
1821.93255079
1822.31084991
1822.68914902
1823.06744814
1823.44574726
1823.82404637
1824.20234549
1824.58064461
1824.95894372
1825.33724284
1825.71554196
1826.09384108
1826.47214019
1826.85043931
1827.22873843
1827.60703754
1827.98533666
1828.36363578
1828.74193490
1829.12023401
1829.49853313
1829.87683225
1830.25513136
1830.63343048
1831.01172960
1831.39002872
1831.76832783
1832.14662695
1832.52492607
1832.90322518
1833.28152430
1833.65982342
1834.03812253
1834.41642165
1834.79472077
1835.17301989
1835.55131900
1835.92961812
1836.30791724
1836.68621635
1837.06451547
1837.44281459
1837.82111371
1838.19941282
1838.57771194
1838.95601106
1839.33431017
1839.71260929
1840.09090841
1840.46920753
1840.84750664
1841.22580576
1841.60410488
1841.98240399
1842.36070311
1842.73900223
1843.11730134
1843.49560046
1843.87389958
1844.25219870
1844.63049781
1845.00879693
1845.38709605
1845.76539516
1846.14369428
1846.52199340
1846.90029252
1847.27859163
1847.65689075
1848.03518987
1848.41348898
1848.79178810
1849.17008722
1849.54838634
1849.92668545
1850.30498457
1850.68328369
1851.06158280
1851.43988192
1851.81818104
1852.19648015
1852.57477927
1852.95307839
1853.33137751
1853.70967662
1854.08797574
1854.46627486
1854.84457397
1855.22287309
1855.60117221
1855.97947133
1856.35777044
1856.73606956
1857.11436868
1857.49266779
1857.87096691
1858.24926603
1858.62756515
1859.00586426
1859.38416338
1859.76246250
1860.14076161
1860.51906073
1860.89735985
1861.27565897
1861.65395808
1862.03225720
1862.41055632
1862.78885543
1863.16715455
1863.54545367
1863.92375278
1864.30205190
1864.68035102
1865.05865014
1865.43694925
1865.81524837
1866.19354749
1866.57184660
1866.95014572
1867.32844484
1867.70674396
1868.08504307
1868.46334219
1868.84164131
1869.21994042
1869.59823954
1869.97653866
1870.35483778
1870.73313689
1871.11143601
1871.48973513
1871.86803424
1872.24633336
1872.62463248
1873.00293159
1873.38123071
1873.75952983
1874.13782895
1874.51612806
1874.89442718
1875.27272630
1875.65102541
1876.02932453
1876.40762365
1876.78592277
1877.16422188
1877.54252100
1877.92082012
1878.29911923
1878.67741835
1879.05571747
1879.43401659
1879.81231570
1880.19061482
1880.56891394
1880.94721305
1881.32551217
1881.70381129
1882.08211040
1882.46040952
1882.83870864
1883.21700776
1883.59530687
1883.97360599
1884.35190511
1884.73020422
1885.10850334
1885.48680246
1885.86510158
1886.24340069
1886.62169981
1886.99999893
1887.37829804
1887.75659716
1888.13489628
1888.51319540
1888.89149451
1889.26979363
1889.64809275
1890.02639186
1890.40469098
1890.78299010
1891.16128922
1891.53958833
1891.91788745
1892.29618657
1892.67448568
1893.05278480
1893.43108392
1893.80938303
1894.18768215
1894.56598127
1894.94428039
1895.32257950
1895.70087862
1896.07917774
1896.45747685
1896.83577597
1897.21407509
1897.59237421
1897.97067332
1898.34897244
1898.72727156
1899.10557067
1899.48386979
1899.86216891
1900.24046803
1900.61876714
1900.99706626
1901.37536538
1901.75366449
1902.13196361
1902.51026273
1902.88856184
1903.26686096
1903.64516008
1904.02345920
1904.40175831
1904.78005743
1905.15835655
1905.53665566
1905.91495478
1906.29325390
1906.67155302
1907.04985213
1907.42815125
1907.80645037
1908.18474948
1908.56304860
1908.94134772
1909.31964684
1909.69794595
1910.07624507
1910.45454419
1910.83284330
1911.21114242
1911.58944154
1911.96774065
1912.34603977
1912.72433889
1913.10263801
1913.48093712
1913.85923624
1914.23753536
1914.61583447
1914.99413359
1915.37243271
1915.75073183
1916.12903094
1916.50733006
1916.88562918
1917.26392829
1917.64222741
1918.02052653
1918.39882565
1918.77712476
1919.15542388
1919.53372300
1919.91202211
1920.29032123
1920.66862035
1921.04691947
1921.42521858
1921.80351770
1922.18181682
1922.56011593
1922.93841505
1923.31671417
1923.69501328
1924.07331240
1924.45161152
1924.82991064
1925.20820975
1925.58650887
1925.96480799
1926.34310710
1926.72140622
1927.09970534
1927.47800446
1927.85630357
1928.23460269
1928.61290181
1928.99120092
1929.36950004
1929.74779916
1930.12609828
1930.50439739
1930.88269651
1931.26099563
1931.63929474
1932.01759386
1932.39589298
1932.77419209
1933.15249121
1933.53079033
1933.90908945
1934.28738856
1934.66568768
1935.04398680
1935.42228591
1935.80058503
1936.17888415
1936.55718327
1936.93548238
1937.31378150
1937.69208062
1938.07037973
1938.44867885
1938.82697797
1939.20527709
1939.58357620
1939.96187532
1940.34017444
1940.71847355
1941.09677267
1941.47507179
1941.85337090
1942.23167002
1942.60996914
1942.98826826
1943.36656737
1943.74486649
1944.12316561
1944.50146472
1944.87976384
1945.25806296
1945.63636208
1946.01466119
1946.39296031
1946.77125943
1947.14955854
1947.52785766
1947.90615678
1948.28445590
1948.66275501
1949.04105413
1949.41935325
1949.79765236
1950.17595148
1950.55425060
1950.93254972
1951.31084883
1951.68914795
1952.06744707
1952.44574618
1952.82404530
1953.20234442
1953.58064353
1953.95894265
1954.33724177
1954.71554089
1955.09384000
1955.47213912
1955.85043824
1956.22873735
1956.60703647
1956.98533559
1957.36363471
1957.74193382
1958.12023294
1958.49853206
1958.87683117
1959.25513029
1959.63342941
1960.01172853
1960.39002764
1960.76832676
1961.14662588
1961.52492499
1961.90322411
1962.28152323
1962.65982234
1963.03812146
1963.41642058
1963.79471970
1964.17301881
1964.55131793
1964.92961705
1965.30791616
1965.68621528
1966.06451440
1966.44281352
1966.82111263
1967.19941175
1967.57771087
1967.95600998
1968.33430910
1968.71260822
1969.09090734
1969.46920645
1969.84750557
1970.22580469
1970.60410380
1970.98240292
1971.36070204
1971.73900115
1972.11730027
1972.49559939
1972.87389851
1973.25219762
1973.63049674
1974.00879586
1974.38709497
1974.76539409
1975.14369321
1975.52199233
1975.90029144
1976.27859056
1976.65688968
1977.03518879
1977.41348791
1977.79178703
1978.17008615
1978.54838526
1978.92668438
1979.30498350
1979.68328261
1980.06158173
1980.43988085
1980.81817997
1981.19647908
1981.57477820
1981.95307732
1982.33137643
1982.70967555
1983.08797467
1983.46627378
1983.84457290
1984.22287202
1984.60117114
1984.97947025
1985.35776937
1985.73606849
1986.11436760
1986.49266672
1986.87096584
1987.24926496
1987.62756407
1988.00586319
1988.38416231
1988.76246142
1989.14076054
1989.51905966
1989.89735878
1990.27565789
1990.65395701
1991.03225613
1991.41055524
1991.78885436
1992.16715348
1992.54545259
1992.92375171
1993.30205083
1993.68034995
1994.05864906
1994.43694818
1994.81524730
1995.19354641
1995.57184553
1995.95014465
1996.32844377
1996.70674288
1997.08504200
1997.46334112
1997.84164023
1998.21993935
1998.59823847
1998.97653759
1999.35483670
1999.73313582
2000.11143494
2000.48973405
2000.86803317
2001.24633229
2001.62463140
2002.00293052
2002.38122964
2002.75952876
2003.13782787
2003.51612699
2003.89442611
2004.27272522
2004.65102434
2005.02932346
2005.40762258
2005.78592169
2006.16422081
2006.54251993
2006.92081904
2007.29911816
2007.67741728
2008.05571640
2008.43401551
2008.81231463
2009.19061375
2009.56891286
2009.94721198
2010.32551110
2010.70381021
2011.08210933
2011.46040845
2011.83870757
2012.21700668
2012.59530580
2012.97360492
2013.35190403
2013.73020315
2014.10850227
2014.48680139
2014.86510050
2015.24339962
2015.62169874
2015.99999785
2016.37829697
2016.75659609
2017.13489521
2017.51319432
2017.89149344
2018.26979256
2018.64809167
2019.02639079
2019.40468991
2019.78298903
2020.16128814
2020.53958726
2020.91788638
2021.29618549
2021.67448461
2022.05278373
2022.43108284
2022.80938196
2023.18768108
2023.56598020
2023.94427931
2024.32257843
2024.70087755
2025.07917666
2025.45747578
2025.83577490
2026.21407402
2026.59237313
2026.97067225
2027.34897137
2027.72727048
2028.10556960
2028.48386872
2028.86216784
2029.24046695
2029.61876607
2029.99706519
2030.37536430
2030.75366342
2031.13196254
2031.51026165
2031.88856077
2032.26685989
2032.64515901
2033.02345812
2033.40175724
2033.78005636
2034.15835547
2034.53665459
2034.91495371
2035.29325283
2035.67155194
2036.04985106
2036.42815018
2036.80644929
2037.18474841
2037.56304753
2037.94134665
2038.31964576
2038.69794488
2039.07624400
2039.45454311
2039.83284223
2040.21114135
2040.58944046
2040.96773958
2041.34603870
2041.72433782
2042.10263693
2042.48093605
2042.85923517
2043.23753428
2043.61583340
2043.99413252
2044.37243164
2044.75073075
2045.12902987
2045.50732899
2045.88562810
2046.26392722
2046.64222634
2047.02052546
2047.39882457
2047.77712369
2048.15542281
2048.53372192
2048.91202104
2049.29032016
2049.66861928
2050.04691839
2050.42521751
2050.80351663
2051.18181574
2051.56011486
2051.93841398
2052.31671309
2052.69501221
2053.07331133
2053.45161045
2053.82990956
2054.20820868
2054.58650780
2054.96480691
2055.34310603
2055.72140515
2056.09970427
2056.47800338
2056.85630250
2057.23460162
2057.61290073
2057.99119985
2058.36949897
2058.74779809
2059.12609720
2059.50439632
2059.88269544
2060.26099455
2060.63929367
2061.01759279
2061.39589190
2061.77419102
2062.15249014
2062.53078926
2062.90908837
2063.28738749
2063.66568661
2064.04398572
2064.42228484
2064.80058396
2065.17888308
2065.55718219
2065.93548131
2066.31378043
2066.69207954
2067.07037866
2067.44867778
2067.82697690
2068.20527601
2068.58357513
2068.96187425
2069.34017336
2069.71847248
2070.09677160
2070.47507071
2070.85336983
2071.23166895
2071.60996807
2071.98826718
2072.36656630
2072.74486542
2073.12316453
2073.50146365
2073.87976277
2074.25806189
2074.63636100
2075.01466012
2075.39295924
2075.77125835
2076.14955747
2076.52785659
2076.90615571
2077.28445482
2077.66275394
2078.04105306
2078.41935217
2078.79765129
2079.17595041
2079.55424953
2079.93254864
2080.31084776
2080.68914688
2081.06744599
2081.44574511
2081.82404423
2082.20234334
2082.58064246
2082.95894158
2083.33724070
2083.71553981
2083.90227461
2084.29132640
2084.68037820
2085.06942999
2085.45848179
2085.84753358
2086.23658538
2086.62563717
2087.01468897
2087.40374076
2087.79279256
2088.18184435
2088.57089615
2088.95994794
2089.34899974
2089.73805153
2090.12710333
2090.51615512
2090.90520692
2091.29425871
2091.68331051
2092.07236230
2092.46141410
2092.85046589
2093.23951769
2093.62856948
2094.01762128
2094.40667307
2094.79572487
2095.18477666
2095.57382846
2095.96288025
2096.35193205
2096.74098384
2097.13003564
2097.51908743
2097.90813923
2098.29719102
2098.68624282
2099.07529461
2099.46434641
2099.85339820
2100.24245000
2100.63150179
2101.02055359
2101.40960538
2101.79865718
2102.18770897
2102.57676077
2102.96581256
2103.35486436
2103.74391615
2104.13296795
2104.52201974
2104.91107154
2105.30012333
2105.68917513
2106.07822692
2106.46727872
2106.85633051
2107.24538231
2107.63443410
2108.02348590
2108.41253769
2108.80158949
2109.19064128
2109.57969308
2109.96874487
2110.35779667
2110.74684846
2111.13590026
2111.52495205
2111.91400385
2112.30305564
2112.69210744
2113.08115923
2113.47021103
2113.85926282
2114.24831462
2114.63736641
2115.02641821
2115.41547000
2115.80452180
2116.19357359
2116.58262539
2116.97167718
2117.36072898
2117.74978077
2118.13883257
2118.52788436
2118.91693616
2119.30598795
2119.69503975
2120.08409154
2120.47314334
2120.86219513
2121.25124693
2121.64029872
2122.02935052
2122.41840231
2122.80745411
2123.19650590
2123.58555770
2123.97460949
2124.36366129
2124.75271308
2125.14176488
2125.53081667
2125.91986847
2126.30892026
2126.69797206
2127.08702385
2127.47607565
2127.86512744
2128.25417924
2128.64323103
2129.03228283
2129.42133462
2129.81038642
2130.19943821
2130.58849001
2130.97754180
2131.36659360
2131.75564539
2132.14469719
2132.53374898
2132.92280078
2133.31185257
2133.70090437
2134.08995616
2134.47900796
2134.86805975
2135.25711155
2135.64616334
2136.03521514
2136.42426693
2136.81331873
2137.20237052
2137.59142232
2137.98047411
2138.36952591
2138.75857770
2139.14762950
2139.53668129
2139.92573309
2140.31478488
2140.70383668
2141.09288847
2141.48194027
2141.87099206
2142.26004386
2142.64909565
2143.03814745
2143.42719924
2143.81625104
2144.20530283
2144.59435463
2144.98340642
2145.37245822
2145.76151001
2146.15056181
2146.53961360
2146.92866540
2147.31771719
2147.70676899
2148.09582078
2148.48487258
2148.87392437
2149.26297617
2149.65202796
2150.04107976
2150.43013155
2150.81918335
2151.20823514
2151.59728694
2151.98633873
2152.37539053
2152.76444232
2153.15349412
2153.54254591
2153.93159771
2154.32064950
2154.70970130
2155.09875309
2155.48780489
2155.87685668
2156.26590848
2156.65496027
2157.04401207
2157.43306386
2157.82211566
2158.21116745
2158.60021925
2158.98927104
2159.37832284
2159.76737463
2160.15642643
2160.54547822
2160.93453002
2161.32358181
2161.71263361
2162.10168540
2162.49073720
2162.87978899
2163.26884079
2163.65789258
2164.04694438
2164.43599617
2164.82504797
2165.21409976
2165.60315156
2165.99220335
2166.38125515
2166.77030694
2167.15935874
2167.54841053
2167.93746233
2168.32651412
2168.71556592
2169.10461771
2169.49366951
2169.88272130
2170.27177310
2170.66082489
2171.04987669
2171.43892848
2171.82798028
2172.21703207
2172.60608387
2172.99513566
2173.38418746
2173.77323925
2174.16229105
2174.55134284
2174.94039464
2175.32944643
2175.71849823
2176.10755002
2176.49660182
2176.88565361
2177.27470541
2177.66375721
2178.05280900
2178.44186080
2178.83091259
2179.21996439
2179.60901618
2179.99806798
2180.38711977
2180.77617157
2181.16522336
2181.55427516
2181.94332695
2182.33237875
2182.72143054
2183.11048234
2183.49953413
2183.88858593
2184.27763772
2184.66668952
2185.05574131
2185.44479311
2185.83384490
2186.22289670
2186.61194849
2187.00100029
2187.39005208
2187.77910388
2188.16815567
2188.55720747
2188.94625926
2189.33531106
2189.72436285
2190.11341465
2190.50246644
2190.89151824
2191.28057003
2191.66962183
2192.05867362
2192.44772542
2192.83677721
2193.22582901
2193.61488080
2194.00393260
2194.39298439
2194.78203619
2195.17108798
2195.56013978
2195.94919157
2196.33824337
2196.72729516
2197.11634696
2197.50539875
2197.89445055
2198.28350234
2198.67255414
2199.06160593
2199.45065773
2199.83970952
2200.22876132
2200.61781311
2201.00686491
2201.39591670
2201.78496850
2202.17402029
2202.56307209
2202.95212388
2203.34117568
2203.73022747
2204.11927927
2204.50833106
2204.89738286
2205.28643465
2205.67548645
2206.06453824
2206.45359004
2206.84264183
2207.23169363
2207.62074542
2208.00979722
2208.39884901
2208.78790081
2209.17695260
2209.56600440
2209.95505619
2210.34410799
2210.73315978
2211.12221158
2211.51126337
2211.90031517
2212.28936696
2212.67841876
2213.06747055
2213.45652235
2213.84557414
2214.23462594
2214.62367773
2215.01272953
2215.40178132
2215.79083312
2216.17988491
2216.56893671
2216.95798850
2217.34704030
2217.73609209
2218.12514389
2218.51419568
2218.90324748
2219.29229927
2219.68135107
2220.07040286
2220.45945466
2220.84850645
2221.23755825
2221.62661004
2222.01566184
2222.40471363
2222.79376543
2223.18281722
2223.57186902
2223.96092081
2224.34997261
2224.73902440
2225.12807620
2225.51712799
2225.90617979
2226.29523158
2226.68428338
2227.07333517
2227.46238697
2227.85143876
2228.24049056
2228.62954235
2229.01859415
2229.40764594
2229.79669774
2230.18574953
2230.57480133
2230.96385312
2231.35290492
2231.74195671
2232.13100851
2232.52006030
2232.90911210
2233.29816389
2233.68721569
2234.07626748
2234.46531928
2234.85437107
2235.24342287
2235.63247466
2236.02152646
2236.41057825
2236.79963005
2237.18868184
2237.57773364
2237.96678543
2238.35583723
2238.74488902
2239.13394082
2239.52299261
2239.91204441
2240.30109620
2240.69014800
2241.07919979
2241.46825159
2241.85730338
2242.24635518
2242.63540697
2243.02445877
2243.41351056
2243.80256236
2244.19161415
2244.58066595
2244.96971774
2245.35876954
2245.74782133
2246.13687313
2246.52592492
2246.91497672
2247.30402851
2247.69308031
2248.08213210
2248.47118390
2248.86023569
2249.24928749
2249.63833928
2250.02739108
2250.41644287
2250.80549467
2251.19454646
2251.58359826
2251.97265005
2252.36170185
2252.75075364
2253.13980544
2253.52885723
2253.91790903
2254.30696082
2254.69601262
2255.08506441
2255.47411621
2255.86316800
2256.25221980
2256.64127159
2257.03032339
2257.41937518
2257.80842698
2258.19747877
2258.58653057
2258.97558236
2259.36463416
2259.75368595
2260.14273775
2260.53178954
2260.92084134
2261.30989313
2261.69894493
2262.08799672
2262.47704852
2262.86610031
2263.25515211
2263.64420390
2264.03325570
2264.42230749
2264.81135929
2265.20041108
2265.58946288
2265.97851467
2266.36756647
2266.75661826
2267.14567006
2267.53472185
2267.92377365
2268.31282544
2268.70187724
2269.09092903
2269.47998083
2269.86903262
2270.25808442
2270.64713621
2271.03618801
2271.42523980
2271.81429160
2272.20334339
2272.59239519
2272.98144698
2273.37049878
2273.75955057
2274.14860237
2274.53765416
2274.92670596
2275.31575775
2275.70480955
2276.09386134
2276.48291314
2276.87196493
2277.26101673
2277.65006852
2278.03912032
2278.42817211
2278.81722391
2279.20627570
2279.59532750
2279.98437929
2280.37343109
2280.76248288
2281.15153468
2281.54058647
2281.92963827
2282.31869006
2282.70774186
2283.09679365
2283.48584545
2283.87489724
2284.26394904
2284.65300083
2285.04205263
2285.43110442
2285.82015622
2286.20920801
2286.59825981
2286.98731160
2287.37636340
2287.76541519
2288.15446699
2288.54351878
2288.93257058
2289.32162237
2289.71067417
2290.09972596
2290.48877776
2290.87782955
2291.26688135
2291.65593314
2292.04498494
2292.43403673
2292.82308853
2293.21214032
2293.60119212
2293.99024391
2294.37929571
2294.76834750
2295.15739930
2295.54645109
2295.93550289
2296.32455468
2296.71360648
2297.10265827
2297.49171007
2297.88076186
2298.26981366
2298.65886545
2299.04791725
2299.43696904
2299.82602084
2300.21507263
2300.60412443
2300.99317622
2301.38222802
2301.77127981
2302.16033161
2302.54938340
2302.93843520
2303.32748699
2303.71653879
2304.10559058
2304.49464238
2304.88369417
2305.27274597
2305.66179776
2306.05084956
2306.43990135
2306.82895315
2307.21800494
2307.60705674
2307.99610853
2308.38516033
2308.77421212
2309.16326392
2309.55231571
2309.94136751
2310.33041930
2310.71947110
2311.10852289
2311.49757469
2311.88662648
2312.27567828
2312.66473007
2313.05378187
2313.44283366
2313.83188546
2314.22093725
2314.60998905
2314.99904084
2315.38809264
2315.77714443
2316.16619623
2316.55524802
2316.94429982
2317.33335161
2317.72240341
2318.11145520
2318.50050700
2318.88955879
2319.27861059
2319.66766238
2320.05671418
2320.44576597
2320.83481777
2321.22386956
2321.61292136
2322.00197315
2322.39102495
2322.78007674
2323.16912854
2323.55818033
2323.94723213
2324.33628392
2324.72533572
2325.11438751
2325.50343931
2325.89249110
2326.28154290
2326.67059469
2327.05964649
2327.44869828
2327.83775008
2328.22680187
2328.61585367
2329.00490546
2329.39395726
2329.78300905
2330.17206085
2330.56111264
2330.95016444
2331.33921623
2331.72826803
2332.11731982
2332.50637162
2332.89542341
2333.28447521
2333.67352700
2334.06257880
2334.45163059
2334.84068239
2335.22973418
2335.61878598
2336.00783777
2336.39688957
2336.78594136
2337.17499316
2337.56404495
2337.95309675
2338.34214854
2338.73120034
2339.12025213
2339.50930393
2339.89835572
2340.28740752
2340.67645931
2341.06551111
2341.45456290
2341.84361470
2342.23266649
2342.62171829
2343.01077008
2343.39982188
2343.78887367
2344.17792547
2344.56697726
2344.95602906
2345.34508085
2345.73413265
2346.12318444
2346.51223624
2346.90128803
2347.29033983
2347.67939162
2348.06844342
2348.45749521
2348.84654701
2349.23559880
2349.62465060
2350.01370239
2350.40275419
2350.79180598
2351.18085778
2351.56990957
2351.95896137
2352.34801316
2352.73706496
2353.12611675
2353.51516855
2353.90422034
2354.29327214
2354.68232393
2355.07137573
2355.46042752
2355.84947932
2356.23853111
2356.62758291
2357.01663470
2357.40568650
2357.79473829
2358.18379009
2358.57284188
2358.96189368
2359.35094547
2359.73999727
2360.12904906
2360.51810086
2360.90715265
2361.29620445
2361.68525624
2362.07430804
2362.46335983
2362.85241163
2363.24146342
2363.63051522
2364.01956701
2364.40861881
2364.79767060
2365.18672240
2365.57577419
2365.96482599
2366.35387778
2366.74292958
2367.13198137
2367.52103317
2367.91008496
2368.29913676
2368.68818855
2369.07724035
2369.46629214
2369.85534394
2370.24439573
2370.63344753
2371.02249932
2371.41155112
2371.80060291
2372.18965471
2372.57870650
2372.96775830
2373.35681009
2373.74586189
2374.13491368
2374.52396548
2374.91301727
2375.30206907
2375.69112086
2376.08017266
2376.46922445
2376.85827625
2377.24732804
2377.63637984
2378.02543163
2378.41448343
2378.80353522
2379.19258702
2379.58163881
2379.97069061
2380.35974240
2380.74879420
2381.13784599
2381.52689779
2381.91594958
2382.30500138
2382.69405317
2383.08310497
2383.47215676
2383.86120856
2384.25026035
2384.63931215
2385.02836394
2385.41741574
2385.80646753
2386.19551933
2386.58457112
2386.97362292
2387.36267471
2387.75172651
2388.14077830
2388.52983010
2388.91888189
2389.30793369
2389.69698548
2390.08603728
2390.47508907
2390.86414087
2391.25319266
2391.64224446
2392.03129625
2392.42034805
2392.80939984
2393.19845164
2393.58750343
2393.97655523
2394.36560702
2394.75465882
2395.14371061
2395.53276241
2395.92181420
2396.31086600
2396.69991779
2397.08896959
2397.47802138
2397.86707318
2398.25612497
2398.64517677
2399.03422856
2399.42328036
2399.81233215
2400.20138395
2400.59043574
2400.97948754
2401.36853933
2401.75759113
2402.14664292
2402.53569472
2402.92474651
2403.31379831
2403.70285010
2404.09190190
2404.48095369
2404.87000549
2405.25905728
2405.64810908
2406.03716087
2406.42621267
2406.81526446
2407.20431626
2407.59336805
2407.98241985
2408.37147164
2408.76052344
2409.14957523
2409.53862703
2409.92767882
2410.31673062
2410.70578241
2411.09483421
2411.48388600
2411.87293780
2412.26198959
2412.65104139
2413.04009318
2413.42914498
2413.81819677
2414.20724857
2414.59630036
2414.98535216
2415.37440395
2415.76345575
2416.15250754
2416.54155934
2416.93061113
2417.31966293
2417.70871472
2418.09776652
2418.48681831
2418.87587011
2419.26492190
2419.65397370
2420.04302549
2420.43207729
2420.82112908
2421.21018088
2421.59923267
2421.98828447
2422.37733626
2422.76638806
2423.15543985
2423.54449165
2423.93354344
2424.32259524
2424.71164703
2425.10069883
2425.48975062
2425.87880242
2426.26785421
2426.65690601
2427.04595780
2427.43500960
2427.82406139
2428.21311319
2428.60216498
2428.99121678
2429.38026857
2429.76932037
2430.15837216
2430.54742396
2430.93647575
2431.32552755
2431.71457934
2432.10363114
2432.49268293
2432.88173473
2433.27078652
2433.65983832
2434.04889011
2434.43794191
2434.82699370
2435.21604550
2435.60509729
2435.99414909
2436.38320088
2436.77225268
2437.16130447
2437.55035627
2437.93940806
2438.32845986
2438.71751165
2439.10656345
2439.49561524
2439.88466704
2440.27371883
2440.66277063
2441.05182242
2441.44087422
2441.82992601
2442.21897781
2442.60802960
2442.99708140
2443.38613319
2443.77518499
2444.16423678
2444.55328858
2444.94234037
2445.33139217
2445.72044396
2446.10949576
2446.49854755
2446.88759935
2447.27665114
2447.66570294
2448.05475473
2448.44380653
2448.83285832
2449.22191012
2449.61096191
2450.00001371
2450.38906550
2450.77811730
2451.16716909
2451.55622089
2451.94527268
2452.33432448
2452.72337627
2453.11242807
2453.50147986
2453.89053166
2454.27958345
2454.66863525
2455.05768704
2455.44673884
2455.83579063
2456.22484243
2456.61389422
2457.00294602
2457.39199781
2457.78104961
2458.17010140
2458.55915320
2458.94820499
2459.33725679
2459.72630858
2460.11536038
2460.50441217
2460.89346397
2461.28251576
2461.67156756
2462.06061935
2462.44967115
2462.83872294
2463.22777474
2463.61682653
2464.00587833
2464.39493012
2464.78398192
2465.17303371
2465.56208551
2465.95113730
2466.34018910
2466.72924089
2467.11829269
2467.50734448
2467.89639628
2468.28544807
2468.67449987
2469.06355166
2469.45260346
2469.84165525
2470.23070705
2470.61975884
2471.00881064
2471.39786243
2471.78691423
2472.17596602
2472.56501782
2472.95406961
2473.34312141
2473.73217320
2474.12122500
2474.51027679
2474.89932859
2475.28838038
2475.67743218
2476.06648397
2476.45553577
2476.84458756
2477.23363936
2477.62269115
2478.01174295
2478.40079474
2478.78984654
2479.17889833
2479.56795013
2479.95700192
2480.34605372
2480.73510551
2481.12415731
2481.51320910
2481.90226090
2482.29131269
2482.68036449
2483.06941628
2483.45846808
2483.84751987
2484.23657167
2484.62562346
2485.01467526
2485.40372705
2485.79277885
2486.18183064
2486.57088244
2486.95993423
2487.34898603
2487.73803782
2488.12708962
2488.51614141
2488.90519321
2489.29424500
2489.68329680
2490.07234859
2490.46140039
2490.85045218
2491.23950398
2491.62855577
2492.01760757
2492.40665936
2492.79571116
2493.18476295
2493.57381475
2493.96286654
2494.35191834
2494.74097013
2495.13002193
2495.51907372
2495.90812552
2496.29717731
2496.68622911
2497.07528090
2497.46433270
2497.85338449
2498.24243629
2498.63148808
2499.02053988
2499.40959167
2499.79864347
2500.18769526
2500.57674706
2500.96579885
2501.35485065
2501.74390244
2502.13295424
2502.52200603
2502.91105783
2503.30010962
2503.68916142
2504.07821321
2504.46726501
2504.85631680
2505.24536860
2505.63442039
2506.02347219
2506.41252398
2506.80157578
2507.19062757
2507.57967937
2507.96873116
2508.35778296
2508.74683475
2509.13588655
2509.52493834
2509.91399014
2510.30304193
2510.69209373
2511.08114552
2511.47019732
2511.85924911
2512.24830091
2512.63735271
2513.02640450
2513.41545630
2513.80450809
2514.19355989
2514.58261168
2514.97166348
2515.36071527
2515.74976707
2516.13881886
2516.52787066
2516.91692245
2517.30597425
2517.69502604
2518.08407784
2518.47312963
2518.86218143
2519.25123322
2519.64028502
2520.02933681
2520.41838861
2520.80744040
2521.19649220
2521.58554399
2521.97459579
2522.36364758
2522.75269938
2523.14175117
2523.53080297
2523.91985476
2524.30890656
2524.69795835
2525.08701015
2525.47606194
2525.86511374
2526.25416553
2526.64321733
2527.03226912
2527.42132092
2527.81037271
2528.19942451
2528.58847630
2528.97752810
2529.36657989
2529.75563169
2530.14468348
2530.53373528
2530.92278707
2531.31183887
2531.70089066
2532.08994246
2532.47899425
2532.86804605
2533.25709784
2533.64614964
2534.03520143
2534.42425323
2534.81330502
2535.20235682
2535.59140861
2535.98046041
2536.36951220
2536.75856400
2537.14761579
2537.53666759
2537.92571938
2538.31477118
2538.70382297
2539.09287477
2539.48192656
2539.87097836
2540.26003015
2540.64908195
2541.03813374
2541.42718554
2541.81623733
2542.20528913
2542.59434092
2542.98339272
2543.37244451
2543.76149631
2544.15054810
2544.53959990
2544.92865169
2545.31770349
2545.70675528
2546.09580708
2546.48485887
2546.87391067
2547.26296246
2547.65201426
2548.04106605
2548.43011785
2548.81916964
2549.20822144
2549.59727323
2549.98632503
2550.37537682
2550.76442862
2551.15348041
2551.54253221
2551.93158400
2552.32063580
2552.70968759
2553.09873939
2553.48779118
2553.87684298
2554.26589477
2554.65494657
2555.04399836
2555.43305016
2555.82210195
2556.21115375
2556.60020554
2556.98925734
2557.37830913
2557.76736093
2558.15641272
2558.54546452
2558.93451631
2559.32356811
2559.71261990
2560.10167170
2560.49072349
2560.87977529
2561.26882708
2561.65787888
2562.04693067
2562.43598247
2562.82503426
2563.21408606
2563.60313785
2563.99218965
2564.38124144
2564.77029324
2565.15934503
2565.54839683
2565.93744862
2566.32650042
2566.71555221
2567.10460401
2567.49365580
2567.88270760
2568.27175939
2568.66081119
2569.04986298
2569.43891478
2569.82796657
2570.21701837
2570.60607016
2570.99512196
2571.38417375
2571.77322555
2572.16227734
2572.55132914
2572.94038093
2573.32943273
2573.71848452
2574.10753632
2574.49658811
2574.88563991
2575.27469170
2575.66374350
2576.05279529
2576.44184709
2576.83089888
2577.21995068
2577.60900247
2577.99805427
2578.38710606
2578.77615786
2579.16520965
2579.55426145
2579.94331324
2580.33236504
2580.72141683
2581.11046863
2581.49952042
2581.88857222
2582.27762401
2582.66667581
2583.05572760
2583.44477940
2583.83383119
2584.22288299
2584.61193478
2585.00098658
2585.39003837
2585.77909017
2586.16814196
2586.55719376
2586.94624555
2587.33529735
2587.72434914
2588.11340094
2588.50245273
2588.89150453
2589.28055632
2589.66960812
2590.05865991
2590.44771171
2590.83676350
2591.22581530
2591.61486709
2592.00391889
2592.39297068
2592.78202248
2593.17107427
2593.56012607
2593.94917786
2594.33822966
2594.72728145
2595.11633325
2595.50538504
2595.89443684
2596.28348863
2596.67254043
2597.06159222
2597.45064402
2597.83969581
2598.22874761
2598.61779940
2599.00685120
2599.39590299
2599.78495479
2600.17400658
2600.56305838
2600.95211017
2601.34116197
2601.73021376
2602.11926556
2602.50831735
2602.89736915
2603.28642094
2603.67547274
2604.06452453
2604.45357633
2604.84262812
2605.23167992
2605.62073171
2606.00978351
2606.39883530
2606.78788710
2607.17693889
2607.56599069
2607.95504248
2608.34409428
2608.73314607
2609.12219787
2609.51124966
2609.90030146
2610.28935325
2610.67840505
2611.06745684
2611.45650864
2611.84556043
2612.23461223
2612.62366402
2613.01271582
2613.40176761
2613.79081941
2614.17987120
2614.56892300
2614.95797479
2615.34702659
2615.73607838
2616.12513018
2616.51418197
2616.90323377
2617.29228556
2617.68133736
2618.07038915
2618.45944095
2618.84849274
2619.23754454
2619.62659633
2620.01564813
2620.40469992
2620.79375172
2621.18280351
2621.57185531
2621.96090710
2622.34995890
2622.73901069
2623.12806249
2623.51711428
2623.90616608
2624.29521787
2624.68426967
2625.07332146
2625.46237326
2625.85142505
2626.24047685
2626.62952864
2627.01858044
2627.40763223
2627.79668403
2628.18573582
2628.57478762
2628.96383941
2629.35289121
2629.74194300
2630.13099480
2630.52004659
2630.90909839
2631.29815018
2631.68720198
2632.07625377
2632.46530557
2632.85435736
2633.24340916
2633.63246095
2634.02151275
2634.41056454
2634.79961634
2635.18866813
2635.57771993
2635.96677172
2636.35582352
2636.74487531
2637.13392711
2637.52297890
2637.91203070
2638.30108249
2638.69013429
2639.07918608
2639.46823788
2639.85728967
2640.24634147
2640.63539326
2641.02444506
2641.41349685
2641.80254865
2642.19160044
2642.58065224
2642.96970403
2643.35875583
2643.74780762
2644.13685942
2644.52591121
2644.91496301
2645.30401480
2645.69306660
2646.08211839
2646.47117019
2646.86022198
2647.24927378
2647.63832557
2648.02737737
2648.41642916
2648.80548096
2649.19453275
2649.58358455
2649.97263634
2650.36168814
2650.75073993
2651.13979173
2651.52884352
2651.91789532
2652.30694711
2652.69599891
2653.08505070
2653.47410250
2653.86315429
2654.25220609
2654.64125788
2655.03030968
2655.41936147
2655.80841327
2656.19746506
2656.58651686
2656.97556865
2657.36462045
2657.75367224
2658.14272404
2658.53177583
2658.92082763
2659.30987942
2659.69893122
2660.08798301
2660.47703481
2660.86608660
2661.25513840
2661.64419019
2662.03324199
2662.42229378
2662.81134558
2663.20039737
2663.58944917
2663.97850096
2664.36755276
2664.75660455
2665.14565635
2665.53470814
2665.92375994
2666.31281173
2666.70186353
2667.09091532
2667.47996712
2667.86901891
2668.25807071
2668.64712250
2669.03617430
2669.42522609
2669.81427789
2670.20332968
2670.59238148
2670.98143327
2671.37048507
2671.75953686
2672.14858866
2672.53764045
2672.92669225
2673.31574404
2673.70479584
2674.09384763
2674.48289943
2674.87195122
2675.26100302
2675.65005481
2676.03910661
2676.42815840
2676.81721020
2677.20626199
2677.59531379
2677.98436558
2678.37341738
2678.76246917
2679.15152097
2679.54057276
2679.92962456
2680.31867635
2680.70772815
2681.09677994
2681.48583174
2681.87488353
2682.26393533
2682.65298712
2683.04203892
2683.43109071
2683.82014251
2684.20919430
2684.59824610
2684.98729789
2685.37634969
2685.76540148
2686.15445328
2686.54350507
2686.93255687
2687.32160866
2687.71066046
2688.09971225
2688.48876405
2688.87781584
2689.26686764
2689.65591943
2690.04497123
2690.43402302
2690.82307482
2691.21212661
2691.60117841
2691.99023020
2692.37928200
2692.76833379
2693.15738559
2693.54643738
2693.93548918
2694.32454097
2694.71359277
2695.10264456
2695.49169636
2695.88074815
2696.26979995
2696.65885174
2697.04790354
2697.43695533
2697.82600713
2698.21505892
2698.60411072
2698.99316251
2699.38221431
2699.77126610
2700.16031790
2700.54936969
2700.93842149
2701.32747328
2701.71652508
2702.10557687
2702.49462867
2702.88368046
2703.27273226
2703.66178405
2704.05083585
2704.43988764
2704.82893944
2705.21799123
2705.60704303
2705.99609482
2706.38514662
2706.77419841
2707.16325021
2707.55230200
2707.94135380
2708.33040559
2708.71945739
2709.10850918
2709.49756098
2709.88661277
2710.27566457
2710.66471636
2711.05376816
2711.44281995
2711.83187175
2712.22092354
2712.60997534
2712.99902713
2713.38807893
2713.77713072
2714.16618252
2714.55523431
2714.94428611
2715.33333790
2715.72238970
2716.11144149
2716.50049329
2716.88954508
2717.27859688
2717.66764867
2718.05670047
2718.44575226
2718.83480406
2719.22385585
2719.61290765
2720.00195944
2720.39101124
2720.78006303
2721.16911483
2721.55816662
2721.94721842
2722.33627021
2722.72532201
2723.11437380
2723.50342560
2723.89247739
2724.28152919
2724.67058098
2725.05963278
2725.44868457
2725.83773637
2726.22678816
2726.61583996
2727.00489175
2727.39394355
2727.78299534
2728.17204714
2728.56109893
2728.95015073
2729.33920252
2729.72825432
2730.11730611
2730.50635791
2730.89540970
2731.28446150
2731.67351329
2732.06256509
2732.45161688
2732.84066868
2733.22972047
2733.61877227
2734.00782406
2734.39687586
2734.78592765
2735.17497945
2735.56403124
2735.95308304
2736.34213483
2736.73118663
2737.12023842
2737.50929022
2737.89834201
2738.28739381
2738.67644560
2739.06549740
2739.45454919
2739.84360099
2740.23265278
2740.62170458
2741.01075637
2741.39980817
2741.78885996
2742.17791176
2742.56696355
2742.95601535
2743.34506714
2743.73411894
2744.12317073
2744.51222253
2744.90127432
2745.29032612
2745.67937791
2746.06842971
2746.45748150
2746.84653330
2747.23558509
2747.62463689
2748.01368868
2748.40274048
2748.79179227
2749.18084407
2749.56989586
2749.95894766
2750.34799945
2750.73705125
2751.12610304
2751.51515484
2751.90420663
2752.29325843
2752.68231022
2753.07136202
2753.46041381
2753.84946561
2754.23851740
2754.62756920
2755.01662099
2755.40567279
2755.79472458
2756.18377638
2756.57282817
2756.96187997
2757.35093176
2757.73998356
2758.12903535
2758.51808715
2758.90713894
2759.29619074
2759.68524253
2760.07429433
2760.46334612
2760.85239792
2761.24144971
2761.63050151
2762.01955330
2762.40860510
2762.79765689
2763.18670869
2763.57576048
2763.96481228
2764.35386407
2764.74291587
2765.13196766
2765.52101946
2765.91007125
2766.29912305
2766.68817484
2767.07722664
2767.46627843
2767.85533023
2768.24438202
2768.63343382
2769.02248561
2769.41153741
2769.80058920
2770.18964100
2770.57869279
2770.96774459
2771.35679638
2771.74584818
2772.13489997
2772.52395177
2772.91300356
2773.30205536
2773.69110715
2774.08015895
2774.46921074
2774.85826254
2775.24731433
2775.63636613
2776.02541792
2776.41446972
2776.80352151
2777.19257331
2777.58162510
2777.97067690
2778.35972869
2778.74878049
2779.13783228
2779.52688408
2779.91593587
2780.30498767
2780.69403946
2781.08309126
2781.47214305
2781.86119485
2782.25024664
2782.63929844
2783.02835023
2783.41740203
2783.80645382
2784.19550562
2784.58455741
2784.97360921
2785.36266100
2785.75171280
2786.14076459
2786.52981639
2786.91886818
2787.30791998
2787.69697177
2788.08602357
2788.47507536
2788.86412716
2789.25317895
2789.64223075
2790.03128254
2790.42033434
2790.80938613
2791.19843793
2791.58748972
2791.97654152
2792.36559331
2792.75464511
2793.14369690
2793.53274870
2793.92180049
2794.31085229
2794.69990408
2795.08895588
2795.47800767
2795.86705947
2796.25611126
2796.64516306
2797.03421485
2797.42326665
2797.81231844
2798.20137024
2798.59042203
2798.97947383
2799.36852562
2799.75757742
2800.14662921
2800.53568101
2800.92473280
2801.31378460
2801.70283639
2802.09188819
2802.48093998
2802.86999178
2803.25904357
2803.64809537
2804.03714716
2804.42619896
2804.81525075
2805.20430255
2805.59335434
2805.98240614
2806.37145793
2806.76050973
2807.14956152
2807.53861332
2807.92766511
2808.31671691
2808.70576870
2809.09482050
2809.48387229
2809.87292409
2810.26197588
2810.65102768
2811.04007947
2811.42913127
2811.81818306
2812.20723486
2812.59628665
2812.98533845
2813.37439024
2813.76344204
2814.15249383
2814.54154563
2814.93059742
2815.31964922
2815.70870101
2816.09775281
2816.48680460
2816.87585640
2817.26490819
2817.65395999
2818.04301178
2818.43206358
2818.82111537
2819.21016717
2819.59921896
2819.98827076
2820.37732255
2820.76637435
2821.15542614
2821.54447794
2821.93352973
2822.32258153
2822.71163332
2823.10068512
2823.48973691
2823.87878871
2824.26784050
2824.65689230
2825.04594409
2825.43499589
2825.82404768
2826.21309948
2826.60215127
2826.99120307
2827.38025486
2827.76930666
2828.15835845
2828.54741025
2828.93646204
2829.32551384
2829.71456563
2830.10361743
2830.49266922
2830.88172102
2831.27077281
2831.65982461
2832.04887640
2832.43792820
2832.82697999
2833.21603179
2833.60508358
2833.99413538
2834.38318717
2834.77223897
2835.16129076
2835.55034256
2835.93939435
2836.32844615
2836.71749794
2837.10654974
2837.49560153
2837.88465333
2838.27370512
2838.66275692
2839.05180871
2839.44086051
2839.82991230
2840.21896410
2840.60801589
2840.99706769
2841.38611948
2841.77517128
2842.16422307
2842.55327487
2842.94232666
2843.33137846
2843.72043025
2844.10948205
2844.49853384
2844.88758564
2845.27663743
2845.66568923
2846.05474102
2846.44379282
2846.83284461
2847.22189641
2847.61094820
2848.00000000
2848.38905180
2848.77810359
2849.16715539
2849.55620718
2849.94525898
2850.33431077
2850.72336257
2851.11241436
2851.50146616
2851.89051795
2852.27956975
2852.66862154
2853.05767334
2853.44672513
2853.83577693
2854.22482872
2854.61388052
2855.00293231
2855.39198411
2855.78103590
2856.17008770
2856.55913949
2856.94819129
2857.33724308
2857.72629488
2858.11534667
2858.50439847
2858.89345026
2859.28250206
2859.67155385
2860.06060565
2860.44965744
2860.83870924
2861.22776103
2861.61681283
2862.00586462
2862.39491642
2862.78396821
2863.17302001
2863.56207180
2863.95112360
2864.34017539
2864.72922719
2865.11827898
2865.50733078
2865.89638257
2866.28543437
2866.67448616
2867.06353796
2867.45258975
2867.84164155
2868.23069334
2868.61974514
2869.00879693
2869.39784873
2869.78690052
2870.17595232
2870.56500411
2870.95405591
2871.34310770
2871.73215950
2872.12121129
2872.51026309
2872.89931488
2873.28836668
2873.67741847
2874.06647027
2874.45552206
2874.84457386
2875.23362565
2875.62267745
2876.01172924
2876.40078104
2876.78983283
2877.17888463
2877.56793642
2877.95698822
2878.34604001
2878.73509181
2879.12414360
2879.51319540
2879.90224719
2880.29129899
2880.68035078
2881.06940258
2881.45845437
2881.84750617
2882.23655796
2882.62560976
2883.01466155
2883.40371335
2883.79276514
2884.18181694
2884.57086873
2884.95992053
2885.34897232
2885.73802412
2886.12707591
2886.51612771
2886.90517950
2887.29423130
2887.68328309
2888.07233489
2888.46138668
2888.85043848
2889.23949027
2889.62854207
2890.01759386
2890.40664566
2890.79569745
2891.18474925
2891.57380104
2891.96285284
2892.35190463
2892.74095643
2893.13000822
2893.51906002
2893.90811181
2894.29716361
2894.68621540
2895.07526720
2895.46431899
2895.85337079
2896.24242258
2896.63147438
2897.02052617
2897.40957797
2897.79862976
2898.18768156
2898.57673335
2898.96578515
2899.35483694
2899.74388874
2900.13294053
2900.52199233
2900.91104412
2901.30009592
2901.68914771
2902.07819951
2902.46725130
2902.85630310
2903.24535489
2903.63440669
2904.02345848
2904.41251028
2904.80156207
2905.19061387
2905.57966566
2905.96871746
2906.35776925
2906.74682105
2907.13587284
2907.52492464
2907.91397643
2908.30302823
2908.69208002
2909.08113182
2909.47018361
2909.85923541
2910.24828720
2910.63733900
2911.02639079
2911.41544259
2911.80449438
2912.19354618
2912.58259797
2912.97164977
2913.36070156
2913.74975336
2914.13880515
2914.52785695
2914.91690874
2915.30596054
2915.69501233
2916.08406413
2916.47311592
2916.86216772
2917.25121951
2917.64027131
2918.02932310
2918.41837490
2918.80742669
2919.19647849
2919.58553028
2919.97458208
2920.36363387
2920.75268567
2921.14173746
2921.53078926
2921.91984105
2922.30889285
2922.69794464
2923.08699644
2923.47604823
2923.86510003
2924.25415182
2924.64320362
2925.03225541
2925.42130721
2925.81035900
2926.19941080
2926.58846259
2926.97751439
2927.36656618
2927.75561798
2928.14466977
2928.53372157
2928.92277336
2929.31182516
2929.70087695
2930.08992875
2930.47898054
2930.86803234
2931.25708413
2931.64613593
2932.03518772
2932.42423952
2932.81329131
2933.20234311
2933.59139490
2933.98044670
2934.36949849
2934.75855029
2935.14760208
2935.53665388
2935.92570567
2936.31475747
2936.70380926
2937.09286106
2937.48191285
2937.87096465
2938.26001644
2938.64906824
2939.03812003
2939.42717183
2939.81622362
2940.20527542
2940.59432721
2940.98337901
2941.37243080
2941.76148260
2942.15053439
2942.53958619
2942.92863798
2943.31768978
2943.70674157
2944.09579337
2944.48484516
2944.87389696
2945.26294875
2945.65200055
2946.04105234
2946.43010414
2946.81915593
2947.20820773
2947.59725952
2947.98631132
2948.37536311
2948.76441491
2949.15346670
2949.54251850
2949.93157029
2950.32062209
2950.70967388
2951.09872568
2951.48777747
2951.87682927
2952.26588106
2952.65493286
2953.04398465
2953.43303645
2953.82208824
2954.21114004
2954.60019183
2954.98924363
2955.37829542
2955.76734722
2956.15639901
2956.54545081
2956.93450260
2957.32355440
2957.71260619
2958.10165799
2958.49070978
2958.87976158
2959.26881337
2959.65786517
2960.04691696
2960.43596876
2960.82502055
2961.21407235
2961.60312414
2961.99217594
2962.38122773
2962.77027953
2963.15933132
2963.54838312
2963.93743491
2964.32648671
2964.71553850
2965.10459030
2965.49364209
2965.88269389
2966.27174568
2966.66079748
2967.04984927
2967.43890107
2967.82795286
2968.21700466
2968.60605645
2968.99510825
2969.38416004
2969.77321184
2970.16226363
2970.55131543
2970.94036722
2971.32941902
2971.71847081
2972.10752261
2972.49657440
2972.88562620
2973.27467799
2973.66372979
2974.05278158
2974.44183338
2974.83088517
2975.21993697
2975.60898876
2975.99804056
2976.38709235
2976.77614415
2977.16519594
2977.55424774
2977.94329953
2978.33235133
2978.72140312
2979.11045492
2979.49950671
2979.88855851
2980.27761030
2980.66666210
2981.05571389
2981.44476569
2981.83381748
2982.22286928
2982.61192107
2983.00097287
2983.39002466
2983.77907646
2984.16812825
2984.55718005
2984.94623184
2985.33528364
2985.72433543
2986.11338723
2986.50243902
2986.89149082
2987.28054261
2987.66959441
2988.05864620
2988.44769800
2988.83674979
2989.22580159
2989.61485338
2990.00390518
2990.39295697
2990.78200877
2991.17106056
2991.56011236
2991.94916415
2992.33821595
2992.72726774
2993.11631954
2993.50537133
2993.89442313
2994.28347492
2994.67252672
2995.06157851
2995.45063031
2995.83968210
2996.22873390
2996.61778569
2997.00683749
2997.39588928
2997.78494108
2998.17399287
2998.56304467
2998.95209646
2999.34114826
2999.73020005
3000.11925185
3000.50830364
3000.89735544
3001.28640723
3001.67545903
3002.06451082
3002.45356262
3002.84261441
3003.23166621
3003.62071800
3004.00976980
3004.39882159
3004.78787339
3005.17692518
3005.56597698
3005.95502877
3006.34408057
3006.73313236
3007.12218416
3007.51123595
3007.90028775
3008.28933954
3008.67839134
3009.06744313
3009.45649493
3009.84554672
3010.23459852
3010.62365031
3011.01270211
3011.40175390
3011.79080570
3012.17985749
3012.56890929
3012.95796108
3013.34701288
3013.73606467
3014.12511647
3014.51416826
3014.90322006
3015.29227185
3015.68132365
3016.07037544
3016.45942724
3016.84847903
3017.23753083
3017.62658262
3018.01563442
3018.40468621
3018.79373801
3019.18278980
3019.57184160
3019.96089339
3020.34994519
3020.73899698
3021.12804878
3021.51710057
3021.90615237
3022.29520416
3022.68425596
3023.07330775
3023.46235955
3023.85141134
3024.24046314
3024.62951493
3025.01856673
3025.40761852
3025.79667032
3026.18572211
3026.57477391
3026.96382570
3027.35287750
3027.74192929
3028.13098109
3028.52003288
3028.90908468
3029.29813647
3029.68718827
3030.07624006
3030.46529186
3030.85434365
3031.24339545
3031.63244724
3032.02149904
3032.41055083
3032.79960263
3033.18865442
3033.57770622
3033.96675801
3034.35580981
3034.74486160
3035.13391340
3035.52296519
3035.91201699
3036.30106878
3036.69012058
3037.07917237
3037.46822417
3037.85727596
3038.24632776
3038.63537955
3039.02443135
3039.41348314
3039.80253494
3040.19158673
3040.58063853
3040.96969032
3041.35874212
3041.74779391
3042.13684571
3042.52589750
3042.91494930
3043.30400109
3043.69305289
3044.08210468
3044.47115648
3044.86020827
3045.24926007
3045.63831186
3046.02736366
3046.41641545
3046.80546725
3047.19451904
3047.58357084
3047.97262263
3048.36167443
3048.75072622
3049.13977802
3049.52882981
3049.91788161
3050.30693340
3050.69598520
3051.08503699
3051.47408879
3051.86314058
3052.25219238
3052.64124417
3053.03029597
3053.41934776
3053.80839956
3054.19745135
3054.58650315
3054.97555494
3055.36460674
3055.75365853
3056.14271033
3056.53176212
3056.92081392
3057.30986571
3057.69891751
3058.08796930
3058.47702110
3058.86607289
3059.25512469
3059.64417648
3060.03322828
3060.42228007
3060.81133187
3061.20038366
3061.58943546
3061.97848725
3062.36753905
3062.75659084
3063.14564264
3063.53469443
3063.92374623
3064.31279802
3064.70184982
3065.09090161
3065.47995341
3065.86900520
3066.25805700
3066.64710879
3067.03616059
3067.42521238
3067.81426418
3068.20331597
3068.59236777
3068.98141956
3069.37047136
3069.75952315
3070.14857495
3070.53762674
3070.92667854
3071.31573033
3071.70478213
3072.09383392
3072.48288572
3072.87193751
3073.26098931
3073.65004110
3074.03909290
3074.42814469
3074.81719649
3075.20624828
3075.59530008
3075.98435187
3076.37340367
3076.76245546
3077.15150726
3077.54055905
3077.92961085
3078.31866264
3078.70771444
3079.09676623
3079.48581803
3079.87486982
3080.26392162
3080.65297341
3081.04202521
3081.43107700
3081.82012880
3082.20918059
3082.59823239
3082.98728418
3083.37633598
3083.76538777
3084.15443957
3084.54349136
3084.93254316
3085.32159495
3085.71064675
3086.09969854
3086.48875034
3086.87780213
3087.26685393
3087.65590572
3088.04495752
3088.43400931
3088.82306111
3089.21211290
3089.60116470
3089.99021649
3090.37926829
3090.76832008
3091.15737188
3091.54642367
3091.93547547
3092.32452726
3092.71357906
3093.10263085
3093.49168265
3093.88073444
3094.26978624
3094.65883803
3095.04788983
3095.43694162
3095.82599342
3096.21504521
3096.60409701
3096.99314880
3097.38220060
3097.77125239
3098.16030419
3098.54935598
3098.93840778
3099.32745957
3099.71651137
3100.10556316
3100.49461496
3100.88366675
3101.27271855
3101.66177034
3102.05082214
3102.43987393
3102.82892573
3103.21797752
3103.60702932
3103.99608111
3104.38513291
3104.77418470
3105.16323650
3105.55228829
3105.94134009
3106.33039188
3106.71944368
3107.10849547
3107.49754727
3107.88659906
3108.27565086
3108.66470265
3109.05375445
3109.44280624
3109.83185804
3110.22090983
3110.60996163
3110.99901342
3111.38806522
3111.77711701
3112.16616881
3112.55522060
3112.94427240
3113.33332419
3113.72237599
3114.11142778
3114.50047958
3114.88953137
3115.27858317
3115.66763496
3116.05668676
3116.44573855
3116.83479035
3117.22384214
3117.61289394
3118.00194573
3118.39099753
3118.78004932
3119.16910112
3119.55815291
3119.94720471
3120.33625650
3120.72530830
3121.11436009
3121.50341189
3121.89246368
3122.28151548
3122.67056727
3123.05961907
3123.44867086
3123.83772266
3124.22677445
3124.61582625
3125.00487804
3125.39392984
3125.78298163
3126.17203343
3126.56108522
3126.95013702
3127.33918881
3127.72824061
3128.11729240
3128.50634420
3128.89539599
3129.28444779
3129.67349958
3130.06255138
3130.45160317
3130.84065497
3131.22970676
3131.61875856
3132.00781035
3132.39686215
3132.78591394
3133.17496574
3133.56401753
3133.95306933
3134.34212112
3134.73117292
3135.12022471
3135.50927651
3135.89832830
3136.28738010
3136.67643189
3137.06548369
3137.45453548
3137.84358728
3138.23263907
3138.62169087
3139.01074266
3139.39979446
3139.78884625
3140.17789805
3140.56694984
3140.95600164
3141.34505343
3141.73410523
3142.12315702
3142.51220882
3142.90126061
3143.29031241
3143.67936420
3144.06841600
3144.45746779
3144.84651959
3145.23557138
3145.62462318
3146.01367497
3146.40272677
3146.79177856
3147.18083036
3147.56988215
3147.95893395
3148.34798574
3148.73703754
3149.12608933
3149.51514113
3149.90419292
3150.29324472
3150.68229651
3151.07134831
3151.46040010
3151.84945190
3152.23850369
3152.62755549
3153.01660728
3153.40565908
3153.79471087
3154.18376267
3154.57281446
3154.96186626
3155.35091805
3155.73996985
3156.12902164
3156.51807344
3156.90712523
3157.29617703
3157.68522882
3158.07428062
3158.46333241
3158.85238421
3159.24143600
3159.63048780
3160.01953959
3160.40859139
3160.79764318
3161.18669498
3161.57574677
3161.96479857
3162.35385036
3162.74290216
3163.13195395
3163.52100575
3163.91005754
3164.29910934
3164.68816113
3165.07721293
3165.46626472
3165.85531652
3166.24436831
3166.63342011
3167.02247190
3167.41152370
3167.80057549
3168.18962729
3168.57867908
3168.96773088
3169.35678267
3169.74583447
3170.13488626
3170.52393806
3170.91298985
3171.30204165
3171.69109344
3172.08014524
3172.46919703
3172.85824883
3173.24730062
3173.63635242
3174.02540421
3174.41445601
3174.80350780
3175.19255960
3175.58161139
3175.97066319
3176.35971498
3176.74876678
3177.13781857
3177.52687037
3177.91592216
3178.30497396
3178.69402575
3179.08307755
3179.47212934
3179.86118114
3180.25023293
3180.63928473
3181.02833652
3181.41738832
3181.80644011
3182.19549191
3182.58454370
3182.97359550
3183.36264729
3183.75169909
3184.14075089
3184.52980268
3184.83090961
3185.21605134
3185.60119307
3185.98633480
3186.37147653
3186.75661826
3187.14175999
3187.52690172
3187.91204345
3188.29718518
3188.68232691
3189.06746864
3189.45261037
3189.83775210
3190.22289383
3190.60803556
3190.99317729
3191.37831903
3191.76346076
3192.14860249
3192.53374422
3192.91888595
3193.30402768
3193.68916941
3194.07431114
3194.45945287
3194.84459460
3195.22973633
3195.61487806
3196.00001979
3196.38516152
3196.77030325
3197.15544498
3197.54058671
3197.92572844
3198.31087017
3198.69601190
3199.08115363
3199.46629536
3199.85143709
3200.23657882
3200.62172055
3201.00686228
3201.39200401
3201.77714574
3202.16228747
3202.54742920
3202.93257093
3203.31771266
3203.70285439
3204.08799613
3204.47313786
3204.85827959
3205.24342132
3205.62856305
3206.01370478
3206.39884651
3206.78398824
3207.16912997
3207.55427170
3207.93941343
3208.32455516
3208.70969689
3209.09483862
3209.47998035
3209.86512208
3210.25026381
3210.63540554
3211.02054727
3211.40568900
3211.79083073
3212.17597246
3212.56111419
3212.94625592
3213.33139765
3213.71653938
3214.10168111
3214.48682284
3214.87196457
3215.25710630
3215.64224803
3216.02738976
3216.41253150
3216.79767323
3217.18281496
3217.56795669
3217.95309842
3218.33824015
3218.72338188
3219.10852361
3219.49366534
3219.87880707
3220.26394880
3220.64909053
3221.03423226
3221.41937399
3221.80451572
3222.18965745
3222.57479918
3222.95994091
3223.34508264
3223.73022437
3224.11536610
3224.50050783
3224.88564956
3225.27079129
3225.65593302
3226.04107475
3226.42621648
3226.81135821
3227.19649994
3227.58164167
3227.96678340
3228.35192513
3228.73706686
3229.12220860
3229.50735033
3229.89249206
3230.27763379
3230.66277552
3231.04791725
3231.43305898
3231.81820071
3232.20334244
3232.58848417
3232.97362590
3233.35876763
3233.74390936
3234.12905109
3234.51419282
3234.89933455
3235.28447628
3235.66961801
3236.05475974
3236.43990147
3236.82504320
3237.21018493
3237.59532666
3237.98046839
3238.36561012
3238.75075185
3239.13589358
3239.52103531
3239.90617704
3240.29131877
3240.67646050
3241.06160223
3241.44674397
3241.83188570
3242.21702743
3242.60216916
3242.98731089
3243.37245262
3243.75759435
3244.14273608
3244.52787781
3244.91301954
3245.29816127
3245.68330300
3246.06844473
3246.45358646
3246.83872819
3247.22386992
3247.60901165
3247.99415338
3248.37929511
3248.76443684
3249.14957857
3249.53472030
3249.91986203
3250.30500376
3250.69014549
3251.07528722
3251.46042895
3251.84557068
3252.23071241
3252.61585414
3253.00099587
3253.38613760
3253.77127934
3254.15642107
3254.54156280
3254.92670453
3255.31184626
3255.69698799
3256.08212972
3256.46727145
3256.85241318
3257.23755491
3257.62269664
3258.00783837
3258.39298010
3258.77812183
3259.16326356
3259.54840529
3259.93354702
3260.31868875
3260.70383048
3261.08897221
3261.47411394
3261.85925567
3262.24439740
3262.62953913
3263.01468086
3263.39982259
3263.78496432
3264.17010605
3264.55524778
3264.94038951
3265.32553124
3265.71067297
3266.09581470
3266.48095644
3266.86609817
3267.25123990
3267.63638163
3268.02152336
3268.40666509
3268.79180682
3269.17694855
3269.56209028
3269.94723201
3270.33237374
3270.71751547
3271.10265720
3271.48779893
3271.87294066
3272.25808239
3272.64322412
3273.02836585
3273.41350758
3273.79864931
3274.18379104
3274.56893277
3274.95407450
3275.33921623
3275.72435796
3276.10949969
3276.49464142
3276.87978315
3277.26492488
3277.65006661
3278.03520834
3278.42035007
3278.80549181
3279.19063354
3279.57577527
3279.96091700
3280.34605873
3280.73120046
3281.11634219
3281.50148392
3281.88662565
3282.27176738
3282.65690911
3283.04205084
3283.42719257
3283.81233430
3284.19747603
3284.58261776
3284.96775949
3285.35290122
3285.73804295
3286.12318468
3286.50832641
3286.89346814
3287.27860987
3287.66375160
3288.04889333
3288.43403506
3288.81917679
3289.20431852
3289.58946025
3289.97460198
3290.35974371
3290.74488544
3291.13002717
3291.51516891
3291.90031064
3292.28545237
3292.67059410
3293.05573583
3293.44087756
3293.82601929
3294.21116102
3294.59630275
3294.98144448
3295.36658621
3295.75172794
3296.13686967
3296.52201140
3296.90715313
3297.29229486
3297.67743659
3298.06257832
3298.44772005
3298.83286178
3299.21800351
3299.60314524
3299.98828697
3300.37342870
3300.75857043
3301.14371216
3301.52885389
3301.91399562
3302.29913735
3302.68427908
3303.06942081
3303.45456254
3303.83970428
3304.22484601
3304.60998774
3304.99512947
3305.38027120
3305.76541293
3306.15055466
3306.53569639
3306.92083812
3307.30597985
3307.69112158
3308.07626331
3308.46140504
3308.84654677
3309.23168850
3309.61683023
3310.00197196
3310.38711369
3310.77225542
3311.15739715
3311.54253888
3311.92768061
3312.31282234
3312.69796407
3313.08310580
3313.46824753
3313.85338926
3314.23853099
3314.62367272
3315.00881445
3315.39395618
3315.77909791
3316.16423965
3316.54938138
3316.93452311
3317.31966484
3317.70480657
3318.08994830
3318.47509003
3318.86023176
3319.24537349
3319.63051522
3320.01565695
3320.40079868
3320.78594041
3321.17108214
3321.55622387
3321.94136560
3322.32650733
3322.71164906
3323.09679079
3323.48193252
3323.86707425
3324.25221598
3324.63735771
3325.02249944
3325.40764117
3325.79278290
3326.17792463
3326.56306636
3326.94820809
3327.33334982
3327.71849155
3328.10363328
3328.48877501
3328.87391675
3329.25905848
3329.64420021
3330.02934194
3330.41448367
3330.79962540
3331.18476713
3331.56990886
3331.95505059
3332.34019232
3332.72533405
3333.11047578
3333.49561751
3333.88075924
3334.26590097
3334.65104270
3335.03618443
3335.42132616
3335.80646789
3336.19160962
3336.57675135
3336.96189308
3337.34703481
3337.73217654
3338.11731827
3338.50246000
3338.88760173
3339.27274346
3339.65788519
3340.04302692
3340.42816865
3340.81331038
3341.19845212
3341.58359385
3341.96873558
3342.35387731
3342.73901904
3343.12416077
3343.50930250
3343.89444423
3344.27958596
3344.66472769
3345.04986942
3345.43501115
3345.82015288
3346.20529461
3346.59043634
3346.97557807
3347.36071980
3347.74586153
3348.13100326
3348.51614499
3348.90128672
3349.28642845
3349.67157018
3350.05671191
3350.44185364
3350.82699537
3351.21213710
3351.59727883
3351.98242056
3352.36756229
3352.75270402
3353.13784575
3353.52298748
3353.90812922
3354.29327095
3354.67841268
3355.06355441
3355.44869614
3355.83383787
3356.21897960
3356.60412133
3356.98926306
3357.37440479
3357.75954652
3358.14468825
3358.52982998
3358.91497171
3359.30011344
3359.68525517
3360.07039690
3360.45553863
3360.84068036
3361.22582209
3361.61096382
3361.99610555
3362.38124728
3362.76638901
3363.15153074
3363.53667247
3363.92181420
3364.30695593
3364.69209766
3365.07723939
3365.46238112
3365.84752285
3366.23266459
3366.61780632
3367.00294805
3367.38808978
3367.77323151
3368.15837324
3368.54351497
3368.92865670
3369.31379843
3369.69894016
3370.08408189
3370.46922362
3370.85436535
3371.23950708
3371.62464881
3372.00979054
3372.39493227
3372.78007400
3373.16521573
3373.55035746
3373.93549919
3374.32064092
3374.70578265
3375.09092438
3375.47606611
3375.86120784
3376.24634957
3376.63149130
3377.01663303
3377.40177476
3377.78691649
3378.17205822
3378.55719995
3378.94234169
3379.32748342
3379.71262515
3380.09776688
3380.48290861
3380.86805034
3381.25319207
3381.63833380
3382.02347553
3382.40861726
3382.79375899
3383.17890072
3383.56404245
3383.94918418
3384.33432591
3384.71946764
3385.10460937
3385.48975110
3385.87489283
3386.26003456
3386.64517629
3387.03031802
3387.41545975
3387.80060148
3388.18574321
3388.57088494
3388.95602667
3389.34116840
3389.72631013
3390.11145186
3390.49659359
3390.88173532
3391.26687706
3391.65201879
3392.03716052
3392.42230225
3392.80744398
3393.19258571
3393.57772744
3393.96286917
3394.34801090
3394.73315263
3395.11829436
3395.50343609
3395.88857782
3396.27371955
3396.65886128
3397.04400301
3397.42914474
3397.81428647
3398.19942820
3398.58456993
3398.96971166
3399.35485339
3399.73999512
3400.12513685
3400.51027858
3400.89542031
3401.28056204
3401.66570377
3402.05084550
3402.43598723
3402.82112896
3403.20627069
3403.59141243
3403.97655416
3404.36169589
3404.74683762
3405.13197935
3405.51712108
3405.90226281
3406.28740454
3406.67254627
3407.05768800
3407.44282973
3407.82797146
3408.21311319
3408.59825492
3408.98339665
3409.36853838
3409.75368011
3410.13882184
3410.52396357
3410.90910530
3411.29424703
3411.67938876
3412.06453049
3412.44967222
3412.83481395
3413.21995568
3413.60509741
3413.99023914
3414.37538087
3414.76052260
3415.14566433
3415.53080606
3415.91594779
3416.30108953
3416.68623126
3417.07137299
3417.45651472
3417.84165645
3418.22679818
3418.61193991
3418.99708164
3419.38222337
3419.76736510
3420.15250683
3420.53764856
3420.92279029
3421.30793202
3421.69307375
3422.07821548
3422.46335721
3422.84849894
3423.23364067
3423.61878240
3424.00392413
3424.38906586
3424.77420759
3425.15934932
3425.54449105
3425.92963278
3426.31477451
3426.69991624
3427.08505797
3427.47019970
3427.85534143
3428.24048316
3428.62562490
3429.01076663
3429.39590836
3429.78105009
3430.16619182
3430.55133355
3430.93647528
3431.32161701
3431.70675874
3432.09190047
3432.47704220
3432.86218393
3433.24732566
3433.63246739
3434.01760912
3434.40275085
3434.78789258
3435.17303431
3435.55817604
3435.94331777
3436.32845950
3436.71360123
3437.09874296
3437.48388469
3437.86902642
3438.25416815
3438.63930988
3439.02445161
3439.40959334
3439.79473507
3440.17987680
3440.56501853
3440.95016026
3441.33530200
3441.72044373
3442.10558546
3442.49072719
3442.87586892
3443.26101065
3443.64615238
3444.03129411
3444.41643584
3444.80157757
3445.18671930
3445.57186103
3445.95700276
3446.34214449
3446.72728622
3447.11242795
3447.49756968
3447.88271141
3448.26785314
3448.65299487
3449.03813660
3449.42327833
3449.80842006
3450.19356179
3450.57870352
3450.96384525
3451.34898698
3451.73412871
3452.11927044
3452.50441217
3452.88955390
3453.27469563
3453.65983737
3454.04497910
3454.43012083
3454.81526256
3455.20040429
3455.58554602
3455.97068775
3456.35582948
3456.74097121
3457.12611294
3457.51125467
3457.89639640
3458.28153813
3458.66667986
3459.05182159
3459.43696332
3459.82210505
3460.20724678
3460.59238851
3460.97753024
3461.36267197
3461.74781370
3462.13295543
3462.51809716
3462.90323889
3463.28838062
3463.67352235
3464.05866408
3464.44380581
3464.82894754
3465.21408927
3465.59923100
3465.98437274
3466.36951447
3466.75465620
3467.13979793
3467.52493966
3467.91008139
3468.29522312
3468.68036485
3469.06550658
3469.45064831
3469.83579004
3470.22093177
3470.60607350
3470.99121523
3471.37635696
3471.76149869
3472.14664042
3472.53178215
3472.91692388
3473.30206561
3473.68720734
3474.07234907
3474.45749080
3474.84263253
3475.22777426
3475.61291599
3475.99805772
3476.38319945
3476.76834118
3477.15348291
3477.53862464
3477.92376637
3478.30890810
3478.69404984
3479.07919157
3479.46433330
3479.84947503
3480.23461676
3480.61975849
3481.00490022
3481.39004195
3481.77518368
3482.16032541
3482.54546714
3482.93060887
3483.31575060
3483.70089233
3484.08603406
3484.47117579
3484.85631752
3485.24145925
3485.62660098
3486.01174271
3486.39688444
3486.78202617
3487.16716790
3487.55230963
3487.93745136
3488.32259309
3488.70773482
3489.09287655
3489.47801828
3489.86316001
3490.24830174
3490.63344347
3491.01858521
3491.40372694
3491.78886867
3492.17401040
3492.55915213
3492.94429386
3493.32943559
3493.71457732
3494.09971905
3494.48486078
3494.87000251
3495.25514424
3495.64028597
3496.02542770
3496.41056943
3496.79571116
3497.18085289
3497.56599462
3497.95113635
3498.33627808
3498.72141981
3499.10656154
3499.49170327
3499.87684500
3500.26198673
3500.64712846
3501.03227019
3501.41741192
3501.80255365
3502.18769538
3502.57283711
3502.95797884
3503.34312057
3503.72826231
3504.11340404
3504.49854577
3504.88368750
3505.26882923
3505.65397096
3506.03911269
3506.42425442
3506.80939615
3507.19453788
3507.57967961
3507.96482134
3508.34996307
3508.73510480
3509.12024653
3509.50538826
3509.89052999
3510.27567172
3510.66081345
3511.04595518
3511.43109691
3511.81623864
3512.20138037
3512.58652210
3512.97166383
3513.35680556
3513.74194729
3514.12708902
3514.51223075
3514.89737248
3515.28251421
3515.66765594
3516.05279768
3516.43793941
3516.82308114
3517.20822287
3517.59336460
3517.97850633
3518.36364806
3518.74878979
3519.13393152
3519.51907325
3519.90421498
3520.28935671
3520.67449844
3521.05964017
3521.44478190
3521.82992363
3522.21506536
3522.60020709
3522.98534882
3523.37049055
3523.75563228
3524.14077401
3524.52591574
3524.91105747
3525.29619920
3525.68134093
3526.06648266
3526.45162439
3526.83676612
3527.22190785
3527.60704958
3527.99219131
3528.37733305
3528.76247478
3529.14761651
3529.53275824
3529.91789997
3530.30304170
3530.68818343
3531.07332516
3531.45846689
3531.84360862
3532.22875035
3532.61389208
3532.99903381
3533.38417554
3533.76931727
3534.15445900
3534.53960073
3534.92474246
3535.30988419
3535.69502592
3536.08016765
3536.46530938
3536.85045111
3537.23559284
3537.62073457
3538.00587630
3538.39101803
3538.77615976
3539.16130149
3539.54644322
3539.93158495
3540.31672668
3540.70186841
3541.08701015
3541.47215188
3541.85729361
3542.24243534
3542.62757707
3543.01271880
3543.39786053
3543.78300226
3544.16814399
3544.55328572
3544.93842745
3545.32356918
3545.70871091
3546.09385264
3546.47899437
3546.86413610
3547.24927783
3547.63441956
3548.01956129
3548.40470302
3548.78984475
3549.17498648
3549.56012821
3549.94526994
3550.33041167
3550.71555340
3551.10069513
3551.48583686
3551.87097859
3552.25612032
3552.64126205
3553.02640378
3553.41154552
3553.79668725
3554.18182898
3554.56697071
3554.95211244
3555.33725417
3555.72239590
3556.10753763
3556.49267936
3556.87782109
3557.26296282
3557.64810455
3558.03324628
3558.41838801
3558.80352974
3559.18867147
3559.57381320
3559.95895493
3560.34409666
3560.72923839
3561.11438012
3561.49952185
3561.88466358
3562.26980531
3562.65494704
3563.04008877
3563.42523050
3563.81037223
3564.19551396
3564.58065569
3564.96579742
3565.35093915
3565.73608088
3566.12122262
3566.50636435
3566.89150608
3567.27664781
3567.66178954
3568.04693127
3568.43207300
3568.81721473
3569.20235646
3569.58749819
3569.97263992
3570.35778165
3570.74292338
3571.12806511
3571.51320684
3571.89834857
3572.28349030
3572.66863203
3573.05377376
3573.43891549
3573.82405722
3574.20919895
3574.59434068
3574.97948241
3575.36462414
3575.74976587
3576.13490760
3576.52004933
3576.90519106
3577.29033279
3577.67547452
3578.06061625
3578.44575799
3578.83089972
3579.21604145
3579.60118318
3579.98632491
3580.37146664
3580.75660837
3581.14175010
3581.52689183
3581.91203356
3582.29717529
3582.68231702
3583.06745875
3583.45260048
3583.83774221
3584.22288394
3584.60802567
3584.99316740
3585.37830913
3585.76345086
3586.14859259
3586.53373432
3586.91887605
3587.30401778
3587.68915951
3588.07430124
3588.45944297
3588.84458470
3589.22972643
3589.61486816
3590.00000989
3590.38515162
3590.77029335
3591.15543509
3591.54057682
3591.92571855
3592.31086028
3592.69600201
3593.08114374
3593.46628547
3593.85142720
3594.23656893
3594.62171066
3595.00685239
3595.39199412
3595.77713585
3596.16227758
3596.54741931
3596.93256104
3597.31770277
3597.70284450
3598.08798623
3598.47312796
3598.85826969
3599.24341142
3599.62855315
3600.01369488
3600.39883661
3600.78397834
3601.16912007
3601.55426180
3601.93940353
3602.32454526
3602.70968699
3603.09482872
3603.47997046
3603.86511219
3604.25025392
3604.63539565
3605.02053738
3605.40567911
3605.79082084
3606.17596257
3606.56110430
3606.94624603
3607.33138776
3607.71652949
3608.10167122
3608.48681295
3608.87195468
3609.25709641
3609.64223814
3610.02737987
3610.41252160
3610.79766333
3611.18280506
3611.56794679
3611.95308852
3612.33823025
3612.72337198
3613.10851371
3613.49365544
3613.87879717
3614.26393890
3614.64908063
3615.03422236
3615.41936409
3615.80450583
3616.18964756
3616.57478929
3616.95993102
3617.34507275
3617.73021448
3618.11535621
3618.50049794
3618.88563967
3619.27078140
3619.65592313
3620.04106486
3620.42620659
3620.81134832
3621.19649005
3621.58163178
3621.96677351
3622.35191524
3622.73705697
3623.12219870
3623.50734043
3623.89248216
3624.27762389
3624.66276562
3625.04790735
3625.43304908
3625.81819081
3626.20333254
3626.58847427
3626.97361600
3627.35875773
3627.74389946
3628.12904119
3628.51418293
3628.89932466
3629.28446639
3629.66960812
3630.05474985
3630.43989158
3630.82503331
3631.21017504
3631.59531677
3631.98045850
3632.36560023
3632.75074196
3633.13588369
3633.52102542
3633.90616715
3634.29130888
3634.67645061
3635.06159234
3635.44673407
3635.83187580
3636.21701753
3636.60215926
3636.98730099
3637.37244272
3637.75758445
3638.14272618
3638.52786791
3638.91300964
3639.29815137
3639.68329310
3640.06843483
3640.45357656
3640.83871830
3641.22386003
3641.60900176
3641.99414349
3642.37928522
3642.76442695
3643.14956868
3643.53471041
3643.91985214
3644.30499387
3644.69013560
3645.07527733
3645.46041906
3645.84556079
3646.23070252
3646.61584425
3647.00098598
3647.38612771
3647.77126944
3648.15641117
3648.54155290
3648.92669463
3649.31183636
3649.69697809
3650.08211982
3650.46726155
3650.85240328
3651.23754501
3651.62268674
3652.00782847
3652.39297020
3652.77811193
3653.16325366
3653.54839540
3653.93353713
3654.31867886
3654.70382059
3655.08896232
3655.47410405
3655.85924578
3656.24438751
3656.62952924
3657.01467097
3657.39981270
3657.78495443
3658.17009616
3658.55523789
3658.94037962
3659.32552135
3659.71066308
3660.09580481
3660.48094654
3660.86608827
3661.25123000
3661.63637173
3662.02151346
3662.40665519
3662.79179692
3663.17693865
3663.56208038
3663.94722211
3664.33236384
3664.71750557
3665.10264730
3665.48778903
3665.87293077
3666.25807250
3666.64321423
3667.02835596
3667.41349769
3667.79863942
3668.18378115
3668.56892288
3668.95406461
3669.33920634
3669.72434807
3670.10948980
3670.49463153
3670.87977326
3671.26491499
3671.65005672
3672.03519845
3672.42034018
3672.80548191
3673.19062364
3673.57576537
3673.96090710
3674.34604883
3674.73119056
3675.11633229
3675.50147402
3675.88661575
3676.27175748
3676.65689921
3677.04204094
3677.42718267
3677.81232440
3678.19746614
3678.58260787
3678.96774960
3679.35289133
3679.73803306
3680.12317479
3680.50831652
3680.89345825
3681.27859998
3681.66374171
3682.04888344
3682.43402517
3682.81916690
3683.20430863
3683.58945036
3683.97459209
3684.35973382
3684.74487555
3685.13001728
3685.51515901
3685.90030074
3686.28544247
3686.67058420
3687.05572593
3687.44086766
3687.82600939
3688.21115112
3688.59629285
3688.98143458
3689.36657631
3689.75171804
3690.13685977
3690.52200150
3690.90714324
3691.29228497
3691.67742670
3692.06256843
3692.44771016
3692.83285189
3693.21799362
3693.60313535
3693.98827708
3694.37341881
3694.75856054
3695.14370227
3695.52884400
3695.91398573
3696.29912746
3696.68426919
3697.06941092
3697.45455265
3697.83969438
3698.22483611
3698.60997784
3698.99511957
3699.38026130
3699.76540303
3700.15054476
3700.53568649
3700.92082822
3701.30596995
3701.69111168
3702.07625341
3702.46139514
3702.84653687
3703.23167861
3703.61682034
3704.00196207
3704.38710380
3704.77224553
3705.15738726
3705.54252899
3705.92767072
3706.31281245
3706.69795418
3707.08309591
3707.46823764
3707.85337937
3708.23852110
3708.62366283
3709.00880456
3709.39394629
3709.77908802
3710.16422975
3710.54937148
3710.93451321
3711.31965494
3711.70479667
3712.08993840
3712.47508013
3712.86022186
3713.24536359
3713.63050532
3714.01564705
3714.40078878
3714.78593051
3715.17107224
3715.55621397
3715.94135571
3716.32649744
3716.71163917
3717.09678090
3717.48192263
3717.86706436
3718.25220609
3718.63734782
3719.02248955
3719.40763128
3719.79277301
3720.17791474
3720.56305647
3720.94819820
3721.33333993
3721.71848166
3722.10362339
3722.48876512
3722.87390685
3723.25904858
3723.64419031
3724.02933204
3724.41447377
3724.79961550
3725.18475723
3725.56989896
3725.95504069
3726.34018242
3726.72532415
3727.11046588
3727.49560761
3727.88074934
3728.26589108
3728.65103281
3729.03617454
3729.42131627
3729.80645800
3730.19159973
3730.57674146
3730.96188319
3731.34702492
3731.73216665
3732.11730838
3732.50245011
3732.88759184
3733.27273357
3733.65787530
3734.04301703
3734.42815876
3734.81330049
3735.19844222
3735.58358395
3735.96872568
3736.35386741
3736.73900914
3737.12415087
3737.50929260
3737.89443433
3738.27957606
3738.66471779
3739.04985952
3739.43500125
3739.82014298
3740.20528471
3740.59042645
3740.97556818
3741.36070991
3741.74585164
3742.13099337
3742.51613510
3742.90127683
3743.28641856
3743.67156029
3744.05670202
3744.44184375
3744.82698548
3745.21212721
3745.59726894
3745.98241067
3746.36755240
3746.75269413
3747.13783586
3747.52297759
3747.90811932
3748.29326105
3748.67840278
3749.06354451
3749.44868624
3749.83382797
3750.21896970
3750.60411143
3750.98925316
3751.37439489
3751.75953662
3752.14467835
3752.52982008
3752.91496181
3753.30010355
3753.68524528
3754.07038701
3754.45552874
3754.84067047
3755.22581220
3755.61095393
3755.99609566
3756.38123739
3756.76637912
3757.15152085
3757.53666258
3757.92180431
3758.30694604
3758.69208777
3759.07722950
3759.46237123
3759.84751296
3760.23265469
3760.61779642
3761.00293815
3761.38807988
3761.77322161
3762.15836334
3762.54350507
3762.92864680
3763.31378853
3763.69893026
3764.08407199
3764.46921372
3764.85435545
3765.23949718
3765.62463892
3766.00978065
3766.39492238
3766.78006411
3767.16520584
3767.55034757
3767.93548930
3768.32063103
3768.70577276
3769.09091449
3769.47605622
3769.86119795
3770.24633968
3770.63148141
3771.01662314
3771.40176487
3771.78690660
3772.17204833
3772.55719006
3772.94233179
3773.32747352
3773.71261525
3774.09775698
3774.48289871
3774.86804044
3775.25318217
3775.63832390
3776.02346563
3776.40860736
3776.79374909
3777.17889082
3777.56403255
3777.94917428
3778.33431602
3778.71945775
3779.10459948
3779.48974121
3779.87488294
3780.26002467
3780.64516640
3781.03030813
3781.41544986
3781.80059159
3782.18573332
3782.57087505
3782.95601678
3783.34115851
3783.72630024
3784.11144197
3784.49658370
3784.88172543
3785.26686716
3785.65200889
3786.03715062
3786.42229235
3786.80743408
3787.19257581
3787.57771754
3787.96285927
3788.34800100
3788.73314273
3789.11828446
3789.50342619
3789.88856792
3790.27370965
3790.65885139
3791.04399312
3791.42913485
3791.81427658
3792.19941831
3792.58456004
3792.96970177
3793.35484350
3793.73998523
3794.12512696
3794.51026869
3794.89541042
3795.28055215
3795.66569388
3796.05083561
3796.43597734
3796.82111907
3797.20626080
3797.59140253
3797.97654426
3798.36168599
3798.74682772
3799.13196945
3799.51711118
3799.90225291
3800.28739464
3800.67253637
3801.05767810
3801.44281983
3801.82796156
3802.21310329
3802.59824502
3802.98338675
3803.36852849
3803.75367022
3804.13881195
3804.52395368
3804.90909541
3805.29423714
3805.67937887
3806.06452060
3806.44966233
3806.83480406
3807.21994579
3807.60508752
3807.99022925
3808.37537098
3808.76051271
3809.14565444
3809.53079617
3809.91593790
3810.30107963
3810.68622136
3811.07136309
3811.45650482
3811.84164655
3812.22678828
3812.61193001
3812.99707174
3813.38221347
3813.76735520
3814.15249693
3814.53763866
3814.92278039
3815.30792212
3815.69306386
3816.07820559
3816.46334732
3816.84848905
3817.23363078
3817.61877251
3818.00391424
3818.38905597
3818.77419770
3819.15933943
3819.54448116
3819.92962289
3820.31476462
3820.69990635
3821.08504808
3821.47018981
3821.85533154
3822.24047327
3822.62561500
3823.01075673
3823.39589846
3823.78104019
3824.16618192
3824.55132365
3824.93646538
3825.32160711
3825.70674884
3826.09189057
3826.47703230
3826.86217403
3827.24731576
3827.63245749
3828.01759923
3828.40274096
3828.78788269
3829.17302442
3829.55816615
3829.94330788
3830.32844961
3830.71359134
3831.09873307
3831.48387480
3831.86901653
3832.25415826
3832.63929999
3833.02444172
3833.40958345
3833.79472518
3834.17986691
3834.56500864
3834.95015037
3835.33529210
3835.72043383
3836.10557556
3836.49071729
3836.87585902
3837.26100075
3837.64614248
3838.03128421
3838.41642594
3838.80156767
3839.18670940
3839.57185113
3839.95699286
3840.34213459
3840.72727633
3841.11241806
3841.49755979
3841.88270152
3842.26784325
3842.65298498
3843.03812671
3843.42326844
3843.80841017
3844.19355190
3844.57869363
3844.96383536
3845.34897709
3845.73411882
3846.11926055
3846.50440228
3846.88954401
3847.27468574
3847.65982747
3848.04496920
3848.43011093
3848.81525266
3849.20039439
3849.58553612
3849.97067785
3850.35581958
3850.74096131
3851.12610304
3851.51124477
3851.89638650
3852.28152823
3852.66666996
3853.05181170
3853.43695343
3853.82209516
3854.20723689
3854.59237862
3854.97752035
3855.36266208
3855.74780381
3856.13294554
3856.51808727
3856.90322900
3857.28837073
3857.67351246
3858.05865419
3858.44379592
3858.82893765
3859.21407938
3859.59922111
3859.98436284
3860.36950457
3860.75464630
3861.13978803
3861.52492976
3861.91007149
3862.29521322
3862.68035495
3863.06549668
3863.45063841
3863.83578014
3864.22092187
3864.60606360
3864.99120533
3865.37634706
3865.76148880
3866.14663053
3866.53177226
3866.91691399
3867.30205572
3867.68719745
3868.07233918
3868.45748091
3868.84262264
3869.22776437
3869.61290610
3869.99804783
3870.38318956
3870.76833129
3871.15347302
3871.53861475
3871.92375648
3872.30889821
3872.69403994
3873.07918167
3873.46432340
3873.84946513
3874.23460686
3874.61974859
3875.00489032
3875.39003205
3875.77517378
3876.16031551
3876.54545724
3876.93059897
3877.31574070
3877.70088243
3878.08602417
3878.47116590
3878.85630763
3879.24144936
3879.62659109
3880.01173282
3880.39687455
3880.78201628
3881.16715801
3881.55229974
3881.93744147
3882.32258320
3882.70772493
3883.09286666
3883.47800839
3883.86315012
3884.24829185
3884.63343358
3885.01857531
3885.40371704
3885.78885877
3886.17400050
3886.55914223
3886.94428396
3887.32942569
3887.71456742
3888.09970915
3888.48485088
3888.86999261
3889.25513434
3889.64027607
3890.02541780
3890.41055954
3890.79570127
3891.18084300
3891.56598473
3891.95112646
3892.33626819
3892.72140992
3893.10655165
3893.49169338
3893.87683511
3894.26197684
3894.64711857
3895.03226030
3895.41740203
3895.80254376
3896.18768549
3896.57282722
3896.95796895
3897.34311068
3897.72825241
3898.11339414
3898.49853587
3898.88367760
3899.26881933
3899.65396106
3900.03910279
3900.42424452
3900.80938625
3901.19452798
3901.57966971
3901.96481144
3902.34995317
3902.73509490
3903.12023664
3903.50537837
3903.89052010
3904.27566183
3904.66080356
3905.04594529
3905.43108702
3905.81622875
3906.20137048
3906.58651221
3906.97165394
3907.35679567
3907.74193740
3908.12707913
3908.51222086
3908.89736259
3909.28250432
3909.66764605
3910.05278778
3910.43792951
3910.82307124
3911.20821297
3911.59335470
3911.97849643
3912.36363816
3912.74877989
3913.13392162
3913.51906335
3913.90420508
3914.28934681
3914.67448854
3915.05963027
3915.44477201
3915.82991374
3916.21505547
3916.60019720
3916.98533893
3917.37048066
3917.75562239
3918.14076412
3918.52590585
3918.91104758
3919.29618931
3919.68133104
3920.06647277
3920.45161450
3920.83675623
3921.22189796
3921.60703969
3921.99218142
3922.37732315
3922.76246488
3923.14760661
3923.53274834
3923.91789007
3924.30303180
3924.68817353
3925.07331526
3925.45845699
3925.84359872
3926.22874045
3926.61388218
3926.99902391
3927.38416564
3927.76930737
3928.15444911
3928.53959084
3928.92473257
3929.30987430
3929.69501603
3930.08015776
3930.46529949
3930.85044122
3931.23558295
3931.62072468
3932.00586641
3932.39100814
3932.77614987
3933.16129160
3933.54643333
3933.93157506
3934.31671679
3934.70185852
3935.08700025
3935.47214198
3935.85728371
3936.24242544
3936.62756717
3937.01270890
3937.39785063
3937.78299236
3938.16813409
3938.55327582
3938.93841755
3939.32355928
3939.70870101
3940.09384274
3940.47898448
3940.86412621
3941.24926794
3941.63440967
3942.01955140
3942.40469313
3942.78983486
3943.17497659
3943.56011832
3943.94526005
