1583.000
1583.017
1583.035
1583.052
1583.070
1583.087
1583.104
1583.122
1583.139
1583.157
1583.174
1583.191
1583.209
1583.226
1583.244
1583.261
1583.278
1583.296
1583.313
1583.331
1583.348
1583.365
1583.383
1583.400
1583.417
1583.435
1583.452
1583.470
1583.487
1583.504
1583.522
1583.539
1583.557
1583.574
1583.591
1583.609
1583.626
1583.643
1583.661
1583.678
1583.696
1583.713
1583.730
1583.748
1583.765
1583.782
1583.800
1583.817
1583.835
1583.852
1583.869
1583.887
1583.904
1583.921
1583.939
1583.956
1583.974
1583.991
1584.008
1584.026
1584.043
1584.060
1584.078
1584.095
1584.112
1584.130
1584.147
1584.165
1584.182
1584.199
1584.217
1584.234
1584.251
1584.269
1584.286
1584.303
1584.321
1584.338
1584.355
1584.373
1584.390
1584.408
1584.425
1584.442
1584.460
1584.477
1584.494
1584.512
1584.529
1584.546
1584.564
1584.581
1584.598
1584.616
1584.633
1584.650
1584.668
1584.685
1584.703
1584.720
1584.737
1584.755
1584.772
1584.789
1584.807
1584.824
1584.841
1584.859
1584.876
1584.893
1584.911
1584.928
1584.945
1584.963
1584.980
1584.997
1585.015
1585.032
1585.049
1585.067
1585.084
1585.101
1585.119
1585.136
1585.153
1585.171
1585.188
1585.205
1585.223
1585.240
1585.257
1585.275
1585.292
1585.309
1585.327
1585.344
1585.361
1585.379
1585.396
1585.413
1585.430
1585.448
1585.465
1585.482
1585.500
1585.517
1585.534
1585.552
1585.569
1585.586
1585.604
1585.621
1585.638
1585.656
1585.673
1585.690
1585.708
1585.725
1585.742
1585.759
1585.777
1585.794
1585.811
1585.829
1585.846
1585.863
1585.881
1585.898
1585.915
1585.933
1585.950
1585.967
1585.984
1586.002
1586.019
1586.036
1586.054
1586.071
1586.088
1586.106
1586.123
1586.140
1586.157
1586.175
1586.192
1586.209
1586.227
1586.244
1586.261
1586.279
1586.296
1586.313
1586.330
1586.348
1586.365
1586.382
1586.400
1586.417
1586.434
1586.451
1586.469
1586.486
1586.503
1586.521
1586.538
1586.555
1586.572
1586.590
1586.607
1586.624
1586.642
1586.659
1586.676
1586.693
1586.711
1586.728
1586.745
1586.763
1586.780
1586.797
1586.814
1586.832
1586.849
1586.866
1586.883
1586.901
1586.918
1586.935
1586.953
1586.970
1586.987
1587.004
1587.022
1587.039
1587.056
1587.073
1587.091
1587.108
1587.125
1587.143
1587.160
1587.177
1587.194
1587.212
1587.229
1587.246
1587.263
1587.281
1587.298
1587.315
1587.332
1587.350
1587.367
1587.384
1587.401
1587.419
1587.436
1587.453
1587.470
1587.488
1587.505
1587.522
1587.539
1587.557
1587.574
1587.591
1587.608
1587.626
1587.643
1587.660
1587.677
1587.695
1587.712
1587.729
1587.746
1587.764
1587.781
1587.798
1587.815
1587.833
1587.850
1587.867
1587.884
1587.902
1587.919
1587.936
1587.953
1587.971
1587.988
1588.005
1588.022
1588.040
1588.057
1588.074
1588.091
1588.108
1588.126
1588.143
1588.160
1588.177
1588.195
1588.212
1588.229
1588.246
1588.264
1588.281
1588.298
1588.315
1588.332
1588.350
1588.367
1588.384
1588.401
1588.419
1588.436
1588.453
1588.470
1588.487
1588.505
1588.522
1588.539
1588.556
1588.574
1588.591
1588.608
1588.625
1588.642
1588.660
1588.677
1588.694
1588.711
1588.729
1588.746
1588.763
1588.780
1588.797
1588.815
1588.832
1588.849
1588.866
1588.883
1588.901
1588.918
1588.935
1588.952
1588.969
1588.987
1589.004
1589.021
1589.038
1589.055
1589.073
1589.090
1589.107
1589.124
1589.141
1589.159
1589.176
1589.193
1589.210
1589.227
1589.245
1589.262
1589.279
1589.296
1589.313
1589.331
1589.348
1589.365
1589.382
1589.399
1589.417
1589.434
1589.451
1589.468
1589.485
1589.503
1589.520
1589.537
1589.554
1589.571
1589.588
1589.606
1589.623
1589.640
1589.657
1589.674
1589.692
1589.709
1589.726
1589.743
1589.760
1589.778
1589.795
1589.812
1589.829
1589.846
1589.863
1589.881
1589.898
1589.915
1589.932
1589.949
1589.966
1589.984
1590.001
1590.018
1590.035
1590.052
1590.069
1590.087
1590.104
1590.121
1590.138
1590.155
1590.172
1590.190
1590.207
1590.224
1590.241
1590.258
1590.275
1590.293
1590.310
1590.327
1590.344
1590.361
1590.378
1590.396
1590.413
1590.430
1590.447
1590.464
1590.481
1590.499
1590.516
1590.533
1590.550
1590.567
1590.584
1590.601
1590.619
1590.636
1590.653
1590.670
1590.687
1590.704
1590.722
1590.739
1590.756
1590.773
1590.790
1590.807
1590.824
1590.842
1590.859
1590.876
1590.893
1590.910
1590.927
1590.944
1590.962
1590.979
1590.996
1591.013
1591.030
1591.047
1591.064
1591.082
1591.099
1591.116
1591.133
1591.150
1591.167
1591.184
1591.201
1591.219
1591.236
1591.253
1591.270
1591.287
1591.304
1591.321
1591.338
1591.356
1591.373
1591.390
1591.407
1591.424
1591.441
1591.458
1591.476
1591.493
1591.510
1591.527
1591.544
1591.561
1591.578
1591.595
1591.612
1591.630
1591.647
1591.664
1591.681
1591.698
1591.715
1591.732
1591.749
1591.767
1591.784
1591.801
1591.818
1591.835
1591.852
1591.869
1591.886
1591.903
1591.921
1591.938
1591.955
1591.972
1591.989
1592.006
1592.023
1592.040
1592.057
1592.075
1592.092
1592.109
1592.126
1592.143
1592.160
1592.177
1592.194
1592.211
1592.228
1592.246
1592.263
1592.280
1592.297
1592.314
1592.331
1592.348
1592.365
1592.382
1592.399
1592.416
1592.434
1592.451
1592.468
1592.485
1592.502
1592.519
1592.536
1592.553
1592.570
1592.587
1592.604
1592.622
1592.639
1592.656
1592.673
1592.690
1592.707
1592.724
1592.741
1592.758
1592.775
1592.792
1592.809
1592.827
1592.844
1592.861
1592.878
1592.895
1592.912
1592.929
1592.946
1592.963
1592.980
1592.997
1593.014
1593.031
1593.049
1593.066
1593.083
1593.100
1593.117
1593.134
1593.151
1593.168
1593.185
1593.202
1593.219
1593.236
1593.253
1593.270
1593.288
1593.305
1593.322
1593.339
1593.356
1593.373
1593.390
1593.407
1593.424
1593.441
1593.458
1593.475
1593.492
1593.509
1593.526
1593.543
1593.560
1593.578
1593.595
1593.612
1593.629
1593.646
1593.663
1593.680
1593.697
1593.714
1593.731
1593.748
1593.765
1593.782
1593.799
1593.816
1593.833
1593.850
1593.867
1593.884
1593.901
1593.919
1593.936
1593.953
1593.970
1593.987
1594.004
1594.021
1594.038
1594.055
1594.072
1594.089
1594.106
1594.123
1594.140
1594.157
1594.174
1594.191
1594.208
1594.225
1594.242
1594.259
1594.276
1594.293
1594.310
1594.327
1594.344
1594.361
1594.379
1594.396
1594.413
1594.430
1594.447
1594.464
1594.481
1594.498
1594.515
1594.532
1594.549
1594.566
1594.583
1594.600
1594.617
1594.634
1594.651
1594.668
1594.685
1594.702
1594.719
1594.736
1594.753
1594.770
1594.787
1594.804
1594.821
1594.838
1594.855
1594.872
1594.889
1594.906
1594.923
1594.940
1594.957
1594.974
1594.991
1595.008
1595.025
1595.042
1595.059
1595.076
1595.093
1595.110
1595.127
1595.144
1595.161
1595.178
1595.195
1595.212
1595.229
1595.246
1595.263
1595.280
1595.297
1595.314
1595.331
1595.348
1595.365
1595.382
1595.399
1595.416
1595.433
1595.450
1595.467
1595.484
1595.501
1595.518
1595.535
1595.552
1595.569
1595.586
1595.603
1595.620
1595.637
1595.654
1595.671
1595.688
1595.705
1595.722
1595.739
1595.756
1595.773
1595.790
1595.807
1595.824
1595.841
1595.858
1595.875
1595.892
1595.909
1595.926
1595.943
1595.960
1595.977
1595.994
1596.011
1596.028
1596.045
1596.062
1596.079
1596.096
1596.113
1596.130
1596.147
1596.164
1596.180
1596.197
1596.214
1596.231
1596.248
1596.265
1596.282
1596.299
1596.316
1596.333
1596.350
1596.367
1596.384
1596.401
1596.418
1596.435
1596.452
1596.469
1596.486
1596.503
1596.520
1596.537
1596.554
1596.571
1596.588
1596.605
1596.622
1596.639
1596.655
1596.672
1596.689
1596.706
1596.723
1596.740
1596.757
1596.774
1596.791
1596.808
1596.825
1596.842
1596.859
1596.876
1596.893
1596.910
1596.927
1596.944
1596.961
1596.978
1596.994
1597.011
1597.028
1597.045
1597.062
1597.079
1597.096
1597.113
1597.130
1597.147
1597.164
1597.181
1597.198
1597.215
1597.232
1597.249
1597.265
1597.282
1597.299
1597.316
1597.333
1597.350
1597.367
1597.384
1597.401
1597.418
1597.435
1597.452
1597.469
1597.486
1597.503
1597.519
1597.536
1597.553
1597.570
1597.587
1597.604
1597.621
1597.638
1597.655
1597.672
1597.689
1597.706
1597.723
1597.739
1597.756
1597.773
1597.790
1597.807
1597.824
1597.841
1597.858
1597.875
1597.892
1597.909
1597.926
1597.942
1597.959
1597.976
1597.993
1598.010
1598.027
1598.044
1598.061
1598.078
1598.095
1598.112
1598.128
1598.145
1598.162
1598.179
1598.196
1598.213
1598.230
1598.247
1598.264
1598.281
1598.297
1598.314
1598.331
1598.348
1598.365
1598.382
1598.399
1598.416
1598.433
1598.450
1598.466
1598.483
1598.500
1598.517
1598.534
1598.551
1598.568
1598.585
1598.602
1598.619
1598.635
1598.652
1598.669
1598.686
1598.703
1598.720
1598.737
1598.754
1598.771
1598.787
1598.804
1598.821
1598.838
1598.855
1598.872
1598.889
1598.906
1598.922
1598.939
1598.956
1598.973
1598.990
1599.007
1599.024
1599.041
1599.057
1599.074
1599.091
1599.108
1599.125
1599.142
1599.159
1599.176
1599.192
1599.209
1599.226
1599.243
1599.260
1599.277
1599.294
1599.311
1599.327
1599.344
1599.361
1599.378
1599.395
1599.412
1599.429
1599.446
1599.462
1599.479
1599.496
1599.513
1599.530
1599.547
1599.564
1599.580
1599.597
1599.614
1599.631
1599.648
1599.665
1599.682
1599.698
1599.715
1599.732
1599.749
1599.766
1599.783
1599.800
1599.816
1599.833
1599.850
1599.867
1599.884
1599.901
1599.917
1599.934
1599.951
1599.968
1599.985
1600.002
1600.019
1600.035
1600.052
1600.069
1600.086
1600.103
1600.120
1600.136
1600.153
1600.170
1600.187
1600.204
1600.221
1600.238
1600.254
1600.271
1600.288
1600.305
1600.322
1600.339
1600.355
1600.372
1600.389
1600.406
1600.423
1600.440
1600.456
1600.473
1600.490
1600.507
1600.524
1600.541
1600.557
1600.574
1600.591
1600.608
1600.625
1600.641
1600.658
1600.675
1600.692
1600.709
1600.726
1600.742
1600.759
1600.776
1600.793
1600.810
1600.827
1600.843
1600.860
1600.877
1600.894
1600.911
1600.927
1600.944
1600.961
1600.978
1600.995
1601.011
1601.028
1601.045
1601.062
1601.079
1601.096
1601.112
1601.129
1601.146
1601.163
1601.180
1601.196
1601.213
1601.230
1601.247
1601.264
1601.280
1601.297
1601.314
1601.331
1601.348
1601.364
1601.381
1601.398
1601.415
1601.432
1601.448
1601.465
1601.482
1601.499
1601.516
1601.532
1601.549
1601.566
1601.583
1601.600
1601.616
1601.633
1601.650
1601.667
1601.684
1601.700
1601.717
1601.734
1601.751
1601.768
1601.784
1601.801
1601.818
1601.835
1601.851
1601.868
1601.885
1601.902
1601.919
1601.935
1601.952
1601.969
1601.986
1602.003
1602.019
1602.036
1602.053
1602.070
1602.086
1602.103
1602.120
1602.137
1602.154
1602.170
1602.187
1602.204
1602.221
1602.237
1602.254
1602.271
1602.288
1602.304
1602.321
1602.338
1602.355
1602.372
1602.388
1602.405
1602.422
1602.439
1602.455
1602.472
1602.489
1602.506
1602.522
1602.539
1602.556
1602.573
1602.589
1602.606
1602.623
1602.640
1602.657
1602.673
1602.690
1602.707
1602.724
1602.740
1602.757
1602.774
1602.791
1602.807
1602.824
1602.841
1602.858
1602.874
1602.891
1602.908
1602.925
1602.941
1602.958
1602.975
1602.992
1603.008
1603.025
1603.042
1603.059
1603.075
1603.092
1603.109
1603.126
1603.142
1603.159
1603.176
1603.193
1603.209
1603.226
1603.243
1603.260
1603.276
1603.293
1603.310
1603.326
1603.343
1603.360
1603.377
1603.393
1603.410
1603.427
1603.444
1603.460
1603.477
1603.494
1603.511
1603.527
1603.544
1603.561
1603.577
1603.594
1603.611
1603.628
1603.644
1603.661
1603.678
1603.695
1603.711
1603.728
1603.745
1603.761
1603.778
1603.795
1603.812
1603.828
1603.845
1603.862
1603.879
1603.895
1603.912
1603.929
1603.945
1603.962
1603.979
1603.996
1604.012
1604.029
1604.046
1604.062
1604.079
1604.096
1604.113
1604.129
1604.146
1604.163
1604.179
1604.196
1604.213
1604.229
1604.246
1604.263
1604.280
1604.296
1604.313
1604.330
1604.346
1604.363
1604.380
1604.397
1604.413
1604.430
1604.447
1604.463
1604.480
1604.497
1604.513
1604.530
1604.547
1604.564
1604.580
1604.597
1604.614
1604.630
1604.647
1604.664
1604.680
1604.697
1604.714
1604.730
1604.747
1604.764
1604.781
1604.797
1604.814
1604.831
1604.847
1604.864
1604.881
1604.897
1604.914
1604.931
1604.947
1604.964
1604.981
1604.997
1605.014
1605.031
1605.048
1605.064
1605.081
1605.098
1605.114
1605.131
1605.148
1605.164
1605.181
1605.198
1605.214
1605.231
1605.248
1605.264
1605.281
1605.298
1605.314
1605.331
1605.348
1605.364
1605.381
1605.398
1605.414
1605.431
1605.448
1605.464
1605.481
1605.498
1605.514
1605.531
1605.548
1605.564
1605.581
1605.598
1605.614
1605.631
1605.648
1605.664
1605.681
1605.698
1605.714
1605.731
1605.748
1605.764
1605.781
1605.798
1605.814
1605.831
1605.848
1605.864
1605.881
1605.898
1605.914
1605.931
1605.948
1605.964
1605.981
1605.997
1606.014
1606.031
1606.047
1606.064
1606.081
1606.097
1606.114
1606.131
1606.147
1606.164
1606.181
1606.197
1606.214
1606.231
1606.247
1606.264
1606.280
1606.297
1606.314
1606.330
1606.347
1606.364
1606.380
1606.397
1606.414
1606.430
1606.447
1606.463
1606.480
1606.497
1606.513
1606.530
1606.547
1606.563
1606.580
1606.597
1606.613
1606.630
1606.646
1606.663
1606.680
1606.696
1606.713
1606.730
1606.746
1606.763
1606.779
1606.796
1606.813
1606.829
1606.846
1606.863
1606.879
1606.896
1606.912
1606.929
1606.946
1606.962
1606.979
1606.996
1607.012
1607.029
1607.045
1607.062
1607.079
1607.095
1607.112
1607.128
1607.145
1607.162
1607.178
1607.195
1607.212
1607.228
1607.245
1607.261
1607.278
1607.295
1607.311
1607.328
1607.344
1607.361
1607.378
1607.394
1607.411
1607.427
1607.444
1607.461
1607.477
1607.494
1607.510
1607.527
1607.544
1607.560
1607.577
1607.593
1607.610
1607.627
1607.643
1607.660
1607.676
1607.693
1607.710
1607.726
1607.743
1607.759
1607.776
1607.793
1607.809
1607.826
1607.842
1607.859
1607.876
1607.892
1607.909
1607.925
1607.942
1607.958
1607.975
1607.992
1608.008
1608.025
1608.041
1608.058
1608.075
1608.091
1608.108
1608.124
1608.141
1608.157
1608.174
1608.191
1608.207
1608.224
1608.240
1608.257
1608.273
1608.290
1608.307
1608.323
1608.340
1608.356
1608.373
1608.390
1608.406
1608.423
1608.439
1608.456
1608.472
1608.489
1608.506
1608.522
1608.539
1608.555
1608.572
1608.588
1608.605
1608.621
1608.638
1608.655
1608.671
1608.688
1608.704
1608.721
1608.737
1608.754
1608.771
1608.787
1608.804
1608.820
1608.837
1608.853
1608.870
1608.886
1608.903
1608.920
1608.936
1608.953
1608.969
1608.986
1609.002
1609.019
1609.035
1609.052
1609.069
1609.085
1609.102
1609.118
1609.135
1609.151
1609.168
1609.184
1609.201
1609.217
1609.234
1609.251
1609.267
1609.284
1609.300
1609.317
1609.333
1609.350
1609.366
1609.383
1609.399
1609.416
1609.433
1609.449
1609.466
1609.482
1609.499
1609.515
1609.532
1609.548
1609.565
1609.581
1609.598
1609.614
1609.631
1609.647
1609.664
1609.681
1609.697
1609.714
1609.730
1609.747
1609.763
1609.780
1609.796
1609.813
1609.829
1609.846
1609.862
1609.879
1609.895
1609.912
1609.928
1609.945
1609.961
1609.978
1609.994
1610.011
1610.028
1610.044
1610.061
1610.077
1610.094
1610.110
1610.127
1610.143
1610.160
1610.176
1610.193
1610.209
1610.226
1610.242
1610.259
1610.275
1610.292
1610.308
1610.325
1610.341
1610.358
1610.374
1610.391
1610.407
1610.424
1610.440
1610.457
1610.473
1610.490
1610.506
1610.523
1610.539
1610.556
1610.572
1610.589
1610.605
1610.622
1610.638
1610.655
1610.671
1610.688
1610.704
1610.721
1610.737
1610.754
1610.770
1610.787
1610.803
1610.820
1610.836
1610.853
1610.869
1610.886
1610.902
1610.919
1610.935
1610.952
1610.968
1610.985
1611.001
1611.018
1611.034
1611.051
1611.067
1611.084
1611.100
1611.117
1611.133
1611.150
1611.166
1611.183
1611.199
1611.216
1611.232
1611.248
1611.265
1611.281
1611.298
1611.314
1611.331
1611.347
1611.364
1611.380
1611.397
1611.413
1611.430
1611.446
1611.463
1611.479
1611.496
1611.512
1611.529
1611.545
1611.561
1611.578
1611.594
1611.611
1611.627
1611.644
1611.660
1611.677
1611.693
1611.710
1611.726
1611.743
1611.759
1611.776
1611.792
1611.808
1611.825
1611.841
1611.858
1611.874
1611.891
1611.907
1611.924
1611.940
1611.957
1611.973
1611.989
1612.006
1612.022
1612.039
1612.055
1612.072
1612.088
1612.105
1612.121
1612.138
1612.154
1612.170
1612.187
1612.203
1612.220
1612.236
1612.253
1612.269
1612.286
1612.302
1612.318
1612.335
1612.351
1612.368
1612.384
1612.401
1612.417
1612.434
1612.450
1612.466
1612.483
1612.499
1612.516
1612.532
1612.549
1612.565
1612.582
1612.598
1612.614
1612.631
1612.647
1612.664
1612.680
1612.697
1612.713
1612.729
1612.746
1612.762
1612.779
1612.795
1612.812
1612.828
1612.844
1612.861
1612.877
1612.894
1612.910
1612.927
1612.943
1612.959
1612.976
1612.992
1613.009
1613.025
1613.041
1613.058
1613.074
1613.091
1613.107
1613.124
1613.140
1613.156
1613.173
1613.189
1613.206
1613.222
1613.239
1613.255
1613.271
1613.288
1613.304
1613.321
1613.337
1613.353
1613.370
1613.386
1613.403
1613.419
1613.435
1613.452
1613.468
1613.485
1613.501
1613.517
1613.534
1613.550
1613.567
1613.583
1613.599
1613.616
1613.632
1613.649
1613.665
1613.681
1613.698
1613.714
1613.731
1613.747
1613.763
1613.780
1613.796
1613.813
1613.829
1613.845
1613.862
1613.878
1613.895
1613.911
1613.927
1613.944
1613.960
1613.977
1613.993
1614.009
1614.026
1614.042
1614.059
1614.075
1614.091
1614.108
1614.124
1614.140
1614.157
1614.173
1614.190
1614.206
1614.222
1614.239
1614.255
1614.272
1614.288
1614.304
1614.321
1614.337
1614.353
1614.370
1614.386
1614.403
1614.419
1614.435
1614.452
1614.468
1614.484
1614.501
1614.517
1614.534
1614.550
1614.566
1614.583
1614.599
1614.615
1614.632
1614.648
1614.665
1614.681
1614.697
1614.714
1614.730
1614.746
1614.763
1614.779
1614.795
1614.812
1614.828
1614.845
1614.861
1614.877
1614.894
1614.910
1614.926
1614.943
1614.959
1614.975
1614.992
1615.008
1615.024
1615.041
1615.057
1615.074
1615.090
1615.106
1615.123
1615.139
1615.155
1615.172
1615.188
1615.204
1615.221
1615.237
1615.253
1615.270
1615.286
1615.302
1615.319
1615.335
1615.351
1615.368
1615.384
1615.401
1615.417
1615.433
1615.450
1615.466
1615.482
1615.499
1615.515
1615.531
1615.548
1615.564
1615.580
1615.597
1615.613
1615.629
1615.646
1615.662
1615.678
1615.695
1615.711
1615.727
1615.744
1615.760
1615.776
1615.793
1615.809
1615.825
1615.842
1615.858
1615.874
1615.891
1615.907
1615.923
1615.940
1615.956
1615.972
1615.989
1616.005
1616.021
1616.038
1616.054
1616.070
1616.086
1616.103
1616.119
1616.135
1616.152
1616.168
1616.184
1616.201
1616.217
1616.233
1616.250
1616.266
1616.282
1616.299
1616.315
1616.331
1616.348
1616.364
1616.380
1616.397
1616.413
1616.429
1616.445
1616.462
1616.478
1616.494
1616.511
1616.527
1616.543
1616.560
1616.576
1616.592
1616.609
1616.625
1616.641
1616.657
1616.674
1616.690
1616.706
1616.723
1616.739
1616.755
1616.772
1616.788
1616.804
1616.820
1616.837
1616.853
1616.869
1616.886
1616.902
1616.918
1616.934
1616.951
1616.967
1616.983
1617.000
1617.016
1617.032
1617.049
1617.065
1617.081
1617.097
1617.114
1617.130
1617.146
1617.163
1617.179
1617.195
1617.211
1617.228
1617.244
1617.260
1617.277
1617.293
1617.309
1617.325
1617.342
1617.358
1617.374
1617.391
1617.407
1617.423
1617.439
1617.456
1617.472
1617.488
1617.504
1617.521
1617.537
1617.553
1617.570
1617.586
1617.602
1617.618
1617.635
1617.651
1617.667
1617.683
1617.700
1617.716
1617.732
1617.749
1617.765
1617.781
1617.797
1617.814
1617.830
1617.846
1617.862
1617.879
1617.895
1617.911
1617.927
1617.944
1617.960
1617.976
1617.992
1618.009
1618.025
1618.041
1618.057
1618.074
1618.090
1618.106
1618.123
1618.139
1618.155
1618.171
1618.188
1618.204
1618.220
1618.236
1618.253
1618.269
1618.285
1618.301
1618.318
1618.334
1618.350
1618.366
1618.383
1618.399
1618.415
1618.431
1618.448
1618.464
1618.480
1618.496
1618.512
1618.529
1618.545
1618.561
1618.577
1618.594
1618.610
1618.626
1618.642
1618.659
1618.675
1618.691
1618.707
1618.724
1618.740
1618.756
1618.772
1618.789
1618.805
1618.821
1618.837
1618.853
1618.870
1618.886
1618.902
1618.918
1618.935
1618.951
1618.967
1618.983
1619.000
1619.016
1619.032
1619.048
1619.064
1619.081
1619.097
1619.113
1619.129
1619.146
1619.162
1619.178
1619.194
1619.210
1619.227
1619.243
1619.259
1619.275
1619.291
1619.308
1619.324
1619.340
1619.356
1619.373
1619.389
1619.405
1619.421
1619.437
1619.454
1619.470
1619.486
1619.502
1619.518
1619.535
1619.551
1619.567
1619.583
1619.600
1619.616
1619.632
1619.648
1619.664
1619.681
1619.697
1619.713
1619.729
1619.745
1619.762
1619.778
1619.794
1619.810
1619.826
1619.843
1619.859
1619.875
1619.891
1619.907
1619.924
1619.940
1619.956
1619.972
1619.988
1620.005
1620.021
1620.037
1620.053
1620.069
1620.085
1620.102
1620.118
1620.134
1620.150
1620.166
1620.183
1620.199
1620.215
1620.231
1620.247
1620.264
1620.280
1620.296
1620.312
1620.328
1620.344
1620.361
1620.377
1620.393
1620.409
1620.425
1620.442
1620.458
1620.474
1620.490
1620.506
1620.522
1620.539
1620.555
1620.571
1620.587
1620.603
1620.620
1620.636
1620.652
1620.668
1620.684
1620.700
1620.717
1620.733
1620.749
1620.765
1620.781
1620.797
1620.814
1620.830
1620.846
1620.862
1620.878
1620.894
1620.911
1620.927
1620.943
1620.959
1620.975
1620.991
1621.008
1621.024
1621.040
1621.056
1621.072
1621.088
1621.104
1621.121
1621.137
1621.153
1621.169
1621.185
1621.201
1621.218
1621.234
1621.250
1621.266
1621.282
1621.298
1621.314
1621.331
1621.347
1621.363
1621.379
1621.395
1621.411
1621.428
1621.444
1621.460
1621.476
1621.492
1621.508
1621.524
1621.541
1621.557
1621.573
1621.589
1621.605
1621.621
1621.637
1621.654
1621.670
1621.686
1621.702
1621.718
1621.734
1621.750
1621.766
1621.783
1621.799
1621.815
1621.831
1621.847
1621.863
1621.879
1621.896
1621.912
1621.928
1621.944
1621.960
1621.976
1621.992
1622.008
1622.025
1622.041
1622.057
1622.073
1622.089
1622.105
1622.121
1622.137
1622.154
1622.170
1622.186
1622.202
1622.218
1622.234
1622.250
1622.266
1622.283
1622.299
1622.315
1622.331
1622.347
1622.363
1622.379
1622.395
1622.412
1622.428
1622.444
1622.460
1622.476
1622.492
1622.508
1622.524
1622.540
1622.557
1622.573
1622.589
1622.605
1622.621
1622.637
1622.653
1622.669
1622.685
1622.702
1622.718
1622.734
1622.750
1622.766
1622.782
1622.798
1622.814
1622.830
1622.846
1622.863
1622.879
1622.895
1622.911
1622.927
1622.943
1622.959
1622.975
1622.991
1623.007
1623.024
1623.040
1623.056
1623.072
1623.088
1623.104
1623.120
1623.136
1623.152
1623.168
1623.184
1623.201
1623.217
1623.233
1623.249
1623.265
1623.281
1623.297
1623.313
1623.329
1623.345
1623.361
1623.377
1623.394
1623.410
1623.426
1623.442
1623.458
1623.474
1623.490
1623.506
1623.522
1623.538
1623.554
1623.570
1623.587
1623.603
1623.619
1623.635
1623.651
1623.667
1623.683
1623.699
1623.715
1623.731
1623.747
1623.763
1623.779
1623.795
1623.812
1623.828
1623.844
1623.860
1623.876
1623.892
1623.908
1623.924
1623.940
1623.956
1623.972
1623.988
1624.004
1624.020
1624.036
1624.053
1624.069
1624.085
1624.101
1624.117
1624.133
1624.149
1624.165
1624.181
1624.197
1624.213
1624.229
1624.245
1624.261
1624.277
1624.293
1624.309
1624.326
1624.342
1624.358
1624.374
1624.390
1624.406
1624.422
1624.438
1624.454
1624.470
1624.486
1624.502
1624.518
1624.534
1624.550
1624.566
1624.582
1624.598
1624.614
1624.630
1624.646
1624.662
1624.679
1624.695
1624.711
1624.727
1624.743
1624.759
1624.775
1624.791
1624.807
1624.823
1624.839
1624.855
1624.871
1624.887
1624.903
1624.919
1624.935
1624.951
1624.967
1624.983
1624.999
1625.015
1625.031
1625.047
1625.063
1625.079
1625.095
1625.111
1625.127
1625.144
1625.160
1625.176
1625.192
1625.208
1625.224
1625.240
1625.256
1625.272
1625.288
1625.304
1625.320
1625.336
1625.352
1625.368
1625.384
1625.400
1625.416
1625.432
1625.448
1625.464
1625.480
1625.496
1625.512
1625.528
1625.544
1625.560
1625.576
1625.592
1625.608
1625.624
1625.640
1625.656
1625.672
1625.688
1625.704
1625.720
1625.736
1625.752
1625.768
1625.784
1625.800
1625.816
1625.832
1625.848
1625.864
1625.880
1625.896
1625.912
1625.928
1625.944
1625.960
1625.976
1625.992
1626.008
1626.024
1626.040
1626.056
1626.072
1626.088
1626.104
1626.120
1626.136
1626.152
1626.168
1626.184
1626.200
1626.216
1626.232
1626.248
1626.264
1626.280
1626.296
1626.312
1626.328
1626.344
1626.360
1626.376
1626.392
1626.408
1626.424
1626.440
1626.456
1626.472
1626.488
1626.504
1626.520
1626.536
1626.552
1626.568
1626.584
1626.600
1626.616
1626.632
1626.648
1626.664
1626.680
1626.696
1626.712
1626.728
1626.743
1626.759
1626.775
1626.791
1626.807
1626.823
1626.839
1626.855
1626.871
1626.887
1626.903
1626.919
1626.935
1626.951
1626.967
1626.983
1626.999
1627.015
1627.031
1627.047
1627.063
1627.079
1627.095
1627.111
1627.127
1627.143
1627.159
1627.175
1627.191
1627.207
1627.222
1627.238
1627.254
1627.270
1627.286
1627.302
1627.318
1627.334
1627.350
1627.366
1627.382
1627.398
1627.414
1627.430
1627.446
1627.462
1627.478
1627.494
1627.510
1627.526
1627.542
1627.557
1627.573
1627.589
1627.605
1627.621
1627.637
1627.653
1627.669
1627.685
1627.701
1627.717
1627.733
1627.749
1627.765
1627.781
1627.797
1627.813
1627.829
1627.844
1627.860
1627.876
1627.892
1627.908
1627.924
1627.940
1627.956
1627.972
1627.988
1628.004
1628.020
1628.036
1628.052
1628.068
1628.083
1628.099
1628.115
1628.131
1628.147
1628.163
1628.179
1628.195
1628.211
1628.227
1628.243
1628.259
1628.275
1628.291
1628.306
1628.322
1628.338
1628.354
1628.370
1628.386
1628.402
1628.418
1628.434
1628.450
1628.466
1628.482
1628.497
1628.513
1628.529
1628.545
1628.561
1628.577
1628.593
1628.609
1628.625
1628.641
1628.657
1628.673
1628.688
1628.704
1628.720
1628.736
1628.752
1628.768
1628.784
1628.800
1628.816
1628.832
1628.848
1628.863
1628.879
1628.895
1628.911
1628.927
1628.943
1628.959
1628.975
1628.991
