1183.000
1183.013
1183.026
1183.038
1183.051
1183.064
1183.077
1183.090
1183.102
1183.115
1183.128
1183.141
1183.154
1183.166
1183.179
1183.192
1183.205
1183.218
1183.230
1183.243
1183.256
1183.269
1183.282
1183.294
1183.307
1183.320
1183.333
1183.345
1183.358
1183.371
1183.384
1183.397
1183.409
1183.422
1183.435
1183.448
1183.461
1183.473
1183.486
1183.499
1183.512
1183.524
1183.537
1183.550
1183.563
1183.576
1183.588
1183.601
1183.614
1183.627
1183.640
1183.652
1183.665
1183.678
1183.691
1183.703
1183.716
1183.729
1183.742
1183.755
1183.767
1183.780
1183.793
1183.806
1183.818
1183.831
1183.844
1183.857
1183.870
1183.882
1183.895
1183.908
1183.921
1183.933
1183.946
1183.959
1183.972
1183.984
1183.997
1184.010
1184.023
1184.036
1184.048
1184.061
1184.074
1184.087
1184.099
1184.112
1184.125
1184.138
1184.150
1184.163
1184.176
1184.189
1184.201
1184.214
1184.227
1184.240
1184.253
1184.265
1184.278
1184.291
1184.304
1184.316
1184.329
1184.342
1184.355
1184.367
1184.380
1184.393
1184.406
1184.418
1184.431
1184.444
1184.457
1184.469
1184.482
1184.495
1184.508
1184.520
1184.533
1184.546
1184.559
1184.571
1184.584
1184.597
1184.610
1184.622
1184.635
1184.648
1184.661
1184.673
1184.686
1184.699
1184.712
1184.724
1184.737
1184.750
1184.763
1184.775
1184.788
1184.801
1184.814
1184.826
1184.839
1184.852
1184.865
1184.877
1184.890
1184.903
1184.916
1184.928
1184.941
1184.954
1184.967
1184.979
1184.992
1185.005
1185.018
1185.030
1185.043
1185.056
1185.068
1185.081
1185.094
1185.107
1185.119
1185.132
1185.145
1185.158
1185.170
1185.183
1185.196
1185.209
1185.221
1185.234
1185.247
1185.259
1185.272
1185.285
1185.298
1185.310
1185.323
1185.336
1185.349
1185.361
1185.374
1185.387
1185.399
1185.412
1185.425
1185.438
1185.450
1185.463
1185.476
1185.489
1185.501
1185.514
1185.527
1185.539
1185.552
1185.565
1185.578
1185.590
1185.603
1185.616
1185.629
1185.641
1185.654
1185.667
1185.679
1185.692
1185.705
1185.718
1185.730
1185.743
1185.756
1185.768
1185.781
1185.794
1185.807
1185.819
1185.832
1185.845
1185.857
1185.870
1185.883
1185.896
1185.908
1185.921
1185.934
1185.946
1185.959
1185.972
1185.984
1185.997
1186.010
1186.023
1186.035
1186.048
1186.061
1186.073
1186.086
1186.099
1186.112
1186.124
1186.137
1186.150
1186.162
1186.175
1186.188
1186.200
1186.213
1186.226
1186.239
1186.251
1186.264
1186.277
1186.289
1186.302
1186.315
1186.327
1186.340
1186.353
1186.366
1186.378
1186.391
1186.404
1186.416
1186.429
1186.442
1186.454
1186.467
1186.480
1186.493
1186.505
1186.518
1186.531
1186.543
1186.556
1186.569
1186.581
1186.594
1186.607
1186.619
1186.632
1186.645
1186.657
1186.670
1186.683
1186.696
1186.708
1186.721
1186.734
1186.746
1186.759
1186.772
1186.784
1186.797
1186.810
1186.822
1186.835
1186.848
1186.860
1186.873
1186.886
1186.898
1186.911
1186.924
1186.937
1186.949
1186.962
1186.975
1186.987
1187.000
1187.013
1187.025
1187.038
1187.051
1187.063
1187.076
1187.089
1187.101
1187.114
1187.127
1187.139
1187.152
1187.165
1187.177
1187.190
1187.203
1187.215
1187.228
1187.241
1187.253
1187.266
1187.279
1187.291
1187.304
1187.317
1187.329
1187.342
1187.355
1187.367
1187.380
1187.393
1187.405
1187.418
1187.431
1187.443
1187.456
1187.469
1187.481
1187.494
1187.507
1187.519
1187.532
1187.545
1187.557
1187.570
1187.583
1187.595
1187.608
1187.621
1187.633
1187.646
1187.659
1187.671
1187.684
1187.697
1187.709
1187.722
1187.735
1187.747
1187.760
1187.772
1187.785
1187.798
1187.810
1187.823
1187.836
1187.848
1187.861
1187.874
1187.886
1187.899
1187.912
1187.924
1187.937
1187.950
1187.962
1187.975
1187.988
1188.000
1188.013
1188.025
1188.038
1188.051
1188.063
1188.076
1188.089
1188.101
1188.114
1188.127
1188.139
1188.152
1188.165
1188.177
1188.190
1188.202
1188.215
1188.228
1188.240
1188.253
1188.266
1188.278
1188.291
1188.304
1188.316
1188.329
1188.341
1188.354
1188.367
1188.379
1188.392
1188.405
1188.417
1188.430
1188.443
1188.455
1188.468
1188.480
1188.493
1188.506
1188.518
1188.531
1188.544
1188.556
1188.569
1188.582
1188.594
1188.607
1188.619
1188.632
1188.645
1188.657
1188.670
1188.683
1188.695
1188.708
1188.720
1188.733
1188.746
1188.758
1188.771
1188.784
1188.796
1188.809
1188.821
1188.834
1188.847
1188.859
1188.872
1188.884
1188.897
1188.910
1188.922
1188.935
1188.948
1188.960
1188.973
1188.985
1188.998
1189.011
1189.023
1189.036
1189.048
1189.061
1189.074
1189.086
1189.099
1189.112
1189.124
1189.137
1189.149
1189.162
1189.175
1189.187
1189.200
1189.212
1189.225
1189.238
1189.250
1189.263
1189.275
1189.288
1189.301
1189.313
1189.326
1189.339
1189.351
1189.364
1189.376
1189.389
1189.402
1189.414
1189.427
1189.439
1189.452
1189.465
1189.477
1189.490
1189.502
1189.515
1189.528
1189.540
1189.553
1189.565
1189.578
1189.591
1189.603
1189.616
1189.628
1189.641
1189.654
1189.666
1189.679
1189.691
1189.704
1189.716
1189.729
1189.742
1189.754
1189.767
1189.779
1189.792
1189.805
1189.817
1189.830
1189.842
1189.855
1189.868
1189.880
1189.893
1189.905
1189.918
1189.931
1189.943
1189.956
1189.968
1189.981
1189.993
1190.006
1190.019
1190.031
1190.044
1190.056
1190.069
1190.082
1190.094
1190.107
1190.119
1190.132
1190.144
1190.157
1190.170
1190.182
1190.195
1190.207
1190.220
1190.233
1190.245
1190.258
1190.270
1190.283
1190.295
1190.308
1190.321
1190.333
1190.346
1190.358
1190.371
1190.383
1190.396
1190.409
1190.421
1190.434
1190.446
1190.459
1190.471
1190.484
1190.497
1190.509
1190.522
1190.534
1190.547
1190.559
1190.572
1190.585
1190.597
1190.610
1190.622
1190.635
1190.647
1190.660
1190.672
1190.685
1190.698
1190.710
1190.723
1190.735
1190.748
1190.760
1190.773
1190.786
1190.798
1190.811
1190.823
1190.836
1190.848
1190.861
1190.873
1190.886
1190.899
1190.911
1190.924
1190.936
1190.949
1190.961
1190.974
1190.986
1190.999
1191.012
1191.024
1191.037
1191.049
1191.062
1191.074
1191.087
1191.099
1191.112
1191.125
1191.137
1191.150
1191.162
1191.175
1191.187
1191.200
1191.212
1191.225
1191.237
1191.250
1191.263
1191.275
1191.288
1191.300
1191.313
1191.325
1191.338
1191.350
1191.363
1191.375
1191.388
1191.401
1191.413
1191.426
1191.438
1191.451
1191.463
1191.476
1191.488
1191.501
1191.513
1191.526
1191.538
1191.551
1191.564
1191.576
1191.589
1191.601
1191.614
1191.626
1191.639
1191.651
1191.664
1191.676
1191.689
1191.701
1191.714
1191.727
1191.739
1191.752
1191.764
1191.777
1191.789
1191.802
1191.814
1191.827
1191.839
1191.852
1191.864
1191.877
1191.889
1191.902
1191.914
1191.927
1191.939
1191.952
1191.965
1191.977
1191.990
1192.002
1192.015
1192.027
1192.040
1192.052
1192.065
1192.077
1192.090
1192.102
1192.115
1192.127
1192.140
1192.152
1192.165
1192.177
1192.190
1192.202
1192.215
1192.227
1192.240
1192.252
1192.265
1192.278
1192.290
1192.303
1192.315
1192.328
1192.340
1192.353
1192.365
1192.378
1192.390
1192.403
1192.415
1192.428
1192.440
1192.453
1192.465
1192.478
1192.490
1192.503
1192.515
1192.528
1192.540
1192.553
1192.565
1192.578
1192.590
1192.603
1192.615
1192.628
1192.640
1192.653
1192.665
1192.678
1192.690
1192.703
1192.715
1192.728
1192.740
1192.753
1192.765
1192.778
1192.790
1192.803
1192.815
1192.828
1192.840
1192.853
1192.865
1192.878
1192.890
1192.903
1192.915
1192.928
1192.940
1192.953
1192.965
1192.978
1192.990
1193.003
1193.015
1193.028
1193.040
1193.053
1193.065
1193.078
1193.090
1193.103
1193.115
1193.128
1193.140
1193.153
1193.165
1193.178
1193.190
1193.203
1193.215
1193.228
1193.240
1193.253
1193.265
1193.277
1193.290
1193.302
1193.315
1193.327
1193.340
1193.352
1193.365
1193.377
1193.390
1193.402
1193.415
1193.427
1193.440
1193.452
1193.465
1193.477
1193.490
1193.502
1193.515
1193.527
1193.540
1193.552
1193.565
1193.577
1193.589
1193.602
1193.614
1193.627
1193.639
1193.652
1193.664
1193.677
1193.689
1193.702
1193.714
1193.727
1193.739
1193.752
1193.764
1193.777
1193.789
1193.801
1193.814
1193.826
1193.839
1193.851
1193.864
1193.876
1193.889
1193.901
1193.914
1193.926
1193.939
1193.951
1193.964
1193.976
1193.988
1194.001
1194.013
1194.026
1194.038
1194.051
1194.063
1194.076
1194.088
1194.101
1194.113
1194.125
1194.138
1194.150
1194.163
1194.175
1194.188
1194.200
1194.213
1194.225
1194.238
1194.250
1194.263
1194.275
1194.287
1194.300
1194.312
1194.325
1194.337
1194.350
1194.362
1194.375
1194.387
1194.399
1194.412
1194.424
1194.437
1194.449
1194.462
1194.474
1194.487
1194.499
1194.512
1194.524
1194.536
1194.549
1194.561
1194.574
1194.586
1194.599
1194.611
1194.624
1194.636
1194.648
1194.661
1194.673
1194.686
1194.698
1194.711
1194.723
1194.735
1194.748
1194.760
1194.773
1194.785
1194.798
1194.810
1194.823
1194.835
1194.847
1194.860
1194.872
1194.885
1194.897
1194.910
1194.922
1194.934
1194.947
1194.959
1194.972
1194.984
1194.997
1195.009
1195.021
1195.034
1195.046
1195.059
1195.071
1195.084
1195.096
1195.108
1195.121
1195.133
1195.146
1195.158
1195.171
1195.183
1195.195
1195.208
1195.220
1195.233
1195.245
1195.258
1195.270
1195.282
1195.295
1195.307
1195.320
1195.332
1195.345
1195.357
1195.369
1195.382
1195.394
1195.407
1195.419
1195.431
1195.444
1195.456
1195.469
1195.481
1195.494
1195.506
1195.518
1195.531
1195.543
1195.556
1195.568
1195.580
1195.593
1195.605
1195.618
1195.630
1195.643
1195.655
1195.667
1195.680
1195.692
1195.705
1195.717
1195.729
1195.742
1195.754
1195.767
1195.779
1195.791
1195.804
1195.816
1195.829
1195.841
1195.853
1195.866
1195.878
1195.891
1195.903
1195.915
1195.928
1195.940
1195.953
1195.965
1195.977
1195.990
1196.002
1196.015
1196.027
1196.039
1196.052
1196.064
1196.077
1196.089
1196.101
1196.114
1196.126
1196.139
1196.151
1196.163
1196.176
1196.188
1196.201
1196.213
1196.225
1196.238
1196.250
1196.263
1196.275
1196.287
1196.300
1196.312
1196.325
1196.337
1196.349
1196.362
1196.374
1196.386
1196.399
1196.411
1196.424
1196.436
1196.448
1196.461
1196.473
1196.486
1196.498
1196.510
1196.523
1196.535
1196.548
1196.560
1196.572
1196.585
1196.597
1196.609
1196.622
1196.634
1196.647
1196.659
1196.671
1196.684
1196.696
1196.708
1196.721
1196.733
1196.746
1196.758
1196.770
1196.783
1196.795
1196.807
1196.820
1196.832
1196.845
1196.857
1196.869
1196.882
1196.894
1196.906
1196.919
1196.931
1196.944
1196.956
1196.968
1196.981
1196.993
1197.005
1197.018
1197.030
1197.043
1197.055
1197.067
1197.080
1197.092
1197.104
1197.117
1197.129
1197.141
1197.154
1197.166
1197.179
1197.191
1197.203
1197.216
1197.228
1197.240
1197.253
1197.265
1197.277
1197.290
1197.302
1197.315
1197.327
1197.339
1197.352
1197.364
1197.376
1197.389
1197.401
1197.413
1197.426
1197.438
1197.450
1197.463
1197.475
1197.488
1197.500
1197.512
1197.525
1197.537
1197.549
1197.562
1197.574
1197.586
1197.599
1197.611
1197.623
1197.636
1197.648
1197.660
1197.673
1197.685
1197.698
1197.710
1197.722
1197.735
1197.747
1197.759
1197.772
1197.784
1197.796
1197.809
1197.821
1197.833
1197.846
1197.858
1197.870
1197.883
1197.895
1197.907
1197.920
1197.932
1197.944
1197.957
1197.969
1197.981
1197.994
1198.006
1198.018
1198.031
1198.043
1198.055
1198.068
1198.080
1198.092
1198.105
1198.117
1198.129
1198.142
1198.154
1198.166
1198.179
1198.191
1198.203
1198.216
1198.228
1198.240
1198.253
1198.265
1198.277
1198.290
1198.302
1198.314
1198.327
1198.339
1198.351
1198.364
1198.376
1198.388
1198.401
1198.413
1198.425
1198.438
1198.450
1198.462
1198.475
1198.487
1198.499
1198.512
1198.524
1198.536
1198.549
1198.561
1198.573
1198.586
1198.598
1198.610
1198.623
1198.635
1198.647
1198.659
1198.672
1198.684
1198.696
1198.709
1198.721
1198.733
1198.746
1198.758
1198.770
1198.783
1198.795
1198.807
1198.820
1198.832
1198.844
1198.857
1198.869
1198.881
1198.893
1198.906
1198.918
1198.930
1198.943
1198.955
1198.967
1198.980
1198.992
1199.004
1199.017
1199.029
1199.041
1199.053
1199.066
1199.078
1199.090
1199.103
1199.115
1199.127
1199.140
1199.152
1199.164
1199.177
1199.189
1199.201
1199.213
1199.226
1199.238
1199.250
1199.263
1199.275
1199.287
1199.300
1199.312
1199.324
1199.336
1199.349
1199.361
1199.373
1199.386
1199.398
1199.410
1199.423
1199.435
1199.447
1199.459
1199.472
1199.484
1199.496
1199.509
1199.521
1199.533
1199.545
1199.558
1199.570
1199.582
1199.595
1199.607
1199.619
1199.631
1199.644
1199.656
1199.668
1199.681
1199.693
1199.705
1199.717
1199.730
1199.742
1199.754
1199.767
1199.779
1199.791
1199.803
1199.816
1199.828
1199.840
1199.853
1199.865
1199.877
1199.889
1199.902
1199.914
1199.926
1199.939
1199.951
1199.963
1199.975
1199.988
1200.000
1200.012
1200.025
1200.037
1200.049
1200.061
1200.074
1200.086
1200.098
1200.110
1200.123
1200.135
1200.147
1200.160
1200.172
1200.184
1200.196
1200.209
1200.221
1200.233
1200.245
1200.258
1200.270
1200.282
1200.294
1200.307
1200.319
1200.331
1200.344
1200.356
1200.368
1200.380
1200.393
1200.405
1200.417
1200.429
1200.442
1200.454
1200.466
1200.478
1200.491
1200.503
1200.515
1200.528
1200.540
1200.552
1200.564
1200.577
1200.589
1200.601
1200.613
1200.626
1200.638
1200.650
1200.662
1200.675
1200.687
1200.699
1200.711
1200.724
1200.736
1200.748
1200.760
1200.773
1200.785
1200.797
1200.809
1200.822
1200.834
1200.846
1200.858
1200.871
1200.883
1200.895
1200.907
1200.920
1200.932
1200.944
1200.956
1200.969
1200.981
1200.993
1201.005
1201.018
1201.030
1201.042
1201.054
1201.067
1201.079
1201.091
1201.103
1201.116
1201.128
1201.140
1201.152
1201.165
1201.177
1201.189
1201.201
1201.214
1201.226
1201.238
1201.250
1201.262
1201.275
1201.287
1201.299
1201.311
1201.324
1201.336
1201.348
1201.360
1201.373
1201.385
1201.397
1201.409
1201.422
1201.434
1201.446
1201.458
1201.470
1201.483
1201.495
1201.507
1201.519
1201.532
1201.544
1201.556
1201.568
1201.581
1201.593
1201.605
1201.617
1201.629
1201.642
1201.654
1201.666
1201.678
1201.691
1201.703
1201.715
1201.727
1201.739
1201.752
1201.764
1201.776
1201.788
1201.801
1201.813
1201.825
1201.837
1201.849
1201.862
1201.874
1201.886
1201.898
1201.911
1201.923
1201.935
1201.947
1201.959
1201.972
1201.984
1201.996
1202.008
1202.021
1202.033
1202.045
1202.057
1202.069
1202.082
1202.094
1202.106
1202.118
1202.130
1202.143
1202.155
1202.167
1202.179
1202.192
1202.204
1202.216
1202.228
1202.240
1202.253
1202.265
1202.277
1202.289
1202.301
1202.314
1202.326
1202.338
1202.350
1202.362
1202.375
1202.387
1202.399
1202.411
1202.423
1202.436
1202.448
1202.460
1202.472
1202.484
1202.497
1202.509
1202.521
1202.533
1202.545
1202.558
1202.570
1202.582
1202.594
1202.606
1202.619
1202.631
1202.643
1202.655
1202.667
1202.680
1202.692
1202.704
1202.716
1202.728
1202.741
1202.753
1202.765
1202.777
1202.789
1202.802
1202.814
1202.826
1202.838
1202.850
1202.862
1202.875
1202.887
1202.899
1202.911
1202.923
1202.936
1202.948
1202.960
1202.972
1202.984
1202.997
1203.009
1203.021
1203.033
1203.045
1203.057
1203.070
1203.082
1203.094
1203.106
1203.118
1203.131
1203.143
1203.155
1203.167
1203.179
1203.191
1203.204
1203.216
1203.228
1203.240
1203.252
1203.265
1203.277
1203.289
1203.301
1203.313
1203.325
1203.338
1203.350
1203.362
1203.374
1203.386
1203.398
1203.411
1203.423
1203.435
1203.447
1203.459
1203.471
1203.484
1203.496
1203.508
1203.520
1203.532
1203.544
1203.557
1203.569
1203.581
1203.593
1203.605
1203.617
1203.630
1203.642
1203.654
1203.666
1203.678
1203.690
1203.703
1203.715
1203.727
1203.739
1203.751
1203.763
1203.776
1203.788
1203.800
1203.812
1203.824
1203.836
1203.849
1203.861
1203.873
1203.885
1203.897
1203.909
1203.922
1203.934
1203.946
1203.958
1203.970
1203.982
1203.994
1204.007
1204.019
1204.031
1204.043
1204.055
1204.067
1204.080
1204.092
1204.104
1204.116
1204.128
1204.140
1204.152
1204.165
1204.177
1204.189
1204.201
1204.213
1204.225
1204.237
1204.250
1204.262
1204.274
1204.286
1204.298
1204.310
1204.322
1204.335
1204.347
1204.359
1204.371
1204.383
1204.395
1204.407
1204.420
1204.432
1204.444
1204.456
1204.468
1204.480
1204.492
1204.505
1204.517
1204.529
1204.541
1204.553
1204.565
1204.577
1204.590
1204.602
1204.614
1204.626
1204.638
1204.650
1204.662
1204.674
1204.687
1204.699
1204.711
1204.723
1204.735
1204.747
1204.759
1204.772
1204.784
1204.796
1204.808
1204.820
1204.832
1204.844
1204.856
1204.869
1204.881
1204.893
1204.905
1204.917
1204.929
1204.941
1204.953
1204.966
1204.978
1204.990
1205.002
1205.014
1205.026
1205.038
1205.050
1205.063
1205.075
1205.087
1205.099
1205.111
1205.123
1205.135
1205.147
1205.160
1205.172
1205.184
1205.196
1205.208
1205.220
1205.232
1205.244
1205.256
1205.269
1205.281
1205.293
1205.305
1205.317
1205.329
1205.341
1205.353
1205.365
1205.378
1205.390
1205.402
1205.414
1205.426
1205.438
1205.450
1205.462
1205.474
1205.487
1205.499
1205.511
1205.523
1205.535
1205.547
1205.559
1205.571
1205.583
1205.596
1205.608
1205.620
1205.632
1205.644
1205.656
1205.668
1205.680
1205.692
1205.704
1205.717
1205.729
1205.741
1205.753
1205.765
1205.777
1205.789
1205.801
1205.813
1205.825
1205.838
1205.850
1205.862
1205.874
1205.886
1205.898
1205.910
1205.922
1205.934
1205.946
1205.959
1205.971
1205.983
1205.995
1206.007
1206.019
1206.031
1206.043
1206.055
1206.067
1206.079
1206.092
1206.104
1206.116
1206.128
1206.140
1206.152
1206.164
1206.176
1206.188
1206.200
1206.212
1206.224
1206.237
1206.249
1206.261
1206.273
1206.285
1206.297
1206.309
1206.321
1206.333
1206.345
1206.357
1206.369
1206.382
1206.394
1206.406
1206.418
1206.430
1206.442
1206.454
1206.466
1206.478
1206.490
1206.502
1206.514
1206.527
1206.539
1206.551
1206.563
1206.575
1206.587
1206.599
1206.611
1206.623
1206.635
1206.647
1206.659
1206.671
1206.683
1206.696
1206.708
1206.720
1206.732
1206.744
1206.756
1206.768
1206.780
1206.792
1206.804
1206.816
1206.828
1206.840
1206.852
1206.865
1206.877
1206.889
1206.901
1206.913
1206.925
1206.937
1206.949
1206.961
1206.973
1206.985
1206.997
1207.009
1207.021
1207.033
1207.045
1207.058
1207.070
1207.082
1207.094
1207.106
1207.118
1207.130
1207.142
1207.154
1207.166
1207.178
1207.190
1207.202
1207.214
1207.226
1207.238
1207.250
1207.262
1207.275
1207.287
1207.299
1207.311
1207.323
1207.335
1207.347
1207.359
1207.371
1207.383
1207.395
1207.407
1207.419
1207.431
1207.443
1207.455
1207.467
1207.479
1207.491
1207.503
1207.516
1207.528
1207.540
1207.552
1207.564
1207.576
1207.588
1207.600
1207.612
1207.624
1207.636
1207.648
1207.660
1207.672
1207.684
1207.696
1207.708
1207.720
1207.732
1207.744
1207.756
1207.768
1207.780
1207.792
1207.805
1207.817
1207.829
1207.841
1207.853
1207.865
1207.877
1207.889
1207.901
1207.913
1207.925
1207.937
1207.949
1207.961
1207.973
1207.985
1207.997
1208.009
1208.021
1208.033
1208.045
1208.057
1208.069
1208.081
1208.093
1208.105
1208.117
1208.129
1208.141
1208.153
1208.165
1208.177
1208.190
1208.202
1208.214
1208.226
1208.238
1208.250
1208.262
1208.274
1208.286
1208.298
1208.310
1208.322
1208.334
1208.346
1208.358
1208.370
1208.382
1208.394
1208.406
1208.418
1208.430
1208.442
1208.454
1208.466
1208.478
1208.490
1208.502
1208.514
1208.526
1208.538
1208.550
1208.562
1208.574
1208.586
1208.598
1208.610
1208.622
1208.634
1208.646
1208.658
1208.670
1208.682
1208.694
1208.706
1208.718
1208.730
1208.742
1208.754
1208.766
1208.778
1208.790
1208.802
1208.814
1208.826
1208.838
1208.850
1208.862
1208.874
1208.886
1208.898
1208.910
1208.922
1208.934
1208.946
1208.958
1208.970
1208.982
1208.994
