1423.000
1423.016
1423.031
1423.047
1423.062
1423.078
1423.094
1423.109
1423.125
1423.140
1423.156
1423.172
1423.187
1423.203
1423.218
1423.234
1423.250
1423.265
1423.281
1423.296
1423.312
1423.327
1423.343
1423.359
1423.374
1423.390
1423.405
1423.421
1423.437
1423.452
1423.468
1423.483
1423.499
1423.515
1423.530
1423.546
1423.561
1423.577
1423.592
1423.608
1423.624
1423.639
1423.655
1423.670
1423.686
1423.701
1423.717
1423.733
1423.748
1423.764
1423.779
1423.795
1423.811
1423.826
1423.842
1423.857
1423.873
1423.888
1423.904
1423.920
1423.935
1423.951
1423.966
1423.982
1423.997
1424.013
1424.029
1424.044
1424.060
1424.075
1424.091
1424.106
1424.122
1424.137
1424.153
1424.169
1424.184
1424.200
1424.215
1424.231
1424.246
1424.262
1424.278
1424.293
1424.309
1424.324
1424.340
1424.355
1424.371
1424.386
1424.402
1424.418
1424.433
1424.449
1424.464
1424.480
1424.495
1424.511
1424.526
1424.542
1424.557
1424.573
1424.589
1424.604
1424.620
1424.635
1424.651
1424.666
1424.682
1424.697
1424.713
1424.729
1424.744
1424.760
1424.775
1424.791
1424.806
1424.822
1424.837
1424.853
1424.868
1424.884
1424.899
1424.915
1424.931
1424.946
1424.962
1424.977
1424.993
1425.008
1425.024
1425.039
1425.055
1425.070
1425.086
1425.101
1425.117
1425.132
1425.148
1425.164
1425.179
1425.195
1425.210
1425.226
1425.241
1425.257
1425.272
1425.288
1425.303
1425.319
1425.334
1425.350
1425.365
1425.381
1425.396
1425.412
1425.427
1425.443
1425.459
1425.474
1425.490
1425.505
1425.521
1425.536
1425.552
1425.567
1425.583
1425.598
1425.614
1425.629
1425.645
1425.660
1425.676
1425.691
1425.707
1425.722
1425.738
1425.753
1425.769
1425.784
1425.800
1425.815
1425.831
1425.846
1425.862
1425.877
1425.893
1425.908
1425.924
1425.939
1425.955
1425.970
1425.986
1426.001
1426.017
1426.032
1426.048
1426.063
1426.079
1426.094
1426.110
1426.125
1426.141
1426.156
1426.172
1426.187
1426.203
1426.218
1426.234
1426.249
1426.265
1426.280
1426.296
1426.311
1426.327
1426.342
1426.358
1426.373
1426.389
1426.404
1426.420
1426.435
1426.451
1426.466
1426.482
1426.497
1426.513
1426.528
1426.544
1426.559
1426.575
1426.590
1426.606
1426.621
1426.637
1426.652
1426.668
1426.683
1426.699
1426.714
1426.730
1426.745
1426.760
1426.776
1426.791
1426.807
1426.822
1426.838
1426.853
1426.869
1426.884
1426.900
1426.915
1426.931
1426.946
1426.962
1426.977
1426.993
1427.008
1427.024
1427.039
1427.054
1427.070
1427.085
1427.101
1427.116
1427.132
1427.147
1427.163
1427.178
1427.194
1427.209
1427.225
1427.240
1427.256
1427.271
1427.286
1427.302
1427.317
1427.333
1427.348
1427.364
1427.379
1427.395
1427.410
1427.426
1427.441
1427.456
1427.472
1427.487
1427.503
1427.518
1427.534
1427.549
1427.565
1427.580
1427.596
1427.611
1427.626
1427.642
1427.657
1427.673
1427.688
1427.704
1427.719
1427.735
1427.750
1427.766
1427.781
1427.796
1427.812
1427.827
1427.843
1427.858
1427.874
1427.889
1427.905
1427.920
1427.935
1427.951
1427.966
1427.982
1427.997
1428.013
1428.028
1428.043
1428.059
1428.074
1428.090
1428.105
1428.121
1428.136
1428.151
1428.167
1428.182
1428.198
1428.213
1428.229
1428.244
1428.260
1428.275
1428.290
1428.306
1428.321
1428.337
1428.352
1428.368
1428.383
1428.398
1428.414
1428.429
1428.445
1428.460
1428.475
1428.491
1428.506
1428.522
1428.537
1428.553
1428.568
1428.583
1428.599
1428.614
1428.630
1428.645
1428.661
1428.676
1428.691
1428.707
1428.722
1428.738
1428.753
1428.768
1428.784
1428.799
1428.815
1428.830
1428.845
1428.861
1428.876
1428.892
1428.907
1428.923
1428.938
1428.953
1428.969
1428.984
1429.000
1429.015
1429.030
1429.046
1429.061
1429.077
1429.092
1429.107
1429.123
1429.138
1429.154
1429.169
1429.184
1429.200
1429.215
1429.231
1429.246
1429.261
1429.277
1429.292
1429.308
1429.323
1429.338
1429.354
1429.369
1429.385
1429.400
1429.415
1429.431
1429.446
1429.462
1429.477
1429.492
1429.508
1429.523
1429.538
1429.554
1429.569
1429.585
1429.600
1429.615
1429.631
1429.646
1429.662
1429.677
1429.692
1429.708
1429.723
1429.738
1429.754
1429.769
1429.785
1429.800
1429.815
1429.831
1429.846
1429.862
1429.877
1429.892
1429.908
1429.923
1429.938
1429.954
1429.969
1429.985
1430.000
1430.015
1430.031
1430.046
1430.061
1430.077
1430.092
1430.107
1430.123
1430.138
1430.154
1430.169
1430.184
1430.200
1430.215
1430.230
1430.246
1430.261
1430.277
1430.292
1430.307
1430.323
1430.338
1430.353
1430.369
1430.384
1430.399
1430.415
1430.430
1430.445
1430.461
1430.476
1430.492
1430.507
1430.522
1430.538
1430.553
1430.568
1430.584
1430.599
1430.614
1430.630
1430.645
1430.660
1430.676
1430.691
1430.707
1430.722
1430.737
1430.753
1430.768
1430.783
1430.799
1430.814
1430.829
1430.845
1430.860
1430.875
1430.891
1430.906
1430.921
1430.937
1430.952
1430.967
1430.983
1430.998
1431.013
1431.029
1431.044
1431.059
1431.075
1431.090
1431.105
1431.121
1431.136
1431.151
1431.167
1431.182
1431.197
1431.213
1431.228
1431.243
1431.259
1431.274
1431.289
1431.305
1431.320
1431.335
1431.351
1431.366
1431.381
1431.397
1431.412
1431.427
1431.443
1431.458
1431.473
1431.489
1431.504
1431.519
1431.535
1431.550
1431.565
1431.581
1431.596
1431.611
1431.627
1431.642
1431.657
1431.673
1431.688
1431.703
1431.719
1431.734
1431.749
1431.765
1431.780
1431.795
1431.810
1431.826
1431.841
1431.856
1431.872
1431.887
1431.902
1431.918
1431.933
1431.948
1431.964
1431.979
1431.994
1432.010
1432.025
1432.040
1432.055
1432.071
1432.086
1432.101
1432.117
1432.132
1432.147
1432.163
1432.178
1432.193
1432.208
1432.224
1432.239
1432.254
1432.270
1432.285
1432.300
1432.316
1432.331
1432.346
1432.361
1432.377
1432.392
1432.407
1432.423
1432.438
1432.453
1432.469
1432.484
1432.499
1432.514
1432.530
1432.545
1432.560
1432.576
1432.591
1432.606
1432.621
1432.637
1432.652
1432.667
1432.683
1432.698
1432.713
1432.728
1432.744
1432.759
1432.774
1432.790
1432.805
1432.820
1432.835
1432.851
1432.866
1432.881
1432.897
1432.912
1432.927
1432.942
1432.958
1432.973
1432.988
1433.003
1433.019
1433.034
1433.049
1433.065
1433.080
1433.095
1433.110
1433.126
1433.141
1433.156
1433.171
1433.187
1433.202
1433.217
1433.233
1433.248
1433.263
1433.278
1433.294
1433.309
1433.324
1433.339
1433.355
1433.370
1433.385
1433.400
1433.416
1433.431
1433.446
1433.462
1433.477
1433.492
1433.507
1433.523
1433.538
1433.553
1433.568
1433.584
1433.599
1433.614
1433.629
1433.645
1433.660
1433.675
1433.690
1433.706
1433.721
1433.736
1433.751
1433.767
1433.782
1433.797
1433.812
1433.828
1433.843
1433.858
1433.873
1433.889
1433.904
1433.919
1433.934
1433.950
1433.965
1433.980
1433.995
1434.011
1434.026
1434.041
1434.056
1434.072
1434.087
1434.102
1434.117
1434.133
1434.148
1434.163
1434.178
1434.193
1434.209
1434.224
1434.239
1434.254
1434.270
1434.285
1434.300
1434.315
1434.331
1434.346
1434.361
1434.376
1434.392
1434.407
1434.422
1434.437
1434.452
1434.468
1434.483
1434.498
1434.513
1434.529
1434.544
1434.559
1434.574
1434.589
1434.605
1434.620
1434.635
1434.650
1434.666
1434.681
1434.696
1434.711
1434.726
1434.742
1434.757
1434.772
1434.787
1434.803
1434.818
1434.833
1434.848
1434.863
1434.879
1434.894
1434.909
1434.924
1434.940
1434.955
1434.970
1434.985
1435.000
1435.016
1435.031
1435.046
1435.061
1435.076
1435.092
1435.107
1435.122
1435.137
1435.152
1435.168
1435.183
1435.198
1435.213
1435.228
1435.244
1435.259
1435.274
1435.289
1435.304
1435.320
1435.335
1435.350
1435.365
1435.380
1435.396
1435.411
1435.426
1435.441
1435.456
1435.472
1435.487
1435.502
1435.517
1435.532
1435.548
1435.563
1435.578
1435.593
1435.608
1435.624
1435.639
1435.654
1435.669
1435.684
1435.700
1435.715
1435.730
1435.745
1435.760
1435.775
1435.791
1435.806
1435.821
1435.836
1435.851
1435.867
1435.882
1435.897
1435.912
1435.927
1435.942
1435.958
1435.973
1435.988
1436.003
1436.018
1436.034
1436.049
1436.064
1436.079
1436.094
1436.109
1436.125
1436.140
1436.155
1436.170
1436.185
1436.200
1436.216
1436.231
1436.246
1436.261
1436.276
1436.292
1436.307
1436.322
1436.337
1436.352
1436.367
1436.383
1436.398
1436.413
1436.428
1436.443
1436.458
1436.474
1436.489
1436.504
1436.519
1436.534
1436.549
1436.564
1436.580
1436.595
1436.610
1436.625
1436.640
1436.655
1436.671
1436.686
1436.701
1436.716
1436.731
1436.746
1436.762
1436.777
1436.792
1436.807
1436.822
1436.837
1436.852
1436.868
1436.883
1436.898
1436.913
1436.928
1436.943
1436.958
1436.974
1436.989
1437.004
1437.019
1437.034
1437.049
1437.065
1437.080
1437.095
1437.110
1437.125
1437.140
1437.155
1437.171
1437.186
1437.201
1437.216
1437.231
1437.246
1437.261
1437.276
1437.292
1437.307
1437.322
1437.337
1437.352
1437.367
1437.382
1437.398
1437.413
1437.428
1437.443
1437.458
1437.473
1437.488
1437.503
1437.519
1437.534
1437.549
1437.564
1437.579
1437.594
1437.609
1437.625
1437.640
1437.655
1437.670
1437.685
1437.700
1437.715
1437.730
1437.745
1437.761
1437.776
1437.791
1437.806
1437.821
1437.836
1437.851
1437.866
1437.882
1437.897
1437.912
1437.927
1437.942
1437.957
1437.972
1437.987
1438.002
1438.018
1438.033
1438.048
1438.063
1438.078
1438.093
1438.108
1438.123
1438.139
1438.154
1438.169
1438.184
1438.199
1438.214
1438.229
1438.244
1438.259
1438.274
1438.290
1438.305
1438.320
1438.335
1438.350
1438.365
1438.380
1438.395
1438.410
1438.425
1438.441
1438.456
1438.471
1438.486
1438.501
1438.516
1438.531
1438.546
1438.561
1438.576
1438.592
1438.607
1438.622
1438.637
1438.652
1438.667
1438.682
1438.697
1438.712
1438.727
1438.742
1438.758
1438.773
1438.788
1438.803
1438.818
1438.833
1438.848
1438.863
1438.878
1438.893
1438.908
1438.924
1438.939
1438.954
1438.969
1438.984
1438.999
1439.014
1439.029
1439.044
1439.059
1439.074
1439.089
1439.104
1439.120
1439.135
1439.150
1439.165
1439.180
1439.195
1439.210
1439.225
1439.240
1439.255
1439.270
1439.285
1439.300
1439.316
1439.331
1439.346
1439.361
1439.376
1439.391
1439.406
1439.421
1439.436
1439.451
1439.466
1439.481
1439.496
1439.511
1439.526
1439.542
1439.557
1439.572
1439.587
1439.602
1439.617
1439.632
1439.647
1439.662
1439.677
1439.692
1439.707
1439.722
1439.737
1439.752
1439.767
1439.783
1439.798
1439.813
1439.828
1439.843
1439.858
1439.873
1439.888
1439.903
1439.918
1439.933
1439.948
1439.963
1439.978
1439.993
1440.008
1440.023
1440.038
1440.053
1440.068
1440.084
1440.099
1440.114
1440.129
1440.144
1440.159
1440.174
1440.189
1440.204
1440.219
1440.234
1440.249
1440.264
1440.279
1440.294
1440.309
1440.324
1440.339
1440.354
1440.369
1440.384
1440.399
1440.414
1440.429
1440.444
1440.460
1440.475
1440.490
1440.505
1440.520
1440.535
1440.550
1440.565
1440.580
1440.595
1440.610
1440.625
1440.640
1440.655
1440.670
1440.685
1440.700
1440.715
1440.730
1440.745
1440.760
1440.775
1440.790
1440.805
1440.820
1440.835
1440.850
1440.865
1440.880
1440.895
1440.910
1440.925
1440.940
1440.955
1440.970
1440.985
1441.000
1441.015
1441.030
1441.045
1441.060
1441.076
1441.091
1441.106
1441.121
1441.136
1441.151
1441.166
1441.181
1441.196
1441.211
1441.226
1441.241
1441.256
1441.271
1441.286
1441.301
1441.316
1441.331
1441.346
1441.361
1441.376
1441.391
1441.406
1441.421
1441.436
1441.451
1441.466
1441.481
1441.496
1441.511
1441.526
1441.541
1441.556
1441.571
1441.586
1441.601
1441.616
1441.631
1441.646
1441.661
1441.676
1441.691
1441.706
1441.721
1441.736
1441.751
1441.766
1441.781
1441.796
1441.811
1441.826
1441.841
1441.856
1441.871
1441.886
1441.901
1441.916
1441.931
1441.946
1441.960
1441.975
1441.990
1442.005
1442.020
1442.035
1442.050
1442.065
1442.080
1442.095
1442.110
1442.125
1442.140
1442.155
1442.170
1442.185
1442.200
1442.215
1442.230
1442.245
1442.260
1442.275
1442.290
1442.305
1442.320
1442.335
1442.350
1442.365
1442.380
1442.395
1442.410
1442.425
1442.440
1442.455
1442.470
1442.485
1442.500
1442.515
1442.530
1442.545
1442.560
1442.574
1442.589
1442.604
1442.619
1442.634
1442.649
1442.664
1442.679
1442.694
1442.709
1442.724
1442.739
1442.754
1442.769
1442.784
1442.799
1442.814
1442.829
1442.844
1442.859
1442.874
1442.889
1442.904
1442.919
1442.934
1442.948
1442.963
1442.978
1442.993
1443.008
1443.023
1443.038
1443.053
1443.068
1443.083
1443.098
1443.113
1443.128
1443.143
1443.158
1443.173
1443.188
1443.203
1443.218
1443.232
1443.247
1443.262
1443.277
1443.292
1443.307
1443.322
1443.337
1443.352
1443.367
1443.382
1443.397
1443.412
1443.427
1443.442
1443.457
1443.472
1443.486
1443.501
1443.516
1443.531
1443.546
1443.561
1443.576
1443.591
1443.606
1443.621
1443.636
1443.651
1443.666
1443.681
1443.696
1443.710
1443.725
1443.740
1443.755
1443.770
1443.785
1443.800
1443.815
1443.830
1443.845
1443.860
1443.875
1443.890
1443.904
1443.919
1443.934
1443.949
1443.964
1443.979
1443.994
1444.009
1444.024
1444.039
1444.054
1444.069
1444.084
1444.098
1444.113
1444.128
1444.143
1444.158
1444.173
1444.188
1444.203
1444.218
1444.233
1444.248
1444.262
1444.277
1444.292
1444.307
1444.322
1444.337
1444.352
1444.367
1444.382
1444.397
1444.412
1444.426
1444.441
1444.456
1444.471
1444.486
1444.501
1444.516
1444.531
1444.546
1444.561
1444.575
1444.590
1444.605
1444.620
1444.635
1444.650
1444.665
1444.680
1444.695
1444.710
1444.724
1444.739
1444.754
1444.769
1444.784
1444.799
1444.814
1444.829
1444.844
1444.859
1444.873
1444.888
1444.903
1444.918
1444.933
1444.948
1444.963
1444.978
1444.993
1445.007
1445.022
1445.037
1445.052
1445.067
1445.082
1445.097
1445.112
1445.126
1445.141
1445.156
1445.171
1445.186
1445.201
1445.216
1445.231
1445.246
1445.260
1445.275
1445.290
1445.305
1445.320
1445.335
1445.350
1445.365
1445.379
1445.394
1445.409
1445.424
1445.439
1445.454
1445.469
1445.484
1445.498
1445.513
1445.528
1445.543
1445.558
1445.573
1445.588
1445.602
1445.617
1445.632
1445.647
1445.662
1445.677
1445.692
1445.707
1445.721
1445.736
1445.751
1445.766
1445.781
1445.796
1445.811
1445.825
1445.840
1445.855
1445.870
1445.885
1445.900
1445.915
1445.929
1445.944
1445.959
1445.974
1445.989
1446.004
1446.019
1446.033
1446.048
1446.063
1446.078
1446.093
1446.108
1446.123
1446.137
1446.152
1446.167
1446.182
1446.197
1446.212
1446.226
1446.241
1446.256
1446.271
1446.286
1446.301
1446.316
1446.330
1446.345
1446.360
1446.375
1446.390
1446.405
1446.419
1446.434
1446.449
1446.464
1446.479
1446.494
1446.508
1446.523
1446.538
1446.553
1446.568
1446.583
1446.597
1446.612
1446.627
1446.642
1446.657
1446.672
1446.686
1446.701
1446.716
1446.731
1446.746
1446.761
1446.775
1446.790
1446.805
1446.820
1446.835
1446.850
1446.864
1446.879
1446.894
1446.909
1446.924
1446.939
1446.953
1446.968
1446.983
1446.998
1447.013
1447.028
1447.042
1447.057
1447.072
1447.087
1447.102
1447.116
1447.131
1447.146
1447.161
1447.176
1447.191
1447.205
1447.220
1447.235
1447.250
1447.265
1447.279
1447.294
1447.309
1447.324
1447.339
1447.353
1447.368
1447.383
1447.398
1447.413
1447.427
1447.442
1447.457
1447.472
1447.487
1447.502
1447.516
1447.531
1447.546
1447.561
1447.576
1447.590
1447.605
1447.620
1447.635
1447.650
1447.664
1447.679
1447.694
1447.709
1447.724
1447.738
1447.753
1447.768
1447.783
1447.798
1447.812
1447.827
1447.842
1447.857
1447.872
1447.886
1447.901
1447.916
1447.931
1447.945
1447.960
1447.975
1447.990
1448.005
1448.019
1448.034
1448.049
1448.064
1448.079
1448.093
1448.108
1448.123
1448.138
1448.153
1448.167
1448.182
1448.197
1448.212
1448.226
1448.241
1448.256
1448.271
1448.286
1448.300
1448.315
1448.330
1448.345
1448.359
1448.374
1448.389
1448.404
1448.419
1448.433
1448.448
1448.463
1448.478
1448.492
1448.507
1448.522
1448.537
1448.552
1448.566
1448.581
1448.596
1448.611
1448.625
1448.640
1448.655
1448.670
1448.684
1448.699
1448.714
1448.729
1448.744
1448.758
1448.773
1448.788
1448.803
1448.817
1448.832
1448.847
1448.862
1448.876
1448.891
1448.906
1448.921
1448.935
1448.950
1448.965
1448.980
1448.994
1449.009
1449.024
1449.039
1449.053
1449.068
1449.083
1449.098
1449.112
1449.127
1449.142
1449.157
1449.172
1449.186
1449.201
1449.216
1449.231
1449.245
1449.260
1449.275
1449.289
1449.304
1449.319
1449.334
1449.348
1449.363
1449.378
1449.393
1449.407
1449.422
1449.437
1449.452
1449.466
1449.481
1449.496
1449.511
1449.525
1449.540
1449.555
1449.570
1449.584
1449.599
1449.614
1449.629
1449.643
1449.658
1449.673
1449.688
1449.702
1449.717
1449.732
1449.746
1449.761
1449.776
1449.791
1449.805
1449.820
1449.835
1449.850
1449.864
1449.879
1449.894
1449.908
1449.923
1449.938
1449.953
1449.967
1449.982
1449.997
1450.012
1450.026
1450.041
1450.056
1450.070
1450.085
1450.100
1450.115
1450.129
1450.144
1450.159
1450.173
1450.188
1450.203
1450.218
1450.232
1450.247
1450.262
1450.277
1450.291
1450.306
1450.321
1450.335
1450.350
1450.365
1450.380
1450.394
1450.409
1450.424
1450.438
1450.453
1450.468
1450.482
1450.497
1450.512
1450.527
1450.541
1450.556
1450.571
1450.585
1450.600
1450.615
1450.630
1450.644
1450.659
1450.674
1450.688
1450.703
1450.718
1450.732
1450.747
1450.762
1450.777
1450.791
1450.806
1450.821
1450.835
1450.850
1450.865
1450.879
1450.894
1450.909
1450.924
1450.938
1450.953
1450.968
1450.982
1450.997
1451.012
1451.026
1451.041
1451.056
1451.070
1451.085
1451.100
1451.115
1451.129
1451.144
1451.159
1451.173
1451.188
1451.203
1451.217
1451.232
1451.247
1451.261
1451.276
1451.291
1451.305
1451.320
1451.335
1451.349
1451.364
1451.379
1451.394
1451.408
1451.423
1451.438
1451.452
1451.467
1451.482
1451.496
1451.511
1451.526
1451.540
1451.555
1451.570
1451.584
1451.599
1451.614
1451.628
1451.643
1451.658
1451.672
1451.687
1451.702
1451.716
1451.731
1451.746
1451.760
1451.775
1451.790
1451.804
1451.819
1451.834
1451.848
1451.863
1451.878
1451.892
1451.907
1451.922
1451.936
1451.951
1451.966
1451.980
1451.995
1452.010
1452.024
1452.039
1452.054
1452.068
1452.083
1452.098
1452.112
1452.127
1452.142
1452.156
1452.171
1452.186
1452.200
1452.215
1452.229
1452.244
1452.259
1452.273
1452.288
1452.303
1452.317
1452.332
1452.347
1452.361
1452.376
1452.391
1452.405
1452.420
1452.435
1452.449
1452.464
1452.478
1452.493
1452.508
1452.522
1452.537
1452.552
1452.566
1452.581
1452.596
1452.610
1452.625
1452.640
1452.654
1452.669
1452.683
1452.698
1452.713
1452.727
1452.742
1452.757
1452.771
1452.786
1452.801
1452.815
1452.830
1452.844
1452.859
1452.874
1452.888
1452.903
1452.918
1452.932
1452.947
1452.961
1452.976
1452.991
1453.005
1453.020
1453.035
1453.049
1453.064
1453.079
1453.093
1453.108
1453.122
1453.137
1453.152
1453.166
1453.181
1453.195
1453.210
1453.225
1453.239
1453.254
1453.269
1453.283
1453.298
1453.312
1453.327
1453.342
1453.356
1453.371
1453.386
1453.400
1453.415
1453.429
1453.444
1453.459
1453.473
1453.488
1453.502
1453.517
1453.532
1453.546
1453.561
1453.575
1453.590
1453.605
1453.619
1453.634
1453.649
1453.663
1453.678
1453.692
1453.707
1453.722
1453.736
1453.751
1453.765
1453.780
1453.795
1453.809
1453.824
1453.838
1453.853
1453.868
1453.882
1453.897
1453.911
1453.926
1453.941
1453.955
1453.970
1453.984
1453.999
1454.014
1454.028
1454.043
1454.057
1454.072
1454.086
1454.101
1454.116
1454.130
1454.145
1454.159
1454.174
1454.189
1454.203
1454.218
1454.232
1454.247
1454.262
1454.276
1454.291
1454.305
1454.320
1454.334
1454.349
1454.364
1454.378
1454.393
1454.407
1454.422
1454.437
1454.451
1454.466
1454.480
1454.495
1454.509
1454.524
1454.539
1454.553
1454.568
1454.582
1454.597
1454.611
1454.626
1454.641
1454.655
1454.670
1454.684
1454.699
1454.714
1454.728
1454.743
1454.757
1454.772
1454.786
1454.801
1454.815
1454.830
1454.845
1454.859
1454.874
1454.888
1454.903
1454.917
1454.932
1454.947
1454.961
1454.976
1454.990
1455.005
1455.019
1455.034
1455.049
1455.063
1455.078
1455.092
1455.107
1455.121
1455.136
1455.150
1455.165
1455.180
1455.194
1455.209
1455.223
1455.238
1455.252
1455.267
1455.281
1455.296
1455.311
1455.325
1455.340
1455.354
1455.369
1455.383
1455.398
1455.412
1455.427
1455.441
1455.456
1455.471
1455.485
1455.500
1455.514
1455.529
1455.543
1455.558
1455.572
1455.587
1455.601
1455.616
1455.631
1455.645
1455.660
1455.674
1455.689
1455.703
1455.718
1455.732
1455.747
1455.761
1455.776
1455.791
1455.805
1455.820
1455.834
1455.849
1455.863
1455.878
1455.892
1455.907
1455.921
1455.936
1455.950
1455.965
1455.979
1455.994
1456.009
1456.023
1456.038
1456.052
1456.067
1456.081
1456.096
1456.110
1456.125
1456.139
1456.154
1456.168
1456.183
1456.197
1456.212
1456.226
1456.241
1456.255
1456.270
1456.284
1456.299
1456.314
1456.328
1456.343
1456.357
1456.372
1456.386
1456.401
1456.415
1456.430
1456.444
1456.459
1456.473
1456.488
1456.502
1456.517
1456.531
1456.546
1456.560
1456.575
1456.589
1456.604
1456.618
1456.633
1456.647
1456.662
1456.676
1456.691
1456.705
1456.720
1456.734
1456.749
1456.763
1456.778
1456.792
1456.807
1456.821
1456.836
1456.850
1456.865
1456.879
1456.894
1456.908
1456.923
1456.937
1456.952
1456.966
1456.981
1456.995
1457.010
1457.024
1457.039
1457.053
1457.068
1457.082
1457.097
1457.111
1457.126
1457.140
1457.155
1457.169
1457.184
1457.198
1457.213
1457.227
1457.242
1457.256
1457.271
1457.285
1457.300
1457.314
1457.329
1457.343
1457.358
1457.372
1457.387
1457.401
1457.416
1457.430
1457.445
1457.459
1457.474
1457.488
1457.503
1457.517
1457.532
1457.546
1457.560
1457.575
1457.589
1457.604
1457.618
1457.633
1457.647
1457.662
1457.676
1457.691
1457.705
1457.720
1457.734
1457.749
1457.763
1457.778
1457.792
1457.807
1457.821
1457.836
1457.850
1457.864
1457.879
1457.893
1457.908
1457.922
1457.937
1457.951
1457.966
1457.980
1457.995
1458.009
1458.024
1458.038
1458.053
1458.067
1458.081
1458.096
1458.110
1458.125
1458.139
1458.154
1458.168
1458.183
1458.197
1458.212
1458.226
1458.241
1458.255
1458.269
1458.284
1458.298
1458.313
1458.327
1458.342
1458.356
1458.371
1458.385
1458.400
1458.414
1458.428
1458.443
1458.457
1458.472
1458.486
1458.501
1458.515
1458.530
1458.544
1458.558
1458.573
1458.587
1458.602
1458.616
1458.631
1458.645
1458.660
1458.674
1458.688
1458.703
1458.717
1458.732
1458.746
1458.761
1458.775
1458.790
1458.804
1458.818
1458.833
1458.847
1458.862
1458.876
1458.891
1458.905
1458.919
1458.934
1458.948
1458.963
1458.977
1458.992
1459.006
1459.021
1459.035
1459.049
1459.064
1459.078
1459.093
1459.107
1459.122
1459.136
1459.150
1459.165
1459.179
1459.194
1459.208
1459.223
1459.237
1459.251
1459.266
1459.280
1459.295
1459.309
1459.323
1459.338
1459.352
1459.367
1459.381
1459.396
1459.410
1459.424
1459.439
1459.453
1459.468
1459.482
1459.497
1459.511
1459.525
1459.540
1459.554
1459.569
1459.583
1459.597
1459.612
1459.626
1459.641
1459.655
1459.669
1459.684
1459.698
1459.713
1459.727
1459.742
1459.756
1459.770
1459.785
1459.799
1459.814
1459.828
1459.842
1459.857
1459.871
1459.886
1459.900
1459.914
1459.929
1459.943
1459.958
1459.972
1459.986
