1091.000
1091.012
1091.024
1091.035
1091.047
1091.059
1091.071
1091.083
1091.094
1091.106
1091.118
1091.130
1091.142
1091.153
1091.165
1091.177
1091.189
1091.201
1091.212
1091.224
1091.236
1091.248
1091.260
1091.271
1091.283
1091.295
1091.307
1091.318
1091.330
1091.342
1091.354
1091.366
1091.377
1091.389
1091.401
1091.413
1091.425
1091.436
1091.448
1091.460
1091.472
1091.483
1091.495
1091.507
1091.519
1091.531
1091.542
1091.554
1091.566
1091.578
1091.590
1091.601
1091.613
1091.625
1091.637
1091.648
1091.660
1091.672
1091.684
1091.696
1091.707
1091.719
1091.731
1091.743
1091.754
1091.766
1091.778
1091.790
1091.802
1091.813
1091.825
1091.837
1091.849
1091.860
1091.872
1091.884
1091.896
1091.908
1091.919
1091.931
1091.943
1091.955
1091.966
1091.978
1091.990
1092.002
1092.013
1092.025
1092.037
1092.049
1092.060
1092.072
1092.084
1092.096
1092.108
1092.119
1092.131
1092.143
1092.155
1092.166
1092.178
1092.190
1092.202
1092.213
1092.225
1092.237
1092.249
1092.260
1092.272
1092.284
1092.296
1092.308
1092.319
1092.331
1092.343
1092.355
1092.366
1092.378
1092.390
1092.402
1092.413
1092.425
1092.437
1092.449
1092.460
1092.472
1092.484
1092.496
1092.507
1092.519
1092.531
1092.543
1092.554
1092.566
1092.578
1092.590
1092.601
1092.613
1092.625
1092.637
1092.648
1092.660
1092.672
1092.684
1092.695
1092.707
1092.719
1092.731
1092.742
1092.754
1092.766
1092.778
1092.789
1092.801
1092.813
1092.825
1092.836
1092.848
1092.860
1092.871
1092.883
1092.895
1092.907
1092.918
1092.930
1092.942
1092.954
1092.965
1092.977
1092.989
1093.001
1093.012
1093.024
1093.036
1093.048
1093.059
1093.071
1093.083
1093.094
1093.106
1093.118
1093.130
1093.141
1093.153
1093.165
1093.177
1093.188
1093.200
1093.212
1093.224
1093.235
1093.247
1093.259
1093.270
1093.282
1093.294
1093.306
1093.317
1093.329
1093.341
1093.353
1093.364
1093.376
1093.388
1093.399
1093.411
1093.423
1093.435
1093.446
1093.458
1093.470
1093.482
1093.493
1093.505
1093.517
1093.528
1093.540
1093.552
1093.564
1093.575
1093.587
1093.599
1093.610
1093.622
1093.634
1093.646
1093.657
1093.669
1093.681
1093.692
1093.704
1093.716
1093.728
1093.739
1093.751
1093.763
1093.774
1093.786
1093.798
1093.810
1093.821
1093.833
1093.845
1093.856
1093.868
1093.880
1093.892
1093.903
1093.915
1093.927
1093.938
1093.950
1093.962
1093.973
1093.985
1093.997
1094.009
1094.020
1094.032
1094.044
1094.055
1094.067
1094.079
1094.091
1094.102
1094.114
1094.126
1094.137
1094.149
1094.161
1094.172
1094.184
1094.196
1094.208
1094.219
1094.231
1094.243
1094.254
1094.266
1094.278
1094.289
1094.301
1094.313
1094.324
1094.336
1094.348
1094.360
1094.371
1094.383
1094.395
1094.406
1094.418
1094.430
1094.441
1094.453
1094.465
1094.476
1094.488
1094.500
1094.512
1094.523
1094.535
1094.547
1094.558
1094.570
1094.582
1094.593
1094.605
1094.617
1094.628
1094.640
1094.652
1094.663
1094.675
1094.687
1094.698
1094.710
1094.722
1094.734
1094.745
1094.757
1094.769
1094.780
1094.792
1094.804
1094.815
1094.827
1094.839
1094.850
1094.862
1094.874
1094.885
1094.897
1094.909
1094.920
1094.932
1094.944
1094.955
1094.967
1094.979
1094.990
1095.002
1095.014
1095.025
1095.037
1095.049
1095.060
1095.072
1095.084
1095.095
1095.107
1095.119
1095.130
1095.142
1095.154
1095.165
1095.177
1095.189
1095.200
1095.212
1095.224
1095.235
1095.247
1095.259
1095.270
1095.282
1095.294
1095.305
1095.317
1095.329
1095.340
1095.352
1095.364
1095.375
1095.387
1095.399
1095.410
1095.422
1095.434
1095.445
1095.457
1095.469
1095.480
1095.492
1095.504
1095.515
1095.527
1095.539
1095.550
1095.562
1095.574
1095.585
1095.597
1095.609
1095.620
1095.632
1095.644
1095.655
1095.667
1095.679
1095.690
1095.702
1095.713
1095.725
1095.737
1095.748
1095.760
1095.772
1095.783
1095.795
1095.807
1095.818
1095.830
1095.842
1095.853
1095.865
1095.877
1095.888
1095.900
1095.911
1095.923
1095.935
1095.946
1095.958
1095.970
1095.981
1095.993
1096.005
1096.016
1096.028
1096.040
1096.051
1096.063
1096.074
1096.086
1096.098
1096.109
1096.121
1096.133
1096.144
1096.156
1096.168
1096.179
1096.191
1096.202
1096.214
1096.226
1096.237
1096.249
1096.261
1096.272
1096.284
1096.296
1096.307
1096.319
1096.330
1096.342
1096.354
1096.365
1096.377
1096.389
1096.400
1096.412
1096.423
1096.435
1096.447
1096.458
1096.470
1096.482
1096.493
1096.505
1096.516
1096.528
1096.540
1096.551
1096.563
1096.575
1096.586
1096.598
1096.609
1096.621
1096.633
1096.644
1096.656
1096.668
1096.679
1096.691
1096.702
1096.714
1096.726
1096.737
1096.749
1096.760
1096.772
1096.784
1096.795
1096.807
1096.819
1096.830
1096.842
1096.853
1096.865
1096.877
1096.888
1096.900
1096.911
1096.923
1096.935
1096.946
1096.958
1096.970
1096.981
1096.993
1097.004
1097.016
1097.028
1097.039
1097.051
1097.062
1097.074
1097.086
1097.097
1097.109
1097.120
1097.132
1097.144
1097.155
1097.167
1097.178
1097.190
1097.202
1097.213
1097.225
1097.236
1097.248
1097.260
1097.271
1097.283
1097.294
1097.306
1097.318
1097.329
1097.341
1097.352
1097.364
1097.376
1097.387
1097.399
1097.410
1097.422
1097.434
1097.445
1097.457
1097.468
1097.480
1097.492
1097.503
1097.515
1097.526
1097.538
1097.550
1097.561
1097.573
1097.584
1097.596
1097.608
1097.619
1097.631
1097.642
1097.654
1097.665
1097.677
1097.689
1097.700
1097.712
1097.723
1097.735
1097.747
1097.758
1097.770
1097.781
1097.793
1097.805
1097.816
1097.828
1097.839
1097.851
1097.862
1097.874
1097.886
1097.897
1097.909
1097.920
1097.932
1097.943
1097.955
1097.967
1097.978
1097.990
1098.001
1098.013
1098.025
1098.036
1098.048
1098.059
1098.071
1098.082
1098.094
1098.106
1098.117
1098.129
1098.140
1098.152
1098.163
1098.175
1098.187
1098.198
1098.210
1098.221
1098.233
1098.244
1098.256
1098.268
1098.279
1098.291
1098.302
1098.314
1098.325
1098.337
1098.349
1098.360
1098.372
1098.383
1098.395
1098.406
1098.418
1098.429
1098.441
1098.453
1098.464
1098.476
1098.487
1098.499
1098.510
1098.522
1098.534
1098.545
1098.557
1098.568
1098.580
1098.591
1098.603
1098.614
1098.626
1098.638
1098.649
1098.661
1098.672
1098.684
1098.695
1098.707
1098.718
1098.730
1098.742
1098.753
1098.765
1098.776
1098.788
1098.799
1098.811
1098.822
1098.834
1098.846
1098.857
1098.869
1098.880
1098.892
1098.903
1098.915
1098.926
1098.938
1098.949
1098.961
1098.973
1098.984
1098.996
1099.007
1099.019
1099.030
1099.042
1099.053
1099.065
1099.076
1099.088
1099.100
1099.111
1099.123
1099.134
1099.146
1099.157
1099.169
1099.180
1099.192
1099.203
1099.215
1099.227
1099.238
1099.250
1099.261
1099.273
1099.284
1099.296
1099.307
1099.319
1099.330
1099.342
1099.353
1099.365
1099.376
1099.388
1099.400
1099.411
1099.423
1099.434
1099.446
1099.457
1099.469
1099.480
1099.492
1099.503
1099.515
1099.526
1099.538
1099.549
1099.561
1099.573
1099.584
1099.596
1099.607
1099.619
1099.630
1099.642
1099.653
1099.665
1099.676
1099.688
1099.699
1099.711
1099.722
1099.734
1099.745
1099.757
1099.768
1099.780
1099.791
1099.803
1099.815
1099.826
1099.838
1099.849
1099.861
1099.872
1099.884
1099.895
1099.907
1099.918
1099.930
1099.941
1099.953
1099.964
1099.976
1099.987
1099.999
1100.010
1100.022
1100.033
1100.045
1100.056
1100.068
1100.079
1100.091
1100.102
1100.114
1100.125
1100.137
1100.148
1100.160
1100.171
1100.183
1100.194
1100.206
1100.217
1100.229
1100.240
1100.252
1100.263
1100.275
1100.287
1100.298
1100.310
1100.321
1100.333
1100.344
1100.356
1100.367
1100.379
1100.390
1100.402
1100.413
1100.425
1100.436
1100.448
1100.459
1100.471
1100.482
1100.494
1100.505
1100.517
1100.528
1100.540
1100.551
1100.563
1100.574
1100.586
1100.597
1100.608
1100.620
1100.631
1100.643
1100.654
1100.666
1100.677
1100.689
1100.700
1100.712
1100.723
1100.735
1100.746
1100.758
1100.769
1100.781
1100.792
1100.804
1100.815
1100.827
1100.838
1100.850
1100.861
1100.873
1100.884
1100.896
1100.907
1100.919
1100.930
1100.942
1100.953
1100.965
1100.976
1100.988
1100.999
1101.011
1101.022
1101.034
1101.045
1101.056
1101.068
1101.079
1101.091
1101.102
1101.114
1101.125
1101.137
1101.148
1101.160
1101.171
1101.183
1101.194
1101.206
1101.217
1101.229
1101.240
1101.252
1101.263
1101.275
1101.286
1101.297
1101.309
1101.320
1101.332
1101.343
1101.355
1101.366
1101.378
1101.389
1101.401
1101.412
1101.424
1101.435
1101.447
1101.458
1101.470
1101.481
1101.492
1101.504
1101.515
1101.527
1101.538
1101.550
1101.561
1101.573
1101.584
1101.596
1101.607
1101.619
1101.630
1101.642
1101.653
1101.664
1101.676
1101.687
1101.699
1101.710
1101.722
1101.733
1101.745
1101.756
1101.768
1101.779
1101.790
1101.802
1101.813
1101.825
1101.836
1101.848
1101.859
1101.871
1101.882
1101.894
1101.905
1101.916
1101.928
1101.939
1101.951
1101.962
1101.974
1101.985
1101.997
1102.008
1102.020
1102.031
1102.042
1102.054
1102.065
1102.077
1102.088
1102.100
1102.111
1102.123
1102.134
1102.145
1102.157
1102.168
1102.180
1102.191
1102.203
1102.214
1102.226
1102.237
1102.248
1102.260
1102.271
1102.283
1102.294
1102.306
1102.317
1102.329
1102.340
1102.351
1102.363
1102.374
1102.386
1102.397
1102.409
1102.420
1102.431
1102.443
1102.454
1102.466
1102.477
1102.489
1102.500
1102.512
1102.523
1102.534
1102.546
1102.557
1102.569
1102.580
1102.592
1102.603
1102.614
1102.626
1102.637
1102.649
1102.660
1102.672
1102.683
1102.694
1102.706
1102.717
1102.729
1102.740
1102.752
1102.763
1102.774
1102.786
1102.797
1102.809
1102.820
1102.832
1102.843
1102.854
1102.866
1102.877
1102.889
1102.900
1102.912
1102.923
1102.934
1102.946
1102.957
1102.969
1102.980
1102.991
1103.003
1103.014
1103.026
1103.037
1103.049
1103.060
1103.071
1103.083
1103.094
1103.106
1103.117
1103.128
1103.140
1103.151
1103.163
1103.174
1103.186
1103.197
1103.208
1103.220
1103.231
1103.243
1103.254
1103.265
1103.277
1103.288
1103.300
1103.311
1103.322
1103.334
1103.345
1103.357
1103.368
1103.379
1103.391
1103.402
1103.414
1103.425
1103.436
1103.448
1103.459
1103.471
1103.482
1103.494
1103.505
1103.516
1103.528
1103.539
1103.551
1103.562
1103.573
1103.585
1103.596
1103.608
1103.619
1103.630
1103.642
1103.653
1103.665
1103.676
1103.687
1103.699
1103.710
1103.721
1103.733
1103.744
1103.756
1103.767
1103.778
1103.790
1103.801
1103.813
1103.824
1103.835
1103.847
1103.858
1103.870
1103.881
1103.892
1103.904
1103.915
1103.927
1103.938
1103.949
1103.961
1103.972
1103.983
1103.995
1104.006
1104.018
1104.029
1104.040
1104.052
1104.063
1104.075
1104.086
1104.097
1104.109
1104.120
1104.131
1104.143
1104.154
1104.166
1104.177
1104.188
1104.200
1104.211
1104.223
1104.234
1104.245
1104.257
1104.268
1104.279
1104.291
1104.302
1104.314
1104.325
1104.336
1104.348
1104.359
1104.370
1104.382
1104.393
1104.405
1104.416
1104.427
1104.439
1104.450
1104.461
1104.473
1104.484
1104.496
1104.507
1104.518
1104.530
1104.541
1104.552
1104.564
1104.575
1104.586
1104.598
1104.609
1104.621
1104.632
1104.643
1104.655
1104.666
1104.677
1104.689
1104.700
1104.712
1104.723
1104.734
1104.746
1104.757
1104.768
1104.780
1104.791
1104.802
1104.814
1104.825
1104.837
1104.848
1104.859
1104.871
1104.882
1104.893
1104.905
1104.916
1104.927
1104.939
1104.950
1104.961
1104.973
1104.984
1104.996
1105.007
1105.018
1105.030
1105.041
1105.052
1105.064
1105.075
1105.086
1105.098
1105.109
1105.120
1105.132
1105.143
1105.154
1105.166
1105.177
1105.188
1105.200
1105.211
1105.223
1105.234
1105.245
1105.257
1105.268
1105.279
1105.291
1105.302
1105.313
1105.325
1105.336
1105.347
1105.359
1105.370
1105.381
1105.393
1105.404
1105.415
1105.427
1105.438
1105.449
1105.461
1105.472
1105.483
1105.495
1105.506
1105.517
1105.529
1105.540
1105.551
1105.563
1105.574
1105.585
1105.597
1105.608
1105.619
1105.631
1105.642
1105.653
1105.665
1105.676
1105.687
1105.699
1105.710
1105.721
1105.733
1105.744
1105.755
1105.767
1105.778
1105.789
1105.801
1105.812
1105.823
1105.835
1105.846
1105.857
1105.869
1105.880
1105.891
1105.903
1105.914
1105.925
1105.937
1105.948
1105.959
1105.971
1105.982
1105.993
1106.005
1106.016
1106.027
1106.039
1106.050
1106.061
1106.073
1106.084
1106.095
1106.107
1106.118
1106.129
1106.141
1106.152
1106.163
1106.174
1106.186
1106.197
1106.208
1106.220
1106.231
1106.242
1106.254
1106.265
1106.276
1106.288
1106.299
1106.310
1106.322
1106.333
1106.344
1106.355
1106.367
1106.378
1106.389
1106.401
1106.412
1106.423
1106.435
1106.446
1106.457
1106.469
1106.480
1106.491
1106.503
1106.514
1106.525
1106.536
1106.548
1106.559
1106.570
1106.582
1106.593
1106.604
1106.616
1106.627
1106.638
1106.649
1106.661
1106.672
1106.683
1106.695
1106.706
1106.717
1106.729
1106.740
1106.751
1106.762
1106.774
1106.785
1106.796
1106.808
1106.819
1106.830
1106.842
1106.853
1106.864
1106.875
1106.887
1106.898
1106.909
1106.921
1106.932
1106.943
1106.955
1106.966
1106.977
1106.988
1107.000
1107.011
1107.022
1107.034
1107.045
1107.056
1107.067
1107.079
1107.090
1107.101
1107.113
1107.124
1107.135
1107.146
1107.158
1107.169
1107.180
1107.192
1107.203
1107.214
1107.225
1107.237
1107.248
1107.259
1107.271
1107.282
1107.293
1107.304
1107.316
1107.327
1107.338
1107.350
1107.361
1107.372
1107.383
1107.395
1107.406
1107.417
1107.428
1107.440
1107.451
1107.462
1107.474
1107.485
1107.496
1107.507
1107.519
1107.530
1107.541
1107.553
1107.564
1107.575
1107.586
1107.598
1107.609
1107.620
1107.631
1107.643
1107.654
1107.665
1107.676
1107.688
1107.699
1107.710
1107.722
1107.733
1107.744
1107.755
1107.767
1107.778
1107.789
1107.800
1107.812
1107.823
1107.834
1107.845
1107.857
1107.868
1107.879
1107.891
1107.902
1107.913
1107.924
1107.936
1107.947
1107.958
1107.969
1107.981
1107.992
1108.003
1108.014
1108.026
1108.037
1108.048
1108.059
1108.071
1108.082
1108.093
1108.104
1108.116
1108.127
1108.138
1108.149
1108.161
1108.172
1108.183
1108.195
1108.206
1108.217
1108.228
1108.240
1108.251
1108.262
1108.273
1108.285
1108.296
1108.307
1108.318
1108.330
1108.341
1108.352
1108.363
1108.375
1108.386
1108.397
1108.408
1108.419
1108.431
1108.442
1108.453
1108.464
1108.476
1108.487
1108.498
1108.509
1108.521
1108.532
1108.543
1108.554
1108.566
1108.577
1108.588
1108.599
1108.611
1108.622
1108.633
1108.644
1108.656
1108.667
1108.678
1108.689
1108.701
1108.712
1108.723
1108.734
1108.745
1108.757
1108.768
1108.779
1108.790
1108.802
1108.813
1108.824
1108.835
1108.847
1108.858
1108.869
1108.880
1108.892
1108.903
1108.914
1108.925
1108.936
1108.948
1108.959
1108.970
1108.981
1108.993
1109.004
1109.015
1109.026
1109.037
1109.049
1109.060
1109.071
1109.082
1109.094
1109.105
1109.116
1109.127
1109.139
1109.150
1109.161
1109.172
1109.183
1109.195
1109.206
1109.217
1109.228
1109.239
1109.251
1109.262
1109.273
1109.284
1109.296
1109.307
1109.318
1109.329
1109.340
1109.352
1109.363
1109.374
1109.385
1109.397
1109.408
1109.419
1109.430
1109.441
1109.453
1109.464
1109.475
1109.486
1109.497
1109.509
1109.520
1109.531
1109.542
1109.554
1109.565
1109.576
1109.587
1109.598
1109.610
1109.621
1109.632
1109.643
1109.654
1109.666
1109.677
1109.688
1109.699
1109.710
1109.722
1109.733
1109.744
1109.755
1109.766
1109.778
1109.789
1109.800
1109.811
1109.822
1109.834
1109.845
1109.856
1109.867
1109.878
1109.890
1109.901
1109.912
1109.923
1109.934
1109.946
1109.957
1109.968
1109.979
1109.990
1110.002
1110.013
1110.024
1110.035
1110.046
1110.058
1110.069
1110.080
1110.091
1110.102
1110.114
1110.125
1110.136
1110.147
1110.158
1110.170
1110.181
1110.192
1110.203
1110.214
1110.225
1110.237
1110.248
1110.259
1110.270
1110.281
1110.293
1110.304
1110.315
1110.326
1110.337
1110.349
1110.360
1110.371
1110.382
1110.393
1110.404
1110.416
1110.427
1110.438
1110.449
1110.460
1110.472
1110.483
1110.494
1110.505
1110.516
1110.527
1110.539
1110.550
1110.561
1110.572
1110.583
1110.594
1110.606
1110.617
1110.628
1110.639
1110.650
1110.662
1110.673
1110.684
1110.695
1110.706
1110.717
1110.729
1110.740
1110.751
1110.762
1110.773
1110.784
1110.796
1110.807
1110.818
1110.829
1110.840
1110.851
1110.863
1110.874
1110.885
1110.896
1110.907
1110.918
1110.930
1110.941
1110.952
1110.963
1110.974
1110.985
1110.997
1111.008
1111.019
1111.030
1111.041
1111.052
1111.064
1111.075
1111.086
1111.097
1111.108
1111.119
1111.131
1111.142
1111.153
1111.164
1111.175
1111.186
1111.198
1111.209
1111.220
1111.231
1111.242
1111.253
1111.264
1111.276
1111.287
1111.298
1111.309
1111.320
1111.331
1111.343
1111.354
1111.365
1111.376
1111.387
1111.398
1111.409
1111.421
1111.432
1111.443
1111.454
1111.465
1111.476
1111.487
1111.499
1111.510
1111.521
1111.532
1111.543
1111.554
1111.566
1111.577
1111.588
1111.599
1111.610
1111.621
1111.632
1111.644
1111.655
1111.666
1111.677
1111.688
1111.699
1111.710
1111.722
1111.733
1111.744
1111.755
1111.766
1111.777
1111.788
1111.800
1111.811
1111.822
1111.833
1111.844
1111.855
1111.866
1111.877
1111.889
1111.900
1111.911
1111.922
1111.933
1111.944
1111.955
1111.967
1111.978
1111.989
1112.000
1112.011
1112.022
1112.033
1112.044
1112.056
1112.067
1112.078
1112.089
1112.100
1112.111
1112.122
1112.133
1112.145
1112.156
1112.167
1112.178
1112.189
1112.200
1112.211
1112.223
1112.234
1112.245
1112.256
1112.267
1112.278
1112.289
1112.300
1112.311
1112.323
1112.334
1112.345
1112.356
1112.367
1112.378
1112.389
1112.400
1112.412
1112.423
1112.434
1112.445
1112.456
1112.467
1112.478
1112.489
1112.501
1112.512
1112.523
1112.534
1112.545
1112.556
1112.567
1112.578
1112.589
1112.601
1112.612
1112.623
1112.634
1112.645
1112.656
1112.667
1112.678
1112.689
1112.701
1112.712
1112.723
1112.734
1112.745
1112.756
1112.767
1112.778
1112.789
1112.801
1112.812
1112.823
1112.834
1112.845
1112.856
1112.867
1112.878
1112.889
1112.900
1112.912
1112.923
1112.934
1112.945
1112.956
1112.967
1112.978
1112.989
