1135.000
1135.012
1135.025
1135.037
1135.049
1135.061
1135.074
1135.086
1135.098
1135.111
1135.123
1135.135
1135.148
1135.160
1135.172
1135.184
1135.197
1135.209
1135.221
1135.234
1135.246
1135.258
1135.271
1135.283
1135.295
1135.307
1135.320
1135.332
1135.344
1135.357
1135.369
1135.381
1135.393
1135.406
1135.418
1135.430
1135.443
1135.455
1135.467
1135.479
1135.492
1135.504
1135.516
1135.529
1135.541
1135.553
1135.565
1135.578
1135.590
1135.602
1135.614
1135.627
1135.639
1135.651
1135.664
1135.676
1135.688
1135.700
1135.713
1135.725
1135.737
1135.750
1135.762
1135.774
1135.786
1135.799
1135.811
1135.823
1135.835
1135.848
1135.860
1135.872
1135.885
1135.897
1135.909
1135.921
1135.934
1135.946
1135.958
1135.970
1135.983
1135.995
1136.007
1136.020
1136.032
1136.044
1136.056
1136.069
1136.081
1136.093
1136.105
1136.118
1136.130
1136.142
1136.154
1136.167
1136.179
1136.191
1136.203
1136.216
1136.228
1136.240
1136.252
1136.265
1136.277
1136.289
1136.302
1136.314
1136.326
1136.338
1136.351
1136.363
1136.375
1136.387
1136.400
1136.412
1136.424
1136.436
1136.449
1136.461
1136.473
1136.485
1136.498
1136.510
1136.522
1136.534
1136.547
1136.559
1136.571
1136.583
1136.596
1136.608
1136.620
1136.632
1136.645
1136.657
1136.669
1136.681
1136.694
1136.706
1136.718
1136.730
1136.743
1136.755
1136.767
1136.779
1136.791
1136.804
1136.816
1136.828
1136.840
1136.853
1136.865
1136.877
1136.889
1136.902
1136.914
1136.926
1136.938
1136.951
1136.963
1136.975
1136.987
1136.999
1137.012
1137.024
1137.036
1137.048
1137.061
1137.073
1137.085
1137.097
1137.110
1137.122
1137.134
1137.146
1137.158
1137.171
1137.183
1137.195
1137.207
1137.220
1137.232
1137.244
1137.256
1137.269
1137.281
1137.293
1137.305
1137.317
1137.330
1137.342
1137.354
1137.366
1137.379
1137.391
1137.403
1137.415
1137.427
1137.440
1137.452
1137.464
1137.476
1137.489
1137.501
1137.513
1137.525
1137.537
1137.550
1137.562
1137.574
1137.586
1137.598
1137.611
1137.623
1137.635
1137.647
1137.660
1137.672
1137.684
1137.696
1137.708
1137.721
1137.733
1137.745
1137.757
1137.769
1137.782
1137.794
1137.806
1137.818
1137.830
1137.843
1137.855
1137.867
1137.879
1137.891
1137.904
1137.916
1137.928
1137.940
1137.952
1137.965
1137.977
1137.989
1138.001
1138.013
1138.026
1138.038
1138.050
1138.062
1138.074
1138.087
1138.099
1138.111
1138.123
1138.135
1138.148
1138.160
1138.172
1138.184
1138.196
1138.209
1138.221
1138.233
1138.245
1138.257
1138.270
1138.282
1138.294
1138.306
1138.318
1138.331
1138.343
1138.355
1138.367
1138.379
1138.391
1138.404
1138.416
1138.428
1138.440
1138.452
1138.465
1138.477
1138.489
1138.501
1138.513
1138.526
1138.538
1138.550
1138.562
1138.574
1138.586
1138.599
1138.611
1138.623
1138.635
1138.647
1138.659
1138.672
1138.684
1138.696
1138.708
1138.720
1138.733
1138.745
1138.757
1138.769
1138.781
1138.793
1138.806
1138.818
1138.830
1138.842
1138.854
1138.866
1138.879
1138.891
1138.903
1138.915
1138.927
1138.939
1138.952
1138.964
1138.976
1138.988
1139.000
1139.012
1139.025
1139.037
1139.049
1139.061
1139.073
1139.085
1139.098
1139.110
1139.122
1139.134
1139.146
1139.158
1139.171
1139.183
1139.195
1139.207
1139.219
1139.231
1139.244
1139.256
1139.268
1139.280
1139.292
1139.304
1139.317
1139.329
1139.341
1139.353
1139.365
1139.377
1139.389
1139.402
1139.414
1139.426
1139.438
1139.450
1139.462
1139.475
1139.487
1139.499
1139.511
1139.523
1139.535
1139.547
1139.560
1139.572
1139.584
1139.596
1139.608
1139.620
1139.632
1139.645
1139.657
1139.669
1139.681
1139.693
1139.705
1139.717
1139.730
1139.742
1139.754
1139.766
1139.778
1139.790
1139.802
1139.815
1139.827
1139.839
1139.851
1139.863
1139.875
1139.887
1139.900
1139.912
1139.924
1139.936
1139.948
1139.960
1139.972
1139.985
1139.997
1140.009
1140.021
1140.033
1140.045
1140.057
1140.069
1140.082
1140.094
1140.106
1140.118
1140.130
1140.142
1140.154
1140.166
1140.179
1140.191
1140.203
1140.215
1140.227
1140.239
1140.251
1140.263
1140.276
1140.288
1140.300
1140.312
1140.324
1140.336
1140.348
1140.360
1140.373
1140.385
1140.397
1140.409
1140.421
1140.433
1140.445
1140.457
1140.470
1140.482
1140.494
1140.506
1140.518
1140.530
1140.542
1140.554
1140.566
1140.579
1140.591
1140.603
1140.615
1140.627
1140.639
1140.651
1140.663
1140.675
1140.688
1140.700
1140.712
1140.724
1140.736
1140.748
1140.760
1140.772
1140.784
1140.797
1140.809
1140.821
1140.833
1140.845
1140.857
1140.869
1140.881
1140.893
1140.906
1140.918
1140.930
1140.942
1140.954
1140.966
1140.978
1140.990
1141.002
1141.014
1141.027
1141.039
1141.051
1141.063
1141.075
1141.087
1141.099
1141.111
1141.123
1141.135
1141.148
1141.160
1141.172
1141.184
1141.196
1141.208
1141.220
1141.232
1141.244
1141.256
1141.268
1141.281
1141.293
1141.305
1141.317
1141.329
1141.341
1141.353
1141.365
1141.377
1141.389
1141.401
1141.414
1141.426
1141.438
1141.450
1141.462
1141.474
1141.486
1141.498
1141.510
1141.522
1141.534
1141.546
1141.559
1141.571
1141.583
1141.595
1141.607
1141.619
1141.631
1141.643
1141.655
1141.667
1141.679
1141.691
1141.703
1141.716
1141.728
1141.740
1141.752
1141.764
1141.776
1141.788
1141.800
1141.812
1141.824
1141.836
1141.848
1141.860
1141.873
1141.885
1141.897
1141.909
1141.921
1141.933
1141.945
1141.957
1141.969
1141.981
1141.993
1142.005
1142.017
1142.029
1142.041
1142.054
1142.066
1142.078
1142.090
1142.102
1142.114
1142.126
1142.138
1142.150
1142.162
1142.174
1142.186
1142.198
1142.210
1142.222
1142.234
1142.247
1142.259
1142.271
1142.283
1142.295
1142.307
1142.319
1142.331
1142.343
1142.355
1142.367
1142.379
1142.391
1142.403
1142.415
1142.427
1142.439
1142.451
1142.464
1142.476
1142.488
1142.500
1142.512
1142.524
1142.536
1142.548
1142.560
1142.572
1142.584
1142.596
1142.608
1142.620
1142.632
1142.644
1142.656
1142.668
1142.680
1142.692
1142.704
1142.717
1142.729
1142.741
1142.753
1142.765
1142.777
1142.789
1142.801
1142.813
1142.825
1142.837
1142.849
1142.861
1142.873
1142.885
1142.897
1142.909
1142.921
1142.933
1142.945
1142.957
1142.969
1142.981
1142.993
1143.005
1143.017
1143.029
1143.042
1143.054
1143.066
1143.078
1143.090
1143.102
1143.114
1143.126
1143.138
1143.150
1143.162
1143.174
1143.186
1143.198
1143.210
1143.222
1143.234
1143.246
1143.258
1143.270
1143.282
1143.294
1143.306
1143.318
1143.330
1143.342
1143.354
1143.366
1143.378
1143.390
1143.402
1143.414
1143.426
1143.438
1143.450
1143.462
1143.474
1143.486
1143.498
1143.510
1143.522
1143.534
1143.547
1143.559
1143.571
1143.583
1143.595
1143.607
1143.619
1143.631
1143.643
1143.655
1143.667
1143.679
1143.691
1143.703
1143.715
1143.727
1143.739
1143.751
1143.763
1143.775
1143.787
1143.799
1143.811
1143.823
1143.835
1143.847
1143.859
1143.871
1143.883
1143.895
1143.907
1143.919
1143.931
1143.943
1143.955
1143.967
1143.979
1143.991
1144.003
1144.015
1144.027
1144.039
1144.051
1144.063
1144.075
1144.087
1144.099
1144.111
1144.123
1144.135
1144.147
1144.159
1144.171
1144.183
1144.195
1144.207
1144.219
1144.231
1144.243
1144.255
1144.267
1144.279
1144.291
1144.303
1144.315
1144.327
1144.339
1144.351
1144.363
1144.375
1144.387
1144.399
1144.411
1144.423
1144.435
1144.447
1144.459
1144.471
1144.482
1144.494
1144.506
1144.518
1144.530
1144.542
1144.554
1144.566
1144.578
1144.590
1144.602
1144.614
1144.626
1144.638
1144.650
1144.662
1144.674
1144.686
1144.698
1144.710
1144.722
1144.734
1144.746
1144.758
1144.770
1144.782
1144.794
1144.806
1144.818
1144.830
1144.842
1144.854
1144.866
1144.878
1144.890
1144.902
1144.914
1144.926
1144.938
1144.950
1144.962
1144.974
1144.985
1144.997
1145.009
1145.021
1145.033
1145.045
1145.057
1145.069
1145.081
1145.093
1145.105
1145.117
1145.129
1145.141
1145.153
1145.165
1145.177
1145.189
1145.201
1145.213
1145.225
1145.237
1145.249
1145.261
1145.273
1145.285
1145.296
1145.308
1145.320
1145.332
1145.344
1145.356
1145.368
1145.380
1145.392
1145.404
1145.416
1145.428
1145.440
1145.452
1145.464
1145.476
1145.488
1145.500
1145.512
1145.524
1145.536
1145.547
1145.559
1145.571
1145.583
1145.595
1145.607
1145.619
1145.631
1145.643
1145.655
1145.667
1145.679
1145.691
1145.703
1145.715
1145.727
1145.739
1145.751
1145.763
1145.774
1145.786
1145.798
1145.810
1145.822
1145.834
1145.846
1145.858
1145.870
1145.882
1145.894
1145.906
1145.918
1145.930
1145.942
1145.954
1145.965
1145.977
1145.989
1146.001
1146.013
1146.025
1146.037
1146.049
1146.061
1146.073
1146.085
1146.097
1146.109
1146.121
1146.133
1146.144
1146.156
1146.168
1146.180
1146.192
1146.204
1146.216
1146.228
1146.240
1146.252
1146.264
1146.276
1146.288
1146.299
1146.311
1146.323
1146.335
1146.347
1146.359
1146.371
1146.383
1146.395
1146.407
1146.419
1146.431
1146.443
1146.454
1146.466
1146.478
1146.490
1146.502
1146.514
1146.526
1146.538
1146.550
1146.562
1146.574
1146.586
1146.597
1146.609
1146.621
1146.633
1146.645
1146.657
1146.669
1146.681
1146.693
1146.705
1146.717
1146.728
1146.740
1146.752
1146.764
1146.776
1146.788
1146.800
1146.812
1146.824
1146.836
1146.848
1146.859
1146.871
1146.883
1146.895
1146.907
1146.919
1146.931
1146.943
1146.955
1146.967
1146.978
1146.990
1147.002
1147.014
1147.026
1147.038
1147.050
1147.062
1147.074
1147.086
1147.097
1147.109
1147.121
1147.133
1147.145
1147.157
1147.169
1147.181
1147.193
1147.205
1147.216
1147.228
1147.240
1147.252
1147.264
1147.276
1147.288
1147.300
1147.312
1147.323
1147.335
1147.347
1147.359
1147.371
1147.383
1147.395
1147.407
1147.419
1147.430
1147.442
1147.454
1147.466
1147.478
1147.490
1147.502
1147.514
1147.525
1147.537
1147.549
1147.561
1147.573
1147.585
1147.597
1147.609
1147.621
1147.632
1147.644
1147.656
1147.668
1147.680
1147.692
1147.704
1147.716
1147.727
1147.739
1147.751
1147.763
1147.775
1147.787
1147.799
1147.811
1147.822
1147.834
1147.846
1147.858
1147.870
1147.882
1147.894
1147.906
1147.917
1147.929
1147.941
1147.953
1147.965
1147.977
1147.989
1148.000
1148.012
1148.024
1148.036
1148.048
1148.060
1148.072
1148.084
1148.095
1148.107
1148.119
1148.131
1148.143
1148.155
1148.167
1148.178
1148.190
1148.202
1148.214
1148.226
1148.238
1148.250
1148.261
1148.273
1148.285
1148.297
1148.309
1148.321
1148.333
1148.344
1148.356
1148.368
1148.380
1148.392
1148.404
1148.416
1148.427
1148.439
1148.451
1148.463
1148.475
1148.487
1148.499
1148.510
1148.522
1148.534
1148.546
1148.558
1148.570
1148.581
1148.593
1148.605
1148.617
1148.629
1148.641
1148.653
1148.664
1148.676
1148.688
1148.700
1148.712
1148.724
1148.735
1148.747
1148.759
1148.771
1148.783
1148.795
1148.807
1148.818
1148.830
1148.842
1148.854
1148.866
1148.878
1148.889
1148.901
1148.913
1148.925
1148.937
1148.949
1148.960
1148.972
1148.984
1148.996
1149.008
1149.020
1149.031
1149.043
1149.055
1149.067
1149.079
1149.091
1149.102
1149.114
1149.126
1149.138
1149.150
1149.162
1149.173
1149.185
1149.197
1149.209
1149.221
1149.232
1149.244
1149.256
1149.268
1149.280
1149.292
1149.303
1149.315
1149.327
1149.339
1149.351
1149.363
1149.374
1149.386
1149.398
1149.410
1149.422
1149.433
1149.445
1149.457
1149.469
1149.481
1149.493
1149.504
1149.516
1149.528
1149.540
1149.552
1149.563
1149.575
1149.587
1149.599
1149.611
1149.623
1149.634
1149.646
1149.658
1149.670
1149.682
1149.693
1149.705
1149.717
1149.729
1149.741
1149.752
1149.764
1149.776
1149.788
1149.800
1149.811
1149.823
1149.835
1149.847
1149.859
1149.871
1149.882
1149.894
1149.906
1149.918
1149.930
1149.941
1149.953
1149.965
1149.977
1149.989
1150.000
1150.012
1150.024
1150.036
1150.048
1150.059
1150.071
1150.083
1150.095
1150.107
1150.118
1150.130
1150.142
1150.154
1150.166
1150.177
1150.189
1150.201
1150.213
1150.224
1150.236
1150.248
1150.260
1150.272
1150.283
1150.295
1150.307
1150.319
1150.331
1150.342
1150.354
1150.366
1150.378
1150.390
1150.401
1150.413
1150.425
1150.437
1150.448
1150.460
1150.472
1150.484
1150.496
1150.507
1150.519
1150.531
1150.543
1150.555
1150.566
1150.578
1150.590
1150.602
1150.613
1150.625
1150.637
1150.649
1150.661
1150.672
1150.684
1150.696
1150.708
1150.719
1150.731
1150.743
1150.755
1150.767
1150.778
1150.790
1150.802
1150.814
1150.825
1150.837
1150.849
1150.861
1150.872
1150.884
1150.896
1150.908
1150.920
1150.931
1150.943
1150.955
1150.967
1150.978
1150.990
1151.002
1151.014
1151.025
1151.037
1151.049
1151.061
1151.073
1151.084
1151.096
1151.108
1151.120
1151.131
1151.143
1151.155
1151.167
1151.178
1151.190
1151.202
1151.214
1151.225
1151.237
1151.249
1151.261
1151.272
1151.284
1151.296
1151.308
1151.319
1151.331
1151.343
1151.355
1151.367
1151.378
1151.390
1151.402
1151.414
1151.425
1151.437
1151.449
1151.461
1151.472
1151.484
1151.496
1151.508
1151.519
1151.531
1151.543
1151.555
1151.566
1151.578
1151.590
1151.602
1151.613
1151.625
1151.637
1151.649
1151.660
1151.672
1151.684
1151.695
1151.707
1151.719
1151.731
1151.742
1151.754
1151.766
1151.778
1151.789
1151.801
1151.813
1151.825
1151.836
1151.848
1151.860
1151.872
1151.883
1151.895
1151.907
1151.919
1151.930
1151.942
1151.954
1151.965
1151.977
1151.989
1152.001
1152.012
1152.024
1152.036
1152.048
1152.059
1152.071
1152.083
1152.095
1152.106
1152.118
1152.130
1152.141
1152.153
1152.165
1152.177
1152.188
1152.200
1152.212
1152.224
1152.235
1152.247
1152.259
1152.270
1152.282
1152.294
1152.306
1152.317
1152.329
1152.341
1152.353
1152.364
1152.376
1152.388
1152.399
1152.411
1152.423
1152.435
1152.446
1152.458
1152.470
1152.481
1152.493
1152.505
1152.517
1152.528
1152.540
1152.552
1152.563
1152.575
1152.587
1152.599
1152.610
1152.622
1152.634
1152.645
1152.657
1152.669
1152.681
1152.692
1152.704
1152.716
1152.727
1152.739
1152.751
1152.763
1152.774
1152.786
1152.798
1152.809
1152.821
1152.833
1152.844
1152.856
1152.868
1152.880
1152.891
1152.903
1152.915
1152.926
1152.938
1152.950
1152.962
1152.973
1152.985
1152.997
1153.008
1153.020
1153.032
1153.043
1153.055
1153.067
1153.079
1153.090
1153.102
1153.114
1153.125
1153.137
1153.149
1153.160
1153.172
1153.184
1153.195
1153.207
1153.219
1153.231
1153.242
1153.254
1153.266
1153.277
1153.289
1153.301
1153.312
1153.324
1153.336
1153.347
1153.359
1153.371
1153.383
1153.394
1153.406
1153.418
1153.429
1153.441
1153.453
1153.464
1153.476
1153.488
1153.499
1153.511
1153.523
1153.534
1153.546
1153.558
1153.569
1153.581
1153.593
1153.605
1153.616
1153.628
1153.640
1153.651
1153.663
1153.675
1153.686
1153.698
1153.710
1153.721
1153.733
1153.745
1153.756
1153.768
1153.780
1153.791
1153.803
1153.815
1153.826
1153.838
1153.850
1153.861
1153.873
1153.885
1153.896
1153.908
1153.920
1153.931
1153.943
1153.955
1153.966
1153.978
1153.990
1154.001
1154.013
1154.025
1154.036
1154.048
1154.060
1154.071
1154.083
1154.095
1154.106
1154.118
1154.130
1154.141
1154.153
1154.165
1154.176
1154.188
1154.200
1154.211
1154.223
1154.235
1154.246
1154.258
1154.270
1154.281
1154.293
1154.305
1154.316
1154.328
1154.340
1154.351
1154.363
1154.375
1154.386
1154.398
1154.410
1154.421
1154.433
1154.444
1154.456
1154.468
1154.479
1154.491
1154.503
1154.514
1154.526
1154.538
1154.549
1154.561
1154.573
1154.584
1154.596
1154.608
1154.619
1154.631
1154.643
1154.654
1154.666
1154.677
1154.689
1154.701
1154.712
1154.724
1154.736
1154.747
1154.759
1154.771
1154.782
1154.794
1154.806
1154.817
1154.829
1154.840
1154.852
1154.864
1154.875
1154.887
1154.899
1154.910
1154.922
1154.934
1154.945
1154.957
1154.968
1154.980
1154.992
1155.003
1155.015
1155.027
1155.038
1155.050
1155.061
1155.073
1155.085
1155.096
1155.108
1155.120
1155.131
1155.143
1155.155
1155.166
1155.178
1155.189
1155.201
1155.213
1155.224
1155.236
1155.248
1155.259
1155.271
1155.282
1155.294
1155.306
1155.317
1155.329
1155.341
1155.352
1155.364
1155.375
1155.387
1155.399
1155.410
1155.422
1155.434
1155.445
1155.457
1155.468
1155.480
1155.492
1155.503
1155.515
1155.526
1155.538
1155.550
1155.561
1155.573
1155.585
1155.596
1155.608
1155.619
1155.631
1155.643
1155.654
1155.666
1155.677
1155.689
1155.701
1155.712
1155.724
1155.735
1155.747
1155.759
1155.770
1155.782
1155.794
1155.805
1155.817
1155.828
1155.840
1155.852
1155.863
1155.875
1155.886
1155.898
1155.910
1155.921
1155.933
1155.944
1155.956
1155.968
1155.979
1155.991
1156.002
1156.014
1156.026
1156.037
1156.049
1156.060
1156.072
1156.084
1156.095
1156.107
1156.118
1156.130
1156.142
1156.153
1156.165
1156.176
1156.188
1156.200
1156.211
1156.223
1156.234
1156.246
1156.257
1156.269
1156.281
1156.292
1156.304
1156.315
1156.327
1156.339
1156.350
1156.362
1156.373
1156.385
1156.397
1156.408
1156.420
1156.431
1156.443
1156.454
1156.466
1156.478
1156.489
1156.501
1156.512
1156.524
1156.536
1156.547
1156.559
1156.570
1156.582
1156.593
1156.605
1156.617
1156.628
1156.640
1156.651
1156.663
1156.675
1156.686
1156.698
1156.709
1156.721
1156.732
1156.744
1156.756
1156.767
1156.779
1156.790
1156.802
1156.813
1156.825
1156.837
1156.848
1156.860
1156.871
1156.883
1156.894
1156.906
1156.918
1156.929
1156.941
1156.952
1156.964
1156.975
1156.987
1156.999
1157.010
1157.022
1157.033
1157.045
1157.056
1157.068
1157.080
1157.091
1157.103
1157.114
1157.126
1157.137
1157.149
1157.160
1157.172
1157.184
1157.195
1157.207
1157.218
1157.230
1157.241
1157.253
1157.264
1157.276
1157.288
1157.299
1157.311
1157.322
1157.334
1157.345
1157.357
1157.368
1157.380
1157.392
1157.403
1157.415
1157.426
1157.438
1157.449
1157.461
1157.472
1157.484
1157.496
1157.507
1157.519
1157.530
1157.542
1157.553
1157.565
1157.576
1157.588
1157.600
1157.611
1157.623
1157.634
1157.646
1157.657
1157.669
1157.680
1157.692
1157.703
1157.715
1157.727
1157.738
1157.750
1157.761
1157.773
1157.784
1157.796
1157.807
1157.819
1157.830
1157.842
1157.853
1157.865
1157.877
1157.888
1157.900
1157.911
1157.923
1157.934
1157.946
1157.957
1157.969
1157.980
1157.992
1158.003
1158.015
1158.026
1158.038
1158.050
1158.061
1158.073
1158.084
1158.096
1158.107
1158.119
1158.130
1158.142
1158.153
1158.165
1158.176
1158.188
1158.199
1158.211
1158.222
1158.234
1158.246
1158.257
1158.269
1158.280
1158.292
1158.303
1158.315
1158.326
1158.338
1158.349
1158.361
1158.372
1158.384
1158.395
1158.407
1158.418
1158.430
1158.441
1158.453
1158.464
1158.476
1158.487
1158.499
1158.511
1158.522
1158.534
1158.545
1158.557
1158.568
1158.580
1158.591
1158.603
1158.614
1158.626
1158.637
1158.649
1158.660
1158.672
1158.683
1158.695
1158.706
1158.718
1158.729
1158.741
1158.752
1158.764
1158.775
1158.787
1158.798
1158.810
1158.821
1158.833
1158.844
1158.856
1158.867
1158.879
1158.890
1158.902
1158.913
1158.925
1158.936
1158.948
1158.959
1158.971
1158.982
1158.994
