1209.000
1209.013
1209.026
1209.039
1209.052
1209.065
1209.079
1209.092
1209.105
1209.118
1209.131
1209.144
1209.157
1209.170
1209.183
1209.196
1209.210
1209.223
1209.236
1209.249
1209.262
1209.275
1209.288
1209.301
1209.314
1209.327
1209.340
1209.354
1209.367
1209.380
1209.393
1209.406
1209.419
1209.432
1209.445
1209.458
1209.471
1209.484
1209.497
1209.511
1209.524
1209.537
1209.550
1209.563
1209.576
1209.589
1209.602
1209.615
1209.628
1209.641
1209.654
1209.668
1209.681
1209.694
1209.707
1209.720
1209.733
1209.746
1209.759
1209.772
1209.785
1209.798
1209.811
1209.824
1209.837
1209.851
1209.864
1209.877
1209.890
1209.903
1209.916
1209.929
1209.942
1209.955
1209.968
1209.981
1209.994
1210.007
1210.020
1210.034
1210.047
1210.060
1210.073
1210.086
1210.099
1210.112
1210.125
1210.138
1210.151
1210.164
1210.177
1210.190
1210.203
1210.216
1210.229
1210.242
1210.256
1210.269
1210.282
1210.295
1210.308
1210.321
1210.334
1210.347
1210.360
1210.373
1210.386
1210.399
1210.412
1210.425
1210.438
1210.451
1210.464
1210.477
1210.490
1210.504
1210.517
1210.530
1210.543
1210.556
1210.569
1210.582
1210.595
1210.608
1210.621
1210.634
1210.647
1210.660
1210.673
1210.686
1210.699
1210.712
1210.725
1210.738
1210.751
1210.764
1210.777
1210.790
1210.804
1210.817
1210.830
1210.843
1210.856
1210.869
1210.882
1210.895
1210.908
1210.921
1210.934
1210.947
1210.960
1210.973
1210.986
1210.999
1211.012
1211.025
1211.038
1211.051
1211.064
1211.077
1211.090
1211.103
1211.116
1211.129
1211.142
1211.155
1211.168
1211.181
1211.194
1211.207
1211.220
1211.234
1211.247
1211.260
1211.273
1211.286
1211.299
1211.312
1211.325
1211.338
1211.351
1211.364
1211.377
1211.390
1211.403
1211.416
1211.429
1211.442
1211.455
1211.468
1211.481
1211.494
1211.507
1211.520
1211.533
1211.546
1211.559
1211.572
1211.585
1211.598
1211.611
1211.624
1211.637
1211.650
1211.663
1211.676
1211.689
1211.702
1211.715
1211.728
1211.741
1211.754
1211.767
1211.780
1211.793
1211.806
1211.819
1211.832
1211.845
1211.858
1211.871
1211.884
1211.897
1211.910
1211.923
1211.936
1211.949
1211.962
1211.975
1211.988
1212.001
1212.014
1212.027
1212.040
1212.053
1212.066
1212.079
1212.092
1212.105
1212.118
1212.131
1212.144
1212.157
1212.170
1212.183
1212.196
1212.209
1212.222
1212.235
1212.248
1212.261
1212.274
1212.287
1212.300
1212.313
1212.326
1212.339
1212.352
1212.365
1212.378
1212.391
1212.404
1212.417
1212.430
1212.443
1212.456
1212.469
1212.482
1212.495
1212.508
1212.521
1212.534
1212.547
1212.560
1212.572
1212.585
1212.598
1212.611
1212.624
1212.637
1212.650
1212.663
1212.676
1212.689
1212.702
1212.715
1212.728
1212.741
1212.754
1212.767
1212.780
1212.793
1212.806
1212.819
1212.832
1212.845
1212.858
1212.871
1212.884
1212.897
1212.910
1212.923
1212.936
1212.949
1212.962
1212.975
1212.988
1213.000
1213.013
1213.026
1213.039
1213.052
1213.065
1213.078
1213.091
1213.104
1213.117
1213.130
1213.143
1213.156
1213.169
1213.182
1213.195
1213.208
1213.221
1213.234
1213.247
1213.260
1213.273
1213.286
1213.298
1213.311
1213.324
1213.337
1213.350
1213.363
1213.376
1213.389
1213.402
1213.415
1213.428
1213.441
1213.454
1213.467
1213.480
1213.493
1213.506
1213.519
1213.532
1213.544
1213.557
1213.570
1213.583
1213.596
1213.609
1213.622
1213.635
1213.648
1213.661
1213.674
1213.687
1213.700
1213.713
1213.726
1213.739
1213.752
1213.764
1213.777
1213.790
1213.803
1213.816
1213.829
1213.842
1213.855
1213.868
1213.881
1213.894
1213.907
1213.920
1213.933
1213.945
1213.958
1213.971
1213.984
1213.997
1214.010
1214.023
1214.036
1214.049
1214.062
1214.075
1214.088
1214.101
1214.114
1214.126
1214.139
1214.152
1214.165
1214.178
1214.191
1214.204
1214.217
1214.230
1214.243
1214.256
1214.269
1214.281
1214.294
1214.307
1214.320
1214.333
1214.346
1214.359
1214.372
1214.385
1214.398
1214.411
1214.424
1214.436
1214.449
1214.462
1214.475
1214.488
1214.501
1214.514
1214.527
1214.540
1214.553
1214.566
1214.578
1214.591
1214.604
1214.617
1214.630
1214.643
1214.656
1214.669
1214.682
1214.695
1214.708
1214.720
1214.733
1214.746
1214.759
1214.772
1214.785
1214.798
1214.811
1214.824
1214.837
1214.849
1214.862
1214.875
1214.888
1214.901
1214.914
1214.927
1214.940
1214.953
1214.965
1214.978
1214.991
1215.004
1215.017
1215.030
1215.043
1215.056
1215.069
1215.082
1215.094
1215.107
1215.120
1215.133
1215.146
1215.159
1215.172
1215.185
1215.198
1215.210
1215.223
1215.236
1215.249
1215.262
1215.275
1215.288
1215.301
1215.313
1215.326
1215.339
1215.352
1215.365
1215.378
1215.391
1215.404
1215.416
1215.429
1215.442
1215.455
1215.468
1215.481
1215.494
1215.507
1215.520
1215.532
1215.545
1215.558
1215.571
1215.584
1215.597
1215.610
1215.622
1215.635
1215.648
1215.661
1215.674
1215.687
1215.700
1215.713
1215.725
1215.738
1215.751
1215.764
1215.777
1215.790
1215.803
1215.816
1215.828
1215.841
1215.854
1215.867
1215.880
1215.893
1215.906
1215.918
1215.931
1215.944
1215.957
1215.970
1215.983
1215.996
1216.008
1216.021
1216.034
1216.047
1216.060
1216.073
1216.086
1216.098
1216.111
1216.124
1216.137
1216.150
1216.163
1216.176
1216.188
1216.201
1216.214
1216.227
1216.240
1216.253
1216.265
1216.278
1216.291
1216.304
1216.317
1216.330
1216.343
1216.355
1216.368
1216.381
1216.394
1216.407
1216.420
1216.432
1216.445
1216.458
1216.471
1216.484
1216.497
1216.510
1216.522
1216.535
1216.548
1216.561
1216.574
1216.587
1216.599
1216.612
1216.625
1216.638
1216.651
1216.664
1216.676
1216.689
1216.702
1216.715
1216.728
1216.741
1216.753
1216.766
1216.779
1216.792
1216.805
1216.818
1216.830
1216.843
1216.856
1216.869
1216.882
1216.895
1216.907
1216.920
1216.933
1216.946
1216.959
1216.971
1216.984
1216.997
1217.010
1217.023
1217.036
1217.048
1217.061
1217.074
1217.087
1217.100
1217.113
1217.125
1217.138
1217.151
1217.164
1217.177
1217.189
1217.202
1217.215
1217.228
1217.241
1217.254
1217.266
1217.279
1217.292
1217.305
1217.318
1217.330
1217.343
1217.356
1217.369
1217.382
1217.394
1217.407
1217.420
1217.433
1217.446
1217.458
1217.471
1217.484
1217.497
1217.510
1217.523
1217.535
1217.548
1217.561
1217.574
1217.587
1217.599
1217.612
1217.625
1217.638
1217.651
1217.663
1217.676
1217.689
1217.702
1217.715
1217.727
1217.740
1217.753
1217.766
1217.779
1217.791
1217.804
1217.817
1217.830
1217.843
1217.855
1217.868
1217.881
1217.894
1217.906
1217.919
1217.932
1217.945
1217.958
1217.970
1217.983
1217.996
1218.009
1218.022
1218.034
1218.047
1218.060
1218.073
1218.086
1218.098
1218.111
1218.124
1218.137
1218.149
1218.162
1218.175
1218.188
1218.201
1218.213
1218.226
1218.239
1218.252
1218.264
1218.277
1218.290
1218.303
1218.316
1218.328
1218.341
1218.354
1218.367
1218.379
1218.392
1218.405
1218.418
1218.431
1218.443
1218.456
1218.469
1218.482
1218.494
1218.507
1218.520
1218.533
1218.546
1218.558
1218.571
1218.584
1218.597
1218.609
1218.622
1218.635
1218.648
1218.660
1218.673
1218.686
1218.699
1218.711
1218.724
1218.737
1218.750
1218.763
1218.775
1218.788
1218.801
1218.814
1218.826
1218.839
1218.852
1218.865
1218.877
1218.890
1218.903
1218.916
1218.928
1218.941
1218.954
1218.967
1218.979
1218.992
1219.005
1219.018
1219.030
1219.043
1219.056
1219.069
1219.081
1219.094
1219.107
1219.120
1219.132
1219.145
1219.158
1219.171
1219.183
1219.196
1219.209
1219.222
1219.234
1219.247
1219.260
1219.273
1219.285
1219.298
1219.311
1219.324
1219.336
1219.349
1219.362
1219.375
1219.387
1219.400
1219.413
1219.426
1219.438
1219.451
1219.464
1219.477
1219.489
1219.502
1219.515
1219.527
1219.540
1219.553
1219.566
1219.578
1219.591
1219.604
1219.617
1219.629
1219.642
1219.655
1219.668
1219.680
1219.693
1219.706
1219.718
1219.731
1219.744
1219.757
1219.769
1219.782
1219.795
1219.808
1219.820
1219.833
1219.846
1219.858
1219.871
1219.884
1219.897
1219.909
1219.922
1219.935
1219.948
1219.960
1219.973
1219.986
1219.998
1220.011
1220.024
1220.037
1220.049
1220.062
1220.075
1220.087
1220.100
1220.113
1220.126
1220.138
1220.151
1220.164
1220.176
1220.189
1220.202
1220.215
1220.227
1220.240
1220.253
1220.265
1220.278
1220.291
1220.304
1220.316
1220.329
1220.342
1220.354
1220.367
1220.380
1220.393
1220.405
1220.418
1220.431
1220.443
1220.456
1220.469
1220.481
1220.494
1220.507
1220.520
1220.532
1220.545
1220.558
1220.570
1220.583
1220.596
1220.608
1220.621
1220.634
1220.647
1220.659
1220.672
1220.685
1220.697
1220.710
1220.723
1220.735
1220.748
1220.761
1220.773
1220.786
1220.799
1220.812
1220.824
1220.837
1220.850
1220.862
1220.875
1220.888
1220.900
1220.913
1220.926
1220.938
1220.951
1220.964
1220.977
1220.989
1221.002
1221.015
1221.027
1221.040
1221.053
1221.065
1221.078
1221.091
1221.103
1221.116
1221.129
1221.141
1221.154
1221.167
1221.179
1221.192
1221.205
1221.217
1221.230
1221.243
1221.255
1221.268
1221.281
1221.294
1221.306
1221.319
1221.332
1221.344
1221.357
1221.370
1221.382
1221.395
1221.408
1221.420
1221.433
1221.446
1221.458
1221.471
1221.484
1221.496
1221.509
1221.522
1221.534
1221.547
1221.560
1221.572
1221.585
1221.598
1221.610
1221.623
1221.636
1221.648
1221.661
1221.674
1221.686
1221.699
1221.712
1221.724
1221.737
1221.750
1221.762
1221.775
1221.787
1221.800
1221.813
1221.825
1221.838
1221.851
1221.863
1221.876
1221.889
1221.901
1221.914
1221.927
1221.939
1221.952
1221.965
1221.977
1221.990
1222.003
1222.015
1222.028
1222.041
1222.053
1222.066
1222.078
1222.091
1222.104
1222.116
1222.129
1222.142
1222.154
1222.167
1222.180
1222.192
1222.205
1222.218
1222.230
1222.243
1222.256
1222.268
1222.281
1222.293
1222.306
1222.319
1222.331
1222.344
1222.357
1222.369
1222.382
1222.395
1222.407
1222.420
1222.432
1222.445
1222.458
1222.470
1222.483
1222.496
1222.508
1222.521
1222.534
1222.546
1222.559
1222.571
1222.584
1222.597
1222.609
1222.622
1222.635
1222.647
1222.660
1222.672
1222.685
1222.698
1222.710
1222.723
1222.736
1222.748
1222.761
1222.773
1222.786
1222.799
1222.811
1222.824
1222.837
1222.849
1222.862
1222.874
1222.887
1222.900
1222.912
1222.925
1222.938
1222.950
1222.963
1222.975
1222.988
1223.001
1223.013
1223.026
1223.038
1223.051
1223.064
1223.076
1223.089
1223.102
1223.114
1223.127
1223.139
1223.152
1223.165
1223.177
1223.190
1223.202
1223.215
1223.228
1223.240
1223.253
1223.265
1223.278
1223.291
1223.303
1223.316
1223.328
1223.341
1223.354
1223.366
1223.379
1223.391
1223.404
1223.417
1223.429
1223.442
1223.454
1223.467
1223.480
1223.492
1223.505
1223.517
1223.530
1223.543
1223.555
1223.568
1223.580
1223.593
1223.606
1223.618
1223.631
1223.643
1223.656
1223.669
1223.681
1223.694
1223.706
1223.719
1223.732
1223.744
1223.757
1223.769
1223.782
1223.795
1223.807
1223.820
1223.832
1223.845
1223.857
1223.870
1223.883
1223.895
1223.908
1223.920
1223.933
1223.946
1223.958
1223.971
1223.983
1223.996
1224.008
1224.021
1224.034
1224.046
1224.059
1224.071
1224.084
1224.097
1224.109
1224.122
1224.134
1224.147
1224.159
1224.172
1224.185
1224.197
1224.210
1224.222
1224.235
1224.247
1224.260
1224.273
1224.285
1224.298
1224.310
1224.323
1224.335
1224.348
1224.361
1224.373
1224.386
1224.398
1224.411
1224.423
1224.436
1224.449
1224.461
1224.474
1224.486
1224.499
1224.511
1224.524
1224.536
1224.549
1224.562
1224.574
1224.587
1224.599
1224.612
1224.624
1224.637
1224.649
1224.662
1224.675
1224.687
1224.700
1224.712
1224.725
1224.737
1224.750
1224.763
1224.775
1224.788
1224.800
1224.813
1224.825
1224.838
1224.850
1224.863
1224.875
1224.888
1224.901
1224.913
1224.926
1224.938
1224.951
1224.963
1224.976
1224.988
1225.001
1225.014
1225.026
1225.039
1225.051
1225.064
1225.076
1225.089
1225.101
1225.114
1225.126
1225.139
1225.151
1225.164
1225.177
1225.189
1225.202
1225.214
1225.227
1225.239
1225.252
1225.264
1225.277
1225.289
1225.302
1225.314
1225.327
1225.340
1225.352
1225.365
1225.377
1225.390
1225.402
1225.415
1225.427
1225.440
1225.452
1225.465
1225.477
1225.490
1225.502
1225.515
1225.528
1225.540
1225.553
1225.565
1225.578
1225.590
1225.603
1225.615
1225.628
1225.640
1225.653
1225.665
1225.678
1225.690
1225.703
1225.715
1225.728
1225.740
1225.753
1225.765
1225.778
1225.791
1225.803
1225.816
1225.828
1225.841
1225.853
1225.866
1225.878
1225.891
1225.903
1225.916
1225.928
1225.941
1225.953
1225.966
1225.978
1225.991
1226.003
1226.016
1226.028
1226.041
1226.053
1226.066
1226.078
1226.091
1226.103
1226.116
1226.128
1226.141
1226.153
1226.166
1226.178
1226.191
1226.203
1226.216
1226.228
1226.241
1226.253
1226.266
1226.278
1226.291
1226.303
1226.316
1226.328
1226.341
1226.353
1226.366
1226.378
1226.391
1226.403
1226.416
1226.428
1226.441
1226.453
1226.466
1226.478
1226.491
1226.503
1226.516
1226.528
1226.541
1226.553
1226.566
1226.578
1226.591
1226.603
1226.616
1226.628
1226.641
1226.653
1226.666
1226.678
1226.691
1226.703
1226.716
1226.728
1226.741
1226.753
1226.766
1226.778
1226.791
1226.803
1226.816
1226.828
1226.841
1226.853
1226.866
1226.878
1226.891
1226.903
1226.915
1226.928
1226.940
1226.953
1226.965
1226.978
1226.990
1227.003
1227.015
1227.028
1227.040
1227.053
1227.065
1227.078
1227.090
1227.103
1227.115
1227.128
1227.140
1227.153
1227.165
1227.177
1227.190
1227.202
1227.215
1227.227
1227.240
1227.252
1227.265
1227.277
1227.290
1227.302
1227.315
1227.327
1227.340
1227.352
1227.364
1227.377
1227.389
1227.402
1227.414
1227.427
1227.439
1227.452
1227.464
1227.477
1227.489
1227.502
1227.514
1227.526
1227.539
1227.551
1227.564
1227.576
1227.589
1227.601
1227.614
1227.626
1227.639
1227.651
1227.664
1227.676
1227.688
1227.701
1227.713
1227.726
1227.738
1227.751
1227.763
1227.776
1227.788
1227.800
1227.813
1227.825
1227.838
1227.850
1227.863
1227.875
1227.888
1227.900
1227.913
1227.925
1227.937
1227.950
1227.962
1227.975
1227.987
1228.000
1228.012
1228.024
1228.037
1228.049
1228.062
1228.074
1228.087
1228.099
1228.112
1228.124
1228.136
1228.149
1228.161
1228.174
1228.186
1228.199
1228.211
1228.224
1228.236
1228.248
1228.261
1228.273
1228.286
1228.298
1228.311
1228.323
1228.335
1228.348
1228.360
1228.373
1228.385
1228.398
1228.410
1228.422
1228.435
1228.447
1228.460
1228.472
1228.485
1228.497
1228.509
1228.522
1228.534
1228.547
1228.559
1228.572
1228.584
1228.596
1228.609
1228.621
1228.634
1228.646
1228.658
1228.671
1228.683
1228.696
1228.708
1228.721
1228.733
1228.745
1228.758
1228.770
1228.783
1228.795
1228.807
1228.820
1228.832
1228.845
1228.857
1228.870
1228.882
1228.894
1228.907
1228.919
1228.932
1228.944
1228.956
1228.969
1228.981
1228.994
1229.006
1229.018
1229.031
1229.043
1229.056
1229.068
1229.080
1229.093
1229.105
1229.118
1229.130
1229.143
1229.155
1229.167
1229.180
1229.192
1229.205
1229.217
1229.229
1229.242
1229.254
1229.267
1229.279
1229.291
1229.304
1229.316
1229.329
1229.341
1229.353
1229.366
1229.378
1229.390
1229.403
1229.415
1229.428
1229.440
1229.452
1229.465
1229.477
1229.490
1229.502
1229.514
1229.527
1229.539
1229.552
1229.564
1229.576
1229.589
1229.601
1229.614
1229.626
1229.638
1229.651
1229.663
1229.675
1229.688
1229.700
1229.713
1229.725
1229.737
1229.750
1229.762
1229.775
1229.787
1229.799
1229.812
1229.824
1229.836
1229.849
1229.861
1229.874
1229.886
1229.898
1229.911
1229.923
1229.935
1229.948
1229.960
1229.973
1229.985
1229.997
1230.010
1230.022
1230.034
1230.047
1230.059
1230.072
1230.084
1230.096
1230.109
1230.121
1230.133
1230.146
1230.158
1230.170
1230.183
1230.195
1230.208
1230.220
1230.232
1230.245
1230.257
1230.269
1230.282
1230.294
1230.306
1230.319
1230.331
1230.344
1230.356
1230.368
1230.381
1230.393
1230.405
1230.418
1230.430
1230.442
1230.455
1230.467
1230.480
1230.492
1230.504
1230.517
1230.529
1230.541
1230.554
1230.566
1230.578
1230.591
1230.603
1230.615
1230.628
1230.640
1230.652
1230.665
1230.677
1230.690
1230.702
1230.714
1230.727
1230.739
1230.751
1230.764
1230.776
1230.788
1230.801
1230.813
1230.825
1230.838
1230.850
1230.862
1230.875
1230.887
1230.899
1230.912
1230.924
1230.936
1230.949
1230.961
1230.973
1230.986
1230.998
1231.010
1231.023
1231.035
1231.047
1231.060
1231.072
1231.084
1231.097
1231.109
1231.121
1231.134
1231.146
1231.158
1231.171
1231.183
1231.195
1231.208
1231.220
1231.232
1231.245
1231.257
1231.269
1231.282
1231.294
1231.306
1231.319
1231.331
1231.343
1231.356
1231.368
1231.380
1231.393
1231.405
1231.417
1231.430
1231.442
1231.454
1231.467
1231.479
1231.491
1231.504
1231.516
1231.528
1231.541
1231.553
1231.565
1231.578
1231.590
1231.602
1231.615
1231.627
1231.639
1231.651
1231.664
1231.676
1231.688
1231.701
1231.713
1231.725
1231.738
1231.750
1231.762
1231.775
1231.787
1231.799
1231.812
1231.824
1231.836
1231.848
1231.861
1231.873
1231.885
1231.898
1231.910
1231.922
1231.935
1231.947
1231.959
1231.972
1231.984
1231.996
1232.008
1232.021
1232.033
1232.045
1232.058
1232.070
1232.082
1232.095
1232.107
1232.119
1232.131
1232.144
1232.156
1232.168
1232.181
1232.193
1232.205
1232.218
1232.230
1232.242
1232.254
1232.267
1232.279
1232.291
1232.304
1232.316
1232.328
1232.341
1232.353
1232.365
1232.377
1232.390
1232.402
1232.414
1232.427
1232.439
1232.451
1232.463
1232.476
1232.488
1232.500
1232.513
1232.525
1232.537
1232.549
1232.562
1232.574
1232.586
1232.599
1232.611
1232.623
1232.635
1232.648
1232.660
1232.672
1232.685
1232.697
1232.709
1232.721
1232.734
1232.746
1232.758
1232.770
1232.783
1232.795
1232.807
1232.820
1232.832
1232.844
1232.856
1232.869
1232.881
1232.893
1232.906
1232.918
1232.930
1232.942
1232.955
1232.967
1232.979
1232.991
1233.004
1233.016
1233.028
1233.040
1233.053
1233.065
1233.077
1233.090
1233.102
1233.114
1233.126
1233.139
1233.151
1233.163
1233.175
1233.188
1233.200
1233.212
1233.224
1233.237
1233.249
1233.261
1233.274
1233.286
1233.298
1233.310
1233.323
1233.335
1233.347
1233.359
1233.372
1233.384
1233.396
1233.408
1233.421
1233.433
1233.445
1233.457
1233.470
1233.482
1233.494
1233.506
1233.519
1233.531
1233.543
1233.555
1233.568
1233.580
1233.592
1233.604
1233.617
1233.629
1233.641
1233.653
1233.666
1233.678
1233.690
1233.702
1233.715
1233.727
1233.739
1233.751
1233.764
1233.776
1233.788
1233.800
1233.813
1233.825
1233.837
1233.849
1233.861
1233.874
1233.886
1233.898
1233.910
1233.923
1233.935
1233.947
1233.959
1233.972
1233.984
1233.996
1234.008
1234.021
1234.033
1234.045
1234.057
1234.070
1234.082
1234.094
1234.106
1234.118
1234.131
1234.143
1234.155
1234.167
1234.180
1234.192
1234.204
1234.216
1234.228
1234.241
1234.253
1234.265
1234.277
1234.290
1234.302
1234.314
1234.326
1234.339
1234.351
1234.363
1234.375
1234.387
1234.400
1234.412
1234.424
1234.436
1234.449
1234.461
1234.473
1234.485
1234.497
1234.510
1234.522
1234.534
1234.546
1234.558
1234.571
1234.583
1234.595
1234.607
1234.620
1234.632
1234.644
1234.656
1234.668
1234.681
1234.693
1234.705
1234.717
1234.729
1234.742
1234.754
1234.766
1234.778
1234.790
1234.803
1234.815
1234.827
1234.839
1234.852
1234.864
1234.876
1234.888
1234.900
1234.913
1234.925
1234.937
1234.949
1234.961
1234.974
1234.986
1234.998
