# Wavelength table for hrs,echa,30
1842.000 
1842.020 
1842.041 
1842.061 
1842.082 
1842.102 
1842.123 
1842.143 
1842.164 
1842.184 
1842.205 
1842.225 
1842.246 
1842.266 
1842.287 
1842.307 
1842.328 
1842.348 
1842.369 
1842.389 
1842.410 
1842.430 
1842.451 
1842.471 
1842.492 
1842.512 
1842.533 
1842.553 
1842.574 
1842.594 
1842.615 
1842.635 
1842.656 
1842.676 
1842.697 
1842.717 
1842.738 
1842.758 
1842.779 
1842.799 
1842.819 
1842.840 
1842.860 
1842.881 
1842.901 
1842.922 
1842.942 
1842.963 
1842.983 
1843.004 
1843.024 
1843.045 
1843.065 
1843.086 
1843.106 
1843.126 
1843.147 
1843.167 
1843.188 
1843.208 
1843.229 
1843.249 
1843.270 
1843.290 
1843.311 
1843.331 
1843.352 
1843.372 
1843.392 
1843.413 
1843.433 
1843.454 
1843.474 
1843.495 
1843.515 
1843.536 
1843.556 
1843.576 
1843.597 
1843.617 
1843.638 
1843.658 
1843.679 
1843.699 
1843.720 
1843.740 
1843.760 
1843.781 
1843.801 
1843.822 
1843.842 
1843.863 
1843.883 
1843.904 
1843.924 
1843.944 
1843.965 
1843.985 
1844.006 
1844.026 
1844.047 
1844.067 
1844.087 
1844.108 
1844.128 
1844.149 
1844.169 
1844.190 
1844.210 
1844.230 
1844.251 
1844.271 
1844.292 
1844.312 
1844.333 
1844.353 
1844.373 
1844.394 
1844.414 
1844.435 
1844.455 
1844.476 
1844.496 
1844.516 
1844.537 
1844.557 
1844.578 
1844.598 
1844.618 
1844.639 
1844.659 
1844.680 
1844.700 
1844.721 
1844.741 
1844.761 
1844.782 
1844.802 
1844.823 
1844.843 
1844.863 
1844.884 
1844.904 
1844.925 
1844.945 
1844.965 
1844.986 
1845.006 
1845.027 
1845.047 
1845.067 
1845.088 
1845.108 
1845.129 
1845.149 
1845.169 
1845.190 
1845.210 
1845.231 
1845.251 
1845.271 
1845.292 
1845.312 
1845.333 
1845.353 
1845.373 
1845.394 
1845.414 
1845.434 
1845.455 
1845.475 
1845.496 
1845.516 
1845.536 
1845.557 
1845.577 
1845.598 
1845.618 
1845.638 
1845.659 
1845.679 
1845.699 
1845.720 
1845.740 
1845.761 
1845.781 
1845.801 
1845.822 
1845.842 
1845.862 
1845.883 
1845.903 
1845.924 
1845.944 
1845.964 
1845.985 
1846.005 
1846.025 
1846.046 
1846.066 
1846.086 
1846.107 
1846.127 
1846.148 
1846.168 
1846.188 
1846.209 
1846.229 
1846.249 
1846.270 
1846.290 
1846.310 
1846.331 
1846.351 
1846.371 
1846.392 
1846.412 
1846.433 
1846.453 
1846.473 
1846.494 
1846.514 
1846.534 
1846.555 
1846.575 
1846.595 
1846.616 
1846.636 
1846.656 
1846.677 
1846.697 
1846.717 
1846.738 
1846.758 
1846.778 
1846.799 
1846.819 
1846.839 
1846.860 
1846.880 
1846.900 
1846.921 
1846.941 
1846.961 
1846.982 
1847.002 
1847.023 
1847.043 
1847.063 
1847.083 
1847.104 
1847.124 
1847.144 
1847.165 
1847.185 
1847.205 
1847.226 
1847.246 
1847.266 
1847.287 
1847.307 
1847.327 
1847.348 
1847.368 
1847.388 
1847.409 
1847.429 
1847.449 
1847.470 
1847.490 
1847.510 
1847.531 
1847.551 
1847.571 
1847.592 
1847.612 
1847.632 
1847.653 
1847.673 
1847.693 
1847.713 
1847.734 
1847.754 
1847.774 
1847.795 
1847.815 
1847.835 
1847.856 
1847.876 
1847.896 
1847.917 
1847.937 
1847.957 
1847.977 
1847.998 
1848.018 
1848.038 
1848.059 
1848.079 
1848.099 
1848.120 
1848.140 
1848.160 
1848.180 
1848.201 
1848.221 
1848.241 
1848.262 
1848.282 
1848.302 
1848.322 
1848.343 
1848.363 
1848.383 
1848.404 
1848.424 
1848.444 
1848.464 
1848.485 
1848.505 
1848.525 
1848.546 
1848.566 
1848.586 
1848.606 
1848.627 
1848.647 
1848.667 
1848.688 
1848.708 
1848.728 
1848.748 
1848.769 
1848.789 
1848.809 
1848.829 
1848.850 
1848.870 
1848.890 
1848.911 
1848.931 
1848.951 
1848.971 
1848.992 
1849.012 
1849.032 
1849.052 
1849.073 
1849.093 
1849.113 
1849.134 
1849.154 
1849.174 
1849.194 
1849.215 
1849.235 
1849.255 
1849.275 
1849.296 
1849.316 
1849.336 
1849.356 
1849.377 
1849.397 
1849.417 
1849.437 
1849.458 
1849.478 
1849.498 
1849.518 
1849.539 
1849.559 
1849.579 
1849.599 
1849.620 
1849.640 
1849.660 
1849.680 
1849.701 
1849.721 
1849.741 
1849.761 
1849.782 
1849.802 
1849.822 
1849.842 
1849.863 
1849.883 
1849.903 
1849.923 
1849.943 
1849.964 
1849.984 
1850.004 
1850.024 
1850.045 
1850.065 
1850.085 
1850.105 
1850.126 
1850.146 
1850.166 
1850.186 
1850.206 
1850.227 
1850.247 
1850.267 
1850.287 
1850.308 
1850.328 
1850.348 
1850.368 
1850.389 
1850.409 
1850.429 
1850.449 
1850.469 
1850.490 
1850.510 
1850.530 
1850.550 
1850.570 
1850.591 
1850.611 
1850.631 
1850.651 
1850.672 
1850.692 
1850.712 
1850.732 
1850.752 
1850.773 
1850.793 
1850.813 
1850.833 
1850.853 
1850.874 
1850.894 
1850.914 
1850.934 
1850.954 
1850.975 
1850.995 
1851.015 
1851.035 
1851.055 
1851.076 
1851.096 
1851.116 
1851.136 
1851.156 
1851.177 
1851.197 
1851.217 
1851.237 
1851.257 
1851.278 
1851.298 
1851.318 
1851.338 
1851.358 
1851.379 
1851.399 
1851.419 
1851.439 
1851.459 
1851.479 
1851.500 
1851.520 
1851.540 
1851.560 
1851.580 
1851.601 
1851.621 
1851.641 
1851.661 
1851.681 
1851.701 
1851.722 
1851.742 
1851.762 
1851.782 
1851.802 
1851.822 
1851.843 
1851.863 
1851.883 
1851.903 
1851.923 
1851.944 
1851.964 
1851.984 
1852.004 
1852.024 
1852.044 
1852.065 
1852.085 
1852.105 
1852.125 
1852.145 
1852.165 
1852.185 
1852.206 
1852.226 
1852.246 
1852.266 
1852.286 
1852.306 
1852.327 
1852.347 
1852.367 
1852.387 
1852.407 
1852.427 
1852.448 
1852.468 
1852.488 
1852.508 
1852.528 
1852.548 
1852.568 
1852.589 
1852.609 
1852.629 
1852.649 
1852.669 
1852.689 
1852.709 
1852.730 
1852.750 
1852.770 
1852.790 
1852.810 
1852.830 
1852.850 
1852.871 
1852.891 
1852.911 
1852.931 
1852.951 
1852.971 
1852.991 
1853.011 
1853.032 
1853.052 
1853.072 
1853.092 
1853.112 
1853.132 
1853.152 
1853.173 
1853.193 
1853.213 
1853.233 
1853.253 
1853.273 
1853.293 
1853.313 
1853.334 
1853.354 
1853.374 
1853.394 
1853.414 
1853.434 
1853.454 
1853.474 
1853.494 
1853.515 
1853.535 
1853.555 
1853.575 
1853.595 
1853.615 
1853.635 
1853.655 
1853.676 
1853.696 
1853.716 
1853.736 
1853.756 
1853.776 
1853.796 
1853.816 
1853.836 
1853.856 
1853.877 
1853.897 
1853.917 
1853.937 
1853.957 
1853.977 
1853.997 
1854.017 
1854.037 
1854.057 
1854.078 
1854.098 
1854.118 
1854.138 
1854.158 
1854.178 
1854.198 
1854.218 
1854.238 
1854.258 
1854.279 
1854.299 
1854.319 
1854.339 
1854.359 
1854.379 
1854.399 
1854.419 
1854.439 
1854.459 
1854.479 
1854.499 
1854.520 
1854.540 
1854.560 
1854.580 
1854.600 
1854.620 
1854.640 
1854.660 
1854.680 
1854.700 
1854.720 
1854.740 
1854.760 
1854.781 
1854.801 
1854.821 
1854.841 
1854.861 
1854.881 
1854.901 
1854.921 
1854.941 
1854.961 
1854.981 
1855.001 
1855.021 
1855.041 
1855.062 
1855.082 
1855.102 
1855.122 
1855.142 
1855.162 
1855.182 
1855.202 
1855.222 
1855.242 
1855.262 
1855.282 
1855.302 
1855.322 
1855.342 
1855.362 
1855.382 
1855.403 
1855.423 
1855.443 
1855.463 
1855.483 
1855.503 
1855.523 
1855.543 
1855.563 
1855.583 
1855.603 
1855.623 
1855.643 
1855.663 
1855.683 
1855.703 
1855.723 
1855.743 
1855.763 
1855.783 
1855.803 
1855.823 
1855.843 
1855.864 
1855.884 
1855.904 
1855.924 
1855.944 
1855.964 
1855.984 
1856.004 
1856.024 
1856.044 
1856.064 
1856.084 
1856.104 
1856.124 
1856.144 
1856.164 
1856.184 
1856.204 
1856.224 
1856.244 
1856.264 
1856.284 
1856.304 
1856.324 
1856.344 
1856.364 
1856.384 
1856.404 
1856.424 
1856.444 
1856.464 
1856.484 
1856.504 
1856.524 
1856.544 
1856.564 
1856.584 
1856.604 
1856.624 
1856.644 
1856.664 
1856.684 
1856.704 
1856.724 
1856.744 
1856.764 
1856.784 
1856.804 
1856.825 
1856.845 
1856.865 
1856.885 
1856.905 
1856.925 
1856.945 
1856.965 
1856.985 
1857.005 
1857.025 
1857.045 
1857.065 
1857.084 
1857.104 
1857.124 
1857.144 
1857.164 
1857.184 
1857.204 
1857.224 
1857.244 
1857.264 
1857.284 
1857.304 
1857.324 
1857.344 
1857.364 
1857.384 
1857.404 
1857.424 
1857.444 
1857.464 
1857.484 
1857.504 
1857.524 
1857.544 
1857.564 
1857.584 
1857.604 
1857.624 
1857.644 
1857.664 
1857.684 
1857.704 
1857.724 
1857.744 
1857.764 
1857.784 
1857.804 
1857.824 
1857.844 
1857.864 
1857.884 
1857.904 
1857.924 
1857.944 
1857.964 
1857.984 
1858.004 
1858.024 
1858.043 
1858.063 
1858.083 
1858.103 
1858.123 
1858.143 
1858.163 
1858.183 
1858.203 
1858.223 
1858.243 
1858.263 
1858.283 
1858.303 
1858.323 
1858.343 
1858.363 
1858.383 
1858.403 
1858.423 
1858.443 
1858.463 
1858.483 
1858.502 
1858.522 
1858.542 
1858.562 
1858.582 
1858.602 
1858.622 
1858.642 
1858.662 
1858.682 
1858.702 
1858.722 
1858.742 
1858.762 
1858.782 
1858.802 
1858.822 
1858.841 
1858.861 
1858.881 
1858.901 
1858.921 
1858.941 
1858.961 
1858.981 
1859.001 
1859.021 
1859.041 
1859.061 
1859.081 
1859.101 
1859.120 
1859.140 
1859.160 
1859.180 
1859.200 
1859.220 
1859.240 
1859.260 
1859.280 
1859.300 
1859.320 
1859.340 
1859.360 
1859.379 
1859.399 
1859.419 
1859.439 
1859.459 
1859.479 
1859.499 
1859.519 
1859.539 
1859.559 
1859.579 
1859.599 
1859.618 
1859.638 
1859.658 
1859.678 
1859.698 
1859.718 
1859.738 
1859.758 
1859.778 
1859.798 
1859.817 
1859.837 
1859.857 
1859.877 
1859.897 
1859.917 
1859.937 
1859.957 
1859.977 
1859.997 
1860.016 
1860.036 
1860.056 
1860.076 
1860.096 
1860.116 
1860.136 
1860.156 
1860.176 
1860.196 
1860.215 
1860.235 
1860.255 
1860.275 
1860.295 
1860.315 
1860.335 
1860.355 
1860.374 
1860.394 
1860.414 
1860.434 
1860.454 
1860.474 
1860.494 
1860.514 
1860.534 
1860.553 
1860.573 
1860.593 
1860.613 
1860.633 
1860.653 
1860.673 
1860.693 
1860.712 
1860.732 
1860.752 
1860.772 
1860.792 
1860.812 
1860.832 
1860.852 
1860.871 
1860.891 
1860.911 
1860.931 
1860.951 
1860.971 
1860.991 
1861.010 
1861.030 
1861.050 
1861.070 
1861.090 
1861.110 
1861.130 
1861.149 
1861.169 
1861.189 
1861.209 
1861.229 
1861.249 
1861.269 
1861.288 
1861.308 
1861.328 
1861.348 
1861.368 
1861.388 
1861.408 
1861.427 
1861.447 
1861.467 
1861.487 
1861.507 
1861.527 
1861.546 
1861.566 
1861.586 
1861.606 
1861.626 
1861.646 
1861.665 
1861.685 
1861.705 
1861.725 
1861.745 
1861.765 
1861.785 
1861.804 
1861.824 
1861.844 
1861.864 
1861.884 
1861.904 
1861.923 
1861.943 
1861.963 
1861.983 
1862.003 
1862.022 
1862.042 
1862.062 
1862.082 
1862.102 
1862.122 
1862.141 
1862.161 
1862.181 
1862.201 
1862.221 
1862.241 
1862.260 
1862.280 
1862.300 
1862.320 
1862.340 
1862.359 
1862.379 
1862.399 
1862.419 
1862.439 
1862.459 
1862.478 
1862.498 
1862.518 
1862.538 
1862.558 
1862.577 
1862.597 
1862.617 
1862.637 
1862.657 
1862.676 
1862.696 
1862.716 
1862.736 
1862.756 
1862.775 
1862.795 
1862.815 
1862.835 
1862.855 
1862.874 
1862.894 
1862.914 
1862.934 
1862.954 
1862.973 
1862.993 
1863.013 
1863.033 
1863.053 
1863.072 
1863.092 
1863.112 
1863.132 
1863.152 
1863.171 
1863.191 
1863.211 
1863.231 
1863.250 
1863.270 
1863.290 
1863.310 
1863.330 
1863.349 
1863.369 
1863.389 
1863.409 
1863.429 
1863.448 
1863.468 
1863.488 
1863.508 
1863.527 
1863.547 
1863.567 
1863.587 
1863.607 
1863.626 
1863.646 
1863.666 
1863.686 
1863.705 
1863.725 
1863.745 
1863.765 
1863.784 
1863.804 
1863.824 
1863.844 
1863.864 
1863.883 
1863.903 
1863.923 
1863.943 
1863.962 
1863.982 
1864.002 
1864.022 
1864.041 
1864.061 
1864.081 
1864.101 
1864.120 
1864.140 
1864.160 
1864.180 
1864.199 
1864.219 
1864.239 
1864.259 
1864.278 
1864.298 
1864.318 
1864.338 
1864.357 
1864.377 
1864.397 
1864.417 
1864.436 
1864.456 
1864.476 
1864.496 
1864.515 
1864.535 
1864.555 
1864.575 
1864.594 
1864.614 
1864.634 
1864.654 
1864.673 
1864.693 
1864.713 
1864.732 
1864.752 
1864.772 
1864.792 
1864.811 
1864.831 
1864.851 
1864.871 
1864.890 
1864.910 
1864.930 
1864.950 
1864.969 
1864.989 
1865.009 
1865.028 
1865.048 
1865.068 
1865.088 
1865.107 
1865.127 
1865.147 
1865.166 
1865.186 
1865.206 
1865.226 
1865.245 
1865.265 
1865.285 
1865.304 
1865.324 
1865.344 
1865.364 
1865.383 
1865.403 
1865.423 
1865.442 
1865.462 
1865.482 
1865.502 
1865.521 
1865.541 
1865.561 
1865.580 
1865.600 
1865.620 
1865.640 
1865.659 
1865.679 
1865.699 
1865.718 
1865.738 
1865.758 
1865.777 
1865.797 
1865.817 
1865.837 
1865.856 
1865.876 
1865.896 
1865.915 
1865.935 
1865.955 
1865.974 
1865.994 
1866.014 
1866.033 
1866.053 
1866.073 
1866.093 
1866.112 
1866.132 
1866.152 
1866.171 
1866.191 
1866.211 
1866.230 
1866.250 
1866.270 
1866.289 
1866.309 
1866.329 
1866.348 
1866.368 
1866.388 
1866.407 
1866.427 
1866.447 
1866.466 
1866.486 
1866.506 
1866.526 
1866.545 
1866.565 
1866.585 
1866.604 
1866.624 
1866.644 
1866.663 
1866.683 
1866.703 
1866.722 
1866.742 
1866.762 
1866.781 
1866.801 
1866.821 
1866.840 
1866.860 
1866.880 
1866.899 
1866.919 
1866.938 
1866.958 
1866.978 
1866.997 
1867.017 
1867.037 
1867.056 
1867.076 
1867.096 
1867.115 
1867.135 
1867.155 
1867.174 
1867.194 
1867.214 
1867.233 
1867.253 
1867.273 
1867.292 
1867.312 
1867.332 
1867.351 
1867.371 
1867.390 
1867.410 
1867.430 
1867.449 
1867.469 
1867.489 
1867.508 
1867.528 
1867.548 
1867.567 
1867.587 
1867.606 
1867.626 
1867.646 
1867.665 
1867.685 
1867.705 
1867.724 
1867.744 
1867.764 
1867.783 
1867.803 
1867.822 
1867.842 
1867.862 
1867.881 
1867.901 
1867.921 
1867.940 
1867.960 
1867.979 
1867.999 
1868.019 
1868.038 
1868.058 
1868.078 
1868.097 
1868.117 
1868.136 
1868.156 
1868.176 
1868.195 
1868.215 
1868.234 
1868.254 
1868.274 
1868.293 
1868.313 
1868.333 
1868.352 
1868.372 
1868.391 
1868.411 
1868.431 
1868.450 
1868.470 
1868.489 
1868.509 
1868.529 
1868.548 
1868.568 
1868.587 
1868.607 
1868.627 
1868.646 
1868.666 
1868.685 
1868.705 
1868.725 
1868.744 
1868.764 
1868.783 
1868.803 
1868.823 
1868.842 
1868.862 
1868.881 
1868.901 
1868.921 
1868.940 
1868.960 
1868.979 
1868.999 
1869.018 
1869.038 
1869.058 
1869.077 
1869.097 
1869.116 
1869.136 
1869.156 
1869.175 
1869.195 
1869.214 
1869.234 
1869.253 
1869.273 
1869.293 
1869.312 
1869.332 
1869.351 
1869.371 
1869.391 
1869.410 
1869.430 
1869.449 
1869.469 
1869.488 
1869.508 
1869.528 
1869.547 
1869.567 
1869.586 
1869.606 
1869.625 
1869.645 
1869.664 
1869.684 
1869.704 
1869.723 
1869.743 
1869.762 
1869.782 
1869.801 
1869.821 
1869.841 
1869.860 
1869.880 
1869.899 
1869.919 
1869.938 
1869.958 
1869.977 
1869.997 
1870.017 
1870.036 
1870.056 
1870.075 
1870.095 
1870.114 
1870.134 
1870.153 
1870.173 
1870.192 
1870.212 
1870.232 
1870.251 
1870.271 
1870.290 
1870.310 
1870.329 
1870.349 
1870.368 
1870.388 
1870.407 
1870.427 
1870.447 
1870.466 
1870.486 
1870.505 
1870.525 
1870.544 
1870.564 
1870.583 
1870.603 
1870.622 
1870.642 
1870.661 
1870.681 
1870.700 
1870.720 
1870.740 
1870.759 
1870.779 
1870.798 
1870.818 
1870.837 
1870.857 
1870.876 
1870.896 
1870.915 
1870.935 
1870.954 
1870.974 
1870.993 
1871.013 
1871.032 
1871.052 
1871.071 
1871.091 
1871.110 
1871.130 
1871.149 
1871.169 
1871.188 
1871.208 
1871.227 
1871.247 
1871.266 
1871.286 
1871.306 
1871.325 
1871.345 
1871.364 
1871.384 
1871.403 
1871.423 
1871.442 
1871.462 
1871.481 
1871.501 
1871.520 
1871.540 
1871.559 
1871.579 
1871.598 
1871.618 
1871.637 
1871.657 
1871.676 
1871.696 
1871.715 
1871.735 
1871.754 
1871.773 
1871.793 
1871.812 
1871.832 
1871.851 
1871.871 
1871.890 
1871.910 
1871.929 
1871.949 
1871.968 
1871.988 
1872.007 
1872.027 
1872.046 
1872.066 
1872.085 
1872.105 
1872.124 
1872.144 
1872.163 
1872.183 
1872.202 
1872.222 
1872.241 
1872.261 
1872.280 
1872.300 
1872.319 
1872.338 
1872.358 
1872.377 
1872.397 
1872.416 
1872.436 
1872.455 
1872.475 
1872.494 
1872.514 
1872.533 
1872.553 
1872.572 
1872.592 
1872.611 
1872.630 
1872.650 
1872.669 
1872.689 
1872.708 
1872.728 
1872.747 
1872.767 
1872.786 
1872.806 
1872.825 
1872.844 
1872.864 
1872.883 
1872.903 
1872.922 
1872.942 
1872.961 
1872.981 
1873.000 
1873.020 
1873.039 
1873.058 
1873.078 
1873.097 
1873.117 
1873.136 
1873.156 
1873.175 
1873.195 
1873.214 
1873.233 
1873.253 
1873.272 
1873.292 
1873.311 
1873.331 
1873.350 
1873.370 
1873.389 
1873.408 
1873.428 
1873.447 
1873.467 
1873.486 
1873.506 
1873.525 
1873.544 
1873.564 
1873.583 
1873.603 
1873.622 
1873.642 
1873.661 
1873.680 
1873.700 
1873.719 
1873.739 
1873.758 
1873.778 
1873.797 
1873.816 
1873.836 
1873.855 
1873.875 
1873.894 
1873.913 
1873.933 
1873.952 
1873.972 
1873.991 
1874.011 
1874.030 
1874.049 
1874.069 
1874.088 
1874.108 
1874.127 
1874.146 
1874.166 
1874.185 
1874.205 
1874.224 
1874.243 
1874.263 
1874.282 
1874.302 
1874.321 
1874.340 
1874.360 
1874.379 
1874.399 
1874.418 
1874.437 
1874.457 
1874.476 
1874.496 
1874.515 
1874.534 
1874.554 
1874.573 
1874.593 
1874.612 
1874.631 
1874.651 
1874.670 
1874.690 
1874.709 
1874.728 
1874.748 
1874.767 
1874.787 
1874.806 
1874.825 
1874.845 
1874.864 
1874.883 
1874.903 
1874.922 
1874.942 
1874.961 
1874.980 
1875.000 
1875.019 
1875.038 
1875.058 
1875.077 
1875.097 
1875.116 
1875.135 
1875.155 
1875.174 
1875.193 
1875.213 
1875.232 
1875.252 
1875.271 
1875.290 
1875.310 
1875.329 
1875.348 
1875.368 
1875.387 
1875.407 
1875.426 
1875.445 
1875.465 
1875.484 
1875.503 
1875.523 
1875.542 
1875.561 
1875.581 
1875.600 
1875.619 
1875.639 
1875.658 
1875.678 
1875.697 
1875.716 
1875.736 
1875.755 
1875.774 
1875.794 
1875.813 
1875.832 
1875.852 
1875.871 
1875.890 
1875.910 
1875.929 
1875.948 
1875.968 
1875.987 
1876.006 
1876.026 
1876.045 
1876.065 
1876.084 
1876.103 
1876.123 
1876.142 
1876.161 
1876.181 
1876.200 
1876.219 
1876.239 
1876.258 
1876.277 
1876.297 
1876.316 
1876.335 
1876.355 
1876.374 
1876.393 
1876.413 
1876.432 
1876.451 
1876.471 
1876.490 
1876.509 
1876.529 
1876.548 
1876.567 
1876.586 
1876.606 
1876.625 
1876.644 
1876.664 
1876.683 
1876.702 
1876.722 
1876.741 
1876.760 
1876.780 
1876.799 
1876.818 
1876.838 
1876.857 
1876.876 
1876.896 
1876.915 
1876.934 
1876.954 
1876.973 
1876.992 
1877.011 
1877.031 
1877.050 
1877.069 
1877.089 
1877.108 
1877.127 
1877.147 
1877.166 
1877.185 
1877.204 
1877.224 
1877.243 
1877.262 
1877.282 
1877.301 
1877.320 
1877.340 
1877.359 
1877.378 
1877.397 
1877.417 
1877.436 
1877.455 
1877.475 
1877.494 
1877.513 
1877.533 
1877.552 
1877.571 
1877.590 
1877.610 
1877.629 
1877.648 
1877.668 
1877.687 
1877.706 
1877.725 
1877.745 
1877.764 
1877.783 
1877.803 
1877.822 
1877.841 
1877.860 
1877.880 
1877.899 
1877.918 
1877.937 
1877.957 
1877.976 
1877.995 
1878.015 
1878.034 
1878.053 
1878.072 
1878.092 
1878.111 
1878.130 
1878.149 
1878.169 
1878.188 
1878.207 
1878.227 
1878.246 
1878.265 
1878.284 
1878.304 
1878.323 
1878.342 
1878.361 
1878.381 
1878.400 
1878.419 
1878.438 
1878.458 
1878.477 
1878.496 
1878.515 
1878.535 
1878.554 
1878.573 
1878.592 
1878.612 
1878.631 
1878.650 
1878.669 
1878.689 
1878.708 
1878.727 
1878.746 
1878.766 
1878.785 
1878.804 
1878.823 
1878.843 
1878.862 
1878.881 
1878.900 
1878.920 
1878.939 
1878.958 
1878.977 
1878.997 
1879.016 
1879.035 
1879.054 
1879.074 
1879.093 
1879.112 
1879.131 
1879.150 
1879.170 
1879.189 
1879.208 
1879.227 
1879.247 
1879.266 
1879.285 
1879.304 
1879.324 
1879.343 
1879.362 
1879.381 
1879.400 
1879.420 
1879.439 
1879.458 
1879.477 
1879.497 
1879.516 
1879.535 
1879.554 
1879.573 
1879.593 
1879.612 
1879.631 
1879.650 
1879.670 
1879.689 
1879.708 
1879.727 
1879.746 
1879.766 
1879.785 
1879.804 
1879.823 
1879.842 
1879.862 
1879.881 
1879.900 
1879.919 
1879.938 
1879.958 
1879.977 
1879.996 
1880.015 
1880.035 
1880.054 
1880.073 
1880.092 
1880.111 
1880.131 
1880.150 
1880.169 
1880.188 
1880.207 
1880.226 
1880.246 
1880.265 
1880.284 
1880.303 
1880.322 
1880.342 
1880.361 
1880.380 
1880.399 
1880.418 
1880.438 
1880.457 
1880.476 
1880.495 
1880.514 
1880.534 
1880.553 
1880.572 
1880.591 
1880.610 
1880.629 
1880.649 
1880.668 
1880.687 
1880.706 
1880.725 
1880.745 
1880.764 
1880.783 
1880.802 
1880.821 
1880.840 
1880.860 
1880.879 
1880.898 
1880.917 
1880.936 
1880.955 
1880.975 
1880.994 
1881.013 
1881.032 
1881.051 
1881.070 
1881.090 
1881.109 
1881.128 
1881.147 
1881.166 
1881.185 
1881.205 
1881.224 
1881.243 
1881.262 
1881.281 
1881.300 
1881.320 
1881.339 
1881.358 
1881.377 
1881.396 
1881.415 
1881.434 
1881.454 
1881.473 
1881.492 
1881.511 
1881.530 
1881.549 
1881.568 
1881.588 
1881.607 
1881.626 
1881.645 
1881.664 
1881.683 
1881.703 
1881.722 
1881.741 
1881.760 
1881.779 
1881.798 
1881.817 
1881.836 
1881.856 
1881.875 
1881.894 
1881.913 
1881.932 
1881.951 
1881.970 
1881.990 
1882.009 
1882.028 
1882.047 
1882.066 
1882.085 
1882.104 
1882.123 
1882.143 
1882.162 
1882.181 
1882.200 
1882.219 
1882.238 
1882.257 
1882.276 
1882.296 
1882.315 
1882.334 
1882.353 
1882.372 
1882.391 
1882.410 
1882.429 
1882.449 
1882.468 
1882.487 
1882.506 
1882.525 
1882.544 
1882.563 
1882.582 
1882.601 
1882.621 
1882.640 
1882.659 
1882.678 
1882.697 
1882.716 
1882.735 
1882.754 
1882.773 
1882.793 
1882.812 
1882.831 
1882.850 
1882.869 
1882.888 
1882.907 
1882.926 
1882.945 
1882.964 
1882.984 
1883.003 
1883.022 
1883.041 
1883.060 
1883.079 
1883.098 
1883.117 
1883.136 
1883.155 
1883.175 
1883.194 
1883.213 
1883.232 
1883.251 
1883.270 
1883.289 
1883.308 
1883.327 
1883.346 
1883.365 
1883.384 
1883.404 
1883.423 
1883.442 
1883.461 
1883.480 
1883.499 
1883.518 
1883.537 
1883.556 
1883.575 
1883.594 
1883.613 
1883.633 
1883.652 
1883.671 
1883.690 
1883.709 
1883.728 
1883.747 
1883.766 
1883.785 
1883.804 
1883.823 
1883.842 
1883.861 
1883.880 
1883.899 
1883.919 
1883.938 
1883.957 
1883.976 
1883.995 
1884.014 
1884.033 
1884.052 
1884.071 
1884.090 
1884.109 
1884.128 
1884.147 
1884.166 
1884.185 
1884.204 
1884.223 
1884.243 
1884.262 
1884.281 
1884.300 
1884.319 
1884.338 
1884.357 
1884.376 
1884.395 
1884.414 
1884.433 
1884.452 
1884.471 
1884.490 
1884.509 
1884.528 
1884.547 
1884.566 
1884.585 
1884.604 
1884.623 
1884.643 
1884.662 
1884.681 
1884.700 
1884.719 
1884.738 
1884.757 
1884.776 
1884.795 
1884.814 
1884.833 
1884.852 
1884.871 
1884.890 
1884.909 
1884.928 
1884.947 
1884.966 
1884.985 
1885.004 
1885.023 
1885.042 
1885.061 
1885.080 
1885.099 
1885.118 
1885.137 
1885.156 
1885.175 
1885.194 
1885.213 
1885.232 
1885.251 
1885.270 
1885.289 
1885.308 
1885.327 
1885.346 
1885.365 
1885.385 
1885.404 
1885.423 
1885.442 
1885.461 
1885.480 
1885.499 
1885.518 
1885.537 
1885.556 
1885.575 
1885.594 
1885.613 
1885.632 
1885.651 
1885.670 
1885.689 
1885.708 
1885.727 
1885.746 
1885.765 
1885.784 
1885.803 
1885.822 
1885.841 
1885.860 
1885.879 
1885.898 
1885.917 
1885.936 
1885.955 
1885.974 
1885.993 
1886.012 
1886.031 
1886.050 
1886.069 
1886.087 
1886.106 
1886.125 
1886.144 
1886.163 
1886.182 
1886.201 
1886.220 
1886.239 
1886.258 
1886.277 
1886.296 
1886.315 
1886.334 
1886.353 
1886.372 
1886.391 
1886.410 
1886.429 
1886.448 
1886.467 
1886.486 
1886.505 
1886.524 
1886.543 
1886.562 
1886.581 
1886.600 
1886.619 
1886.638 
1886.657 
1886.676 
1886.695 
1886.714 
1886.733 
1886.752 
1886.771 
1886.790 
1886.809 
1886.827 
1886.846 
1886.865 
1886.884 
1886.903 
1886.922 
1886.941 
1886.960 
1886.979 
1886.998 
1887.017 
1887.036 
1887.055 
1887.074 
1887.093 
1887.112 
1887.131 
1887.150 
1887.169 
1887.188 
1887.207 
1887.226 
1887.244 
1887.263 
1887.282 
1887.301 
1887.320 
1887.339 
1887.358 
1887.377 
1887.396 
1887.415 
1887.434 
1887.453 
1887.472 
1887.491 
1887.510 
1887.529 
1887.548 
1887.566 
1887.585 
1887.604 
1887.623 
1887.642 
1887.661 
1887.680 
1887.699 
1887.718 
1887.737 
1887.756 
1887.775 
1887.794 
1887.813 
1887.831 
1887.850 
1887.869 
1887.888 
1887.907 
1887.926 
1887.945 
1887.964 
1887.983 
1888.002 
1888.021 
1888.040 
1888.059 
1888.077 
1888.096 
1888.115 
1888.134 
1888.153 
1888.172 
1888.191 
1888.210 
1888.229 
1888.248 
1888.267 
1888.285 
1888.304 
1888.323 
1888.342 
1888.361 
1888.380 
1888.399 
1888.418 
1888.437 
1888.456 
1888.475 
1888.493 
1888.512 
1888.531 
1888.550 
1888.569 
1888.588 
1888.607 
1888.626 
1888.645 
1888.663 
1888.682 
1888.701 
1888.720 
1888.739 
1888.758 
1888.777 
1888.796 
1888.815 
1888.834 
1888.852 
1888.871 
1888.890 
1888.909 
1888.928 
1888.947 
1888.966 
1888.985 
1889.003 
1889.022 
1889.041 
1889.060 
1889.079 
1889.098 
1889.117 
1889.136 
1889.155 
1889.173 
1889.192 
1889.211 
1889.230 
1889.249 
1889.268 
1889.287 
1889.306 
1889.324 
1889.343 
1889.362 
1889.381 
1889.400 
1889.419 
1889.438 
1889.456 
1889.475 
1889.494 
1889.513 
1889.532 
1889.551 
1889.570 
1889.589 
1889.607 
1889.626 
1889.645 
1889.664 
1889.683 
1889.702 
1889.721 
1889.739 
1889.758 
1889.777 
1889.796 
1889.815 
1889.834 
1889.853 
1889.871 
1889.890 
1889.909 
1889.928 
1889.947 
1889.966 
1889.984 
1890.003 
1890.022 
1890.041 
1890.060 
1890.079 
1890.098 
1890.116 
1890.135 
1890.154 
1890.173 
1890.192 
1890.211 
1890.229 
1890.248 
1890.267 
1890.286 
1890.305 
1890.324 
1890.342 
1890.361 
1890.380 
1890.399 
1890.418 
1890.437 
1890.455 
1890.474 
1890.493 
1890.512 
1890.531 
1890.550 
1890.568 
1890.587 
1890.606 
1890.625 
1890.644 
1890.663 
1890.681 
1890.700 
1890.719 
1890.738 
1890.757 
1890.775 
1890.794 
1890.813 
1890.832 
1890.851 
1890.870 
1890.888 
1890.907 
1890.926 
1890.945 
1890.964 
1890.982 
1891.001 
1891.020 
1891.039 
1891.058 
1891.077 
1891.095 
1891.114 
1891.133 
1891.152 
1891.171 
1891.189 
1891.208 
1891.227 
1891.246 
1891.265 
1891.283 
1891.302 
1891.321 
1891.340 
1891.359 
1891.377 
1891.396 
1891.415 
1891.434 
1891.453 
1891.471 
1891.490 
1891.509 
1891.528 
1891.547 
1891.565 
1891.584 
1891.603 
1891.622 
1891.640 
1891.659 
1891.678 
1891.697 
1891.716 
1891.734 
1891.753 
1891.772 
1891.791 
1891.810 
1891.828 
1891.847 
1891.866 
1891.885 
1891.903 
1891.922 
1891.941 
1891.960 
1891.979 
1891.997 
1892.016 
1892.035 
1892.054 
1892.072 
1892.091 
1892.110 
1892.129 
1892.147 
1892.166 
1892.185 
1892.204 
1892.223 
1892.241 
1892.260 
1892.279 
1892.298 
1892.316 
1892.335 
1892.354 
1892.373 
1892.391 
1892.410 
1892.429 
1892.448 
1892.466 
1892.485 
1892.504 
1892.523 
1892.542 
1892.560 
1892.579 
1892.598 
1892.617 
1892.635 
1892.654 
1892.673 
1892.692 
1892.710 
1892.729 
1892.748 
1892.767 
1892.785 
1892.804 
1892.823 
1892.842 
1892.860 
1892.879 
1892.898 
1892.916 
1892.935 
1892.954 
1892.973 
1892.991 
1893.010 
1893.029 
1893.048 
1893.066 
1893.085 
1893.104 
1893.123 
1893.141 
1893.160 
1893.179 
1893.198 
1893.216 
1893.235 
1893.254 
1893.272 
1893.291 
1893.310 
1893.329 
1893.347 
1893.366 
1893.385 
1893.404 
1893.422 
1893.441 
1893.460 
1893.478 
1893.497 
1893.516 
1893.535 
1893.553 
1893.572 
1893.591 
1893.609 
1893.628 
1893.647 
1893.666 
1893.684 
1893.703 
1893.722 
1893.740 
1893.759 
1893.778 
1893.797 
1893.815 
1893.834 
1893.853 
1893.871 
1893.890 
1893.909 
1893.928 
1893.946 
1893.965 
1893.984 
1894.002 
1894.021 
1894.040 
1894.058 
1894.077 
1894.096 
1894.115 
1894.133 
1894.152 
1894.171 
1894.189 
1894.208 
1894.227 
1894.245 
1894.264 
1894.283 
1894.302 
1894.320 
1894.339 
1894.358 
1894.376 
1894.395 
1894.414 
1894.432 
1894.451 
1894.470 
1894.488 
1894.507 
1894.526 
1894.544 
1894.563 
1894.582 
1894.601 
1894.619 
1894.638 
1894.657 
1894.675 
1894.694 
1894.713 
1894.731 
1894.750 
1894.769 
1894.787 
1894.806 
1894.825 
1894.843 
1894.862 
1894.881 
1894.899 
1894.918 
1894.937 
1894.955 
1894.974 
1894.993 
1895.011 
1895.030 
1895.049 
1895.067 
1895.086 
1895.105 
1895.123 
1895.142 
1895.161 
1895.179 
1895.198 
1895.217 
1895.235 
1895.254 
1895.273 
1895.291 
1895.310 
1895.329 
1895.347 
1895.366 
1895.385 
1895.403 
1895.422 
1895.440 
1895.459 
1895.478 
1895.496 
1895.515 
1895.534 
1895.552 
1895.571 
1895.590 
1895.608 
1895.627 
1895.646 
1895.664 
1895.683 
1895.702 
1895.720 
1895.739 
1895.757 
1895.776 
1895.795 
1895.813 
1895.832 
1895.851 
1895.869 
1895.888 
1895.907 
1895.925 
1895.944 
1895.962 
1895.981 
1896.000 
1896.018 
1896.037 
1896.056 
1896.074 
1896.093 
1896.111 
1896.130 
1896.149 
1896.167 
1896.186 
1896.205 
1896.223 
1896.242 
1896.260 
1896.279 
1896.298 
1896.316 
1896.335 
1896.354 
1896.372 
1896.391 
1896.409 
1896.428 
1896.447 
1896.465 
1896.484 
1896.502 
1896.521 
1896.540 
1896.558 
1896.577 
1896.596 
1896.614 
1896.633 
1896.651 
1896.670 
1896.689 
1896.707 
1896.726 
1896.744 
1896.763 
1896.782 
1896.800 
1896.819 
1896.837 
1896.856 
1896.875 
1896.893 
1896.912 
1896.930 
1896.949 
1896.968 
1896.986 
1897.005 
1897.023 
1897.042 
1897.061 
1897.079 
1897.098 
1897.116 
1897.135 
1897.153 
1897.172 
1897.191 
1897.209 
1897.228 
1897.246 
1897.265 
1897.284 
1897.302 
1897.321 
1897.339 
1897.358 
1897.376 
1897.395 
1897.414 
1897.432 
1897.451 
1897.469 
1897.488 
1897.507 
1897.525 
1897.544 
1897.562 
1897.581 
1897.599 
1897.618 
1897.637 
1897.655 
1897.674 
1897.692 
1897.711 
1897.729 
1897.748 
1897.767 
1897.785 
1897.804 
1897.822 
1897.841 
1897.859 
1897.878 
1897.896 
1897.915 
1897.934 
1897.952 
1897.971 
1897.989 
1898.008 
1898.026 
1898.045 
1898.063 
1898.082 
1898.101 
1898.119 
1898.138 
1898.156 
1898.175 
1898.193 
1898.212 
1898.230 
1898.249 
1898.268 
1898.286 
1898.305 
1898.323 
1898.342 
1898.360 
1898.379 
1898.397 
1898.416 
1898.434 
1898.453 
1898.472 
1898.490 
1898.509 
1898.527 
1898.546 
1898.564 
1898.583 
1898.601 
1898.620 
1898.638 
1898.657 
1898.675 
1898.694 
1898.712 
1898.731 
1898.750 
1898.768 
1898.787 
1898.805 
1898.824 
1898.842 
1898.861 
1898.879 
1898.898 
1898.916 
1898.935 
1898.953 
1898.972 
1898.990 
1899.009 
1899.027 
1899.046 
1899.064 
1899.083 
1899.101 
1899.120 
1899.139 
1899.157 
1899.176 
1899.194 
1899.213 
1899.231 
1899.250 
1899.268 
1899.287 
1899.305 
1899.324 
1899.342 
1899.361 
1899.379 
1899.398 
1899.416 
1899.435 
1899.453 
1899.472 
1899.490 
1899.509 
1899.527 
1899.546 
1899.564 
1899.583 
1899.601 
1899.620 
1899.638 
1899.657 
1899.675 
1899.694 
1899.712 
1899.731 
1899.749 
1899.768 
1899.786 
1899.805 
1899.823 
1899.842 
1899.860 
1899.879 
1899.897 
1899.916 
1899.934 
1899.953 
1899.971 
1899.990 
1900.008 
1900.026 
1900.045 
1900.063 
1900.082 
1900.100 
1900.119 
1900.137 
1900.156 
1900.174 
1900.193 
1900.211 
1900.230 
1900.248 
1900.267 
1900.285 
1900.304 
1900.322 
1900.341 
1900.359 
1900.378 
1900.396 
1900.414 
1900.433 
1900.451 
1900.470 
1900.488 
1900.507 
1900.525 
1900.544 
1900.562 
1900.581 
1900.599 
1900.618 
1900.636 
1900.655 
1900.673 
1900.691 
1900.710 
1900.728 
1900.747 
1900.765 
1900.784 
1900.802 
1900.821 
1900.839 
1900.858 
1900.876 
1900.894 
1900.913 
1900.931 
1900.950 
1900.968 
1900.987 
1901.005 
1901.024 
1901.042 
1901.060 
1901.079 
1901.097 
1901.116 
1901.134 
1901.153 
1901.171 
1901.190 
1901.208 
1901.226 
1901.245 
1901.263 
1901.282 
1901.300 
1901.319 
1901.337 
1901.356 
1901.374 
1901.392 
1901.411 
1901.429 
1901.448 
1901.466 
1901.485 
1901.503 
1901.521 
1901.540 
1901.558 
1901.577 
1901.595 
1901.614 
1901.632 
1901.650 
1901.669 
1901.687 
1901.706 
1901.724 
1901.743 
1901.761 
1901.779 
1901.798 
1901.816 
1901.835 
1901.853 
1901.871 
1901.890 
1901.908 
1901.927 
1901.945 
1901.963 
1901.982 
1902.000 
1902.019 
1902.037 
1902.056 
1902.074 
1902.092 
1902.111 
1902.129 
1902.148 
1902.166 
1902.184 
1902.203 
1902.221 
1902.240 
1902.258 
1902.276 
1902.295 
1902.313 
1902.332 
1902.350 
1902.368 
1902.387 
1902.405 
1902.424 
1902.442 
1902.460 
1902.479 
1902.497 
1902.516 
1902.534 
1902.552 
1902.571 
1902.589 
1902.608 
1902.626 
1902.644 
1902.663 
1902.681 
1902.699 
1902.718 
1902.736 
1902.755 
1902.773 
1902.791 
1902.810 
1902.828 
1902.846 
1902.865 
1902.883 
1902.902 
1902.920 
1902.938 
1902.957 
1902.975 
1902.994 
1903.012 
1903.030 
1903.049 
1903.067 
1903.085 
1903.104 
1903.122 
1903.140 
1903.159 
1903.177 
1903.196 
1903.214 
1903.232 
1903.251 
1903.269 
1903.287 
1903.306 
1903.324 
1903.342 
1903.361 
1903.379 
1903.398 
1903.416 
1903.434 
1903.453 
1903.471 
1903.489 
1903.508 
1903.526 
1903.544 
1903.563 
1903.581 
1903.599 
1903.618 
1903.636 
1903.655 
1903.673 
1903.691 
1903.710 
1903.728 
1903.746 
1903.765 
1903.783 
1903.801 
1903.820 
1903.838 
1903.856 
1903.875 
1903.893 
1903.911 
1903.930 
1903.948 
1903.966 
1903.985 
1904.003 
1904.021 
1904.040 
1904.058 
1904.076 
1904.095 
1904.113 
1904.131 
1904.150 
1904.168 
1904.186 
1904.205 
1904.223 
1904.241 
1904.260 
1904.278 
1904.296 
1904.315 
1904.333 
1904.351 
1904.370 
1904.388 
1904.406 
1904.425 
1904.443 
1904.461 
1904.480 
1904.498 
1904.516 
1904.535 
1904.553 
1904.571 
1904.589 
1904.608 
1904.626 
1904.644 
1904.663 
1904.681 
1904.699 
1904.718 
1904.736 
1904.754 
1904.773 
1904.791 
1904.809 
1904.828 
1904.846 
1904.864 
1904.882 
1904.901 
1904.919 
1904.937 
1904.956 
1904.974 
1904.992 
