1292.000
1292.014
1292.028
1292.042
1292.056
1292.070
1292.085
1292.099
1292.113
1292.127
1292.141
1292.155
1292.169
1292.183
1292.197
1292.211
1292.226
1292.240
1292.254
1292.268
1292.282
1292.296
1292.310
1292.324
1292.338
1292.352
1292.366
1292.381
1292.395
1292.409
1292.423
1292.437
1292.451
1292.465
1292.479
1292.493
1292.507
1292.521
1292.535
1292.550
1292.564
1292.578
1292.592
1292.606
1292.620
1292.634
1292.648
1292.662
1292.676
1292.690
1292.704
1292.719
1292.733
1292.747
1292.761
1292.775
1292.789
1292.803
1292.817
1292.831
1292.845
1292.859
1292.873
1292.887
1292.901
1292.916
1292.930
1292.944
1292.958
1292.972
1292.986
1293.000
1293.014
1293.028
1293.042
1293.056
1293.070
1293.084
1293.098
1293.112
1293.127
1293.141
1293.155
1293.169
1293.183
1293.197
1293.211
1293.225
1293.239
1293.253
1293.267
1293.281
1293.295
1293.309
1293.323
1293.337
1293.351
1293.366
1293.380
1293.394
1293.408
1293.422
1293.436
1293.450
1293.464
1293.478
1293.492
1293.506
1293.520
1293.534
1293.548
1293.562
1293.576
1293.590
1293.604
1293.618
1293.632
1293.647
1293.661
1293.675
1293.689
1293.703
1293.717
1293.731
1293.745
1293.759
1293.773
1293.787
1293.801
1293.815
1293.829
1293.843
1293.857
1293.871
1293.885
1293.899
1293.913
1293.927
1293.941
1293.955
1293.969
1293.983
1293.998
1294.012
1294.026
1294.040
1294.054
1294.068
1294.082
1294.096
1294.110
1294.124
1294.138
1294.152
1294.166
1294.180
1294.194
1294.208
1294.222
1294.236
1294.250
1294.264
1294.278
1294.292
1294.306
1294.320
1294.334
1294.348
1294.362
1294.376
1294.390
1294.404
1294.418
1294.432
1294.446
1294.460
1294.474
1294.488
1294.502
1294.516
1294.530
1294.544
1294.558
1294.572
1294.587
1294.601
1294.615
1294.629
1294.643
1294.657
1294.671
1294.685
1294.699
1294.713
1294.727
1294.741
1294.755
1294.769
1294.783
1294.797
1294.811
1294.825
1294.839
1294.853
1294.867
1294.881
1294.895
1294.909
1294.923
1294.937
1294.951
1294.965
1294.979
1294.993
1295.007
1295.021
1295.035
1295.049
1295.063
1295.077
1295.091
1295.105
1295.119
1295.133
1295.147
1295.161
1295.175
1295.189
1295.203
1295.217
1295.231
1295.245
1295.259
1295.273
1295.287
1295.301
1295.315
1295.329
1295.343
1295.357
1295.371
1295.385
1295.399
1295.413
1295.427
1295.440
1295.454
1295.468
1295.482
1295.496
1295.510
1295.524
1295.538
1295.552
1295.566
1295.580
1295.594
1295.608
1295.622
1295.636
1295.650
1295.664
1295.678
1295.692
1295.706
1295.720
1295.734
1295.748
1295.762
1295.776
1295.790
1295.804
1295.818
1295.832
1295.846
1295.860
1295.874
1295.888
1295.902
1295.916
1295.930
1295.944
1295.958
1295.972
1295.986
1296.000
1296.014
1296.027
1296.041
1296.055
1296.069
1296.083
1296.097
1296.111
1296.125
1296.139
1296.153
1296.167
1296.181
1296.195
1296.209
1296.223
1296.237
1296.251
1296.265
1296.279
1296.293
1296.307
1296.321
1296.335
1296.349
1296.363
1296.376
1296.390
1296.404
1296.418
1296.432
1296.446
1296.460
1296.474
1296.488
1296.502
1296.516
1296.530
1296.544
1296.558
1296.572
1296.586
1296.600
1296.614
1296.628
1296.642
1296.655
1296.669
1296.683
1296.697
1296.711
1296.725
1296.739
1296.753
1296.767
1296.781
1296.795
1296.809
1296.823
1296.837
1296.851
1296.865
1296.879
1296.892
1296.906
1296.920
1296.934
1296.948
1296.962
1296.976
1296.990
1297.004
1297.018
1297.032
1297.046
1297.060
1297.074
1297.088
1297.101
1297.115
1297.129
1297.143
1297.157
1297.171
1297.185
1297.199
1297.213
1297.227
1297.241
1297.255
1297.269
1297.283
1297.296
1297.310
1297.324
1297.338
1297.352
1297.366
1297.380
1297.394
1297.408
1297.422
1297.436
1297.450
1297.464
1297.477
1297.491
1297.505
1297.519
1297.533
1297.547
1297.561
1297.575
1297.589
1297.603
1297.617
1297.630
1297.644
1297.658
1297.672
1297.686
1297.700
1297.714
1297.728
1297.742
1297.756
1297.770
1297.783
1297.797
1297.811
1297.825
1297.839
1297.853
1297.867
1297.881
1297.895
1297.909
1297.923
1297.936
1297.950
1297.964
1297.978
1297.992
1298.006
1298.020
1298.034
1298.048
1298.062
1298.075
1298.089
1298.103
1298.117
1298.131
1298.145
1298.159
1298.173
1298.187
1298.201
1298.214
1298.228
1298.242
1298.256
1298.270
1298.284
1298.298
1298.312
1298.326
1298.339
1298.353
1298.367
1298.381
1298.395
1298.409
1298.423
1298.437
1298.451
1298.464
1298.478
1298.492
1298.506
1298.520
1298.534
1298.548
1298.562
1298.575
1298.589
1298.603
1298.617
1298.631
1298.645
1298.659
1298.673
1298.687
1298.700
1298.714
1298.728
1298.742
1298.756
1298.770
1298.784
1298.798
1298.811
1298.825
1298.839
1298.853
1298.867
1298.881
1298.895
1298.908
1298.922
1298.936
1298.950
1298.964
1298.978
1298.992
1299.006
1299.019
1299.033
1299.047
1299.061
1299.075
1299.089
1299.103
1299.116
1299.130
1299.144
1299.158
1299.172
1299.186
1299.200
1299.214
1299.227
1299.241
1299.255
1299.269
1299.283
1299.297
1299.311
1299.324
1299.338
1299.352
1299.366
1299.380
1299.394
1299.407
1299.421
1299.435
1299.449
1299.463
1299.477
1299.491
1299.504
1299.518
1299.532
1299.546
1299.560
1299.574
1299.588
1299.601
1299.615
1299.629
1299.643
1299.657
1299.671
1299.684
1299.698
1299.712
1299.726
1299.740
1299.754
1299.768
1299.781
1299.795
1299.809
1299.823
1299.837
1299.851
1299.864
1299.878
1299.892
1299.906
1299.920
1299.934
1299.947
1299.961
1299.975
1299.989
1300.003
1300.017
1300.030
1300.044
1300.058
1300.072
1300.086
1300.100
1300.113
1300.127
1300.141
1300.155
1300.169
1300.183
1300.196
1300.210
1300.224
1300.238
1300.252
1300.266
1300.279
1300.293
1300.307
1300.321
1300.335
1300.348
1300.362
1300.376
1300.390
1300.404
1300.418
1300.431
1300.445
1300.459
1300.473
1300.487
1300.500
1300.514
1300.528
1300.542
1300.556
1300.570
1300.583
1300.597
1300.611
1300.625
1300.639
1300.652
1300.666
1300.680
1300.694
1300.708
1300.721
1300.735
1300.749
1300.763
1300.777
1300.791
1300.804
1300.818
1300.832
1300.846
1300.860
1300.873
1300.887
1300.901
1300.915
1300.929
1300.942
1300.956
1300.970
1300.984
1300.998
1301.011
1301.025
1301.039
1301.053
1301.067
1301.080
1301.094
1301.108
1301.122
1301.136
1301.149
1301.163
1301.177
1301.191
1301.205
1301.218
1301.232
1301.246
1301.260
1301.273
1301.287
1301.301
1301.315
1301.329
1301.342
1301.356
1301.370
1301.384
1301.398
1301.411
1301.425
1301.439
1301.453
1301.467
1301.480
1301.494
1301.508
1301.522
1301.535
1301.549
1301.563
1301.577
1301.591
1301.604
1301.618
1301.632
1301.646
1301.659
1301.673
1301.687
1301.701
1301.715
1301.728
1301.742
1301.756
1301.770
1301.783
1301.797
1301.811
1301.825
1301.839
1301.852
1301.866
1301.880
1301.894
1301.907
1301.921
1301.935
1301.949
1301.962
1301.976
1301.990
1302.004
1302.018
1302.031
1302.045
1302.059
1302.073
1302.086
1302.100
1302.114
1302.128
1302.141
1302.155
1302.169
1302.183
1302.196
1302.210
1302.224
1302.238
1302.252
1302.265
1302.279
1302.293
1302.307
1302.320
1302.334
1302.348
1302.362
1302.375
1302.389
1302.403
1302.417
1302.430
1302.444
1302.458
1302.472
1302.485
1302.499
1302.513
1302.527
1302.540
1302.554
1302.568
1302.582
1302.595
1302.609
1302.623
1302.637
1302.650
1302.664
1302.678
1302.692
1302.705
1302.719
1302.733
1302.747
1302.760
1302.774
1302.788
1302.801
1302.815
1302.829
1302.843
1302.856
1302.870
1302.884
1302.898
1302.911
1302.925
1302.939
1302.953
1302.966
1302.980
1302.994
1303.008
1303.021
1303.035
1303.049
1303.062
1303.076
1303.090
1303.104
1303.117
1303.131
1303.145
1303.159
1303.172
1303.186
1303.200
1303.213
1303.227
1303.241
1303.255
1303.268
1303.282
1303.296
1303.310
1303.323
1303.337
1303.351
1303.364
1303.378
1303.392
1303.406
1303.419
1303.433
1303.447
1303.460
1303.474
1303.488
1303.502
1303.515
1303.529
1303.543
1303.556
1303.570
1303.584
1303.598
1303.611
1303.625
1303.639
1303.652
1303.666
1303.680
1303.694
1303.707
1303.721
1303.735
1303.748
1303.762
1303.776
1303.790
1303.803
1303.817
1303.831
1303.844
1303.858
1303.872
1303.886
1303.899
1303.913
1303.927
1303.940
1303.954
1303.968
1303.981
1303.995
1304.009
1304.023
1304.036
1304.050
1304.064
1304.077
1304.091
1304.105
1304.118
1304.132
1304.146
1304.160
1304.173
1304.187
1304.201
1304.214
1304.228
1304.242
1304.255
1304.269
1304.283
1304.296
1304.310
1304.324
1304.338
1304.351
1304.365
1304.379
1304.392
1304.406
1304.420
1304.433
1304.447
1304.461
1304.474
1304.488
1304.502
1304.515
1304.529
1304.543
1304.556
1304.570
1304.584
1304.598
1304.611
1304.625
1304.639
1304.652
1304.666
1304.680
1304.693
1304.707
1304.721
1304.734
1304.748
1304.762
1304.775
1304.789
1304.803
1304.816
1304.830
1304.844
1304.857
1304.871
1304.885
1304.898
1304.912
1304.926
1304.939
1304.953
1304.967
1304.980
1304.994
1305.008
1305.021
1305.035
1305.049
1305.062
1305.076
1305.090
1305.103
1305.117
1305.131
1305.144
1305.158
1305.172
1305.185
1305.199
1305.213
1305.226
1305.240
1305.254
1305.267
1305.281
1305.295
1305.308
1305.322
1305.336
1305.349
1305.363
1305.377
1305.390
1305.404
1305.418
1305.431
1305.445
1305.458
1305.472
1305.486
1305.499
1305.513
1305.527
1305.540
1305.554
1305.568
1305.581
1305.595
1305.609
1305.622
1305.636
1305.650
1305.663
1305.677
1305.690
1305.704
1305.718
1305.731
1305.745
1305.759
1305.772
1305.786
1305.800
1305.813
1305.827
1305.841
1305.854
1305.868
1305.881
1305.895
1305.909
1305.922
1305.936
1305.950
1305.963
1305.977
1305.991
1306.004
1306.018
1306.031
1306.045
1306.059
1306.072
1306.086
1306.100
1306.113
1306.127
1306.140
1306.154
1306.168
1306.181
1306.195
1306.209
1306.222
1306.236
1306.250
1306.263
1306.277
1306.290
1306.304
1306.318
1306.331
1306.345
1306.358
1306.372
1306.386
1306.399
1306.413
1306.427
1306.440
1306.454
1306.467
1306.481
1306.495
1306.508
1306.522
1306.536
1306.549
1306.563
1306.576
1306.590
1306.604
1306.617
1306.631
1306.644
1306.658
1306.672
1306.685
1306.699
1306.712
1306.726
1306.740
1306.753
1306.767
1306.781
1306.794
1306.808
1306.821
1306.835
1306.849
1306.862
1306.876
1306.889
1306.903
1306.917
1306.930
1306.944
1306.957
1306.971
1306.985
1306.998
1307.012
1307.025
1307.039
1307.053
1307.066
1307.080
1307.093
1307.107
1307.121
1307.134
1307.148
1307.161
1307.175
1307.189
1307.202
1307.216
1307.229
1307.243
1307.257
1307.270
1307.284
1307.297
1307.311
1307.324
1307.338
1307.352
1307.365
1307.379
1307.392
1307.406
1307.420
1307.433
1307.447
1307.460
1307.474
1307.488
1307.501
1307.515
1307.528
1307.542
1307.555
1307.569
1307.583
1307.596
1307.610
1307.623
1307.637
1307.650
1307.664
1307.678
1307.691
1307.705
1307.718
1307.732
1307.746
1307.759
1307.773
1307.786
1307.800
1307.813
1307.827
1307.841
1307.854
1307.868
1307.881
1307.895
1307.908
1307.922
1307.936
1307.949
1307.963
1307.976
1307.990
1308.003
1308.017
1308.031
1308.044
1308.058
1308.071
1308.085
1308.098
1308.112
1308.125
1308.139
1308.153
1308.166
1308.180
1308.193
1308.207
1308.220
1308.234
1308.248
1308.261
1308.275
1308.288
1308.302
1308.315
1308.329
1308.342
1308.356
1308.370
1308.383
1308.397
1308.410
1308.424
1308.437
1308.451
1308.464
1308.478
1308.491
1308.505
1308.519
1308.532
1308.546
1308.559
1308.573
1308.586
1308.600
1308.613
1308.627
1308.641
1308.654
1308.668
1308.681
1308.695
1308.708
1308.722
1308.735
1308.749
1308.762
1308.776
1308.789
1308.803
1308.817
1308.830
1308.844
1308.857
1308.871
1308.884
1308.898
1308.911
1308.925
1308.938
1308.952
1308.965
1308.979
1308.993
1309.006
1309.020
1309.033
1309.047
1309.060
1309.074
1309.087
1309.101
1309.114
1309.128
1309.141
1309.155
1309.168
1309.182
1309.196
1309.209
1309.223
1309.236
1309.250
1309.263
1309.277
1309.290
1309.304
1309.317
1309.331
1309.344
1309.358
1309.371
1309.385
1309.398
1309.412
1309.425
1309.439
1309.452
1309.466
1309.479
1309.493
1309.507
1309.520
1309.534
1309.547
1309.561
1309.574
1309.588
1309.601
1309.615
1309.628
1309.642
1309.655
1309.669
1309.682
1309.696
1309.709
1309.723
1309.736
1309.750
1309.763
1309.777
1309.790
1309.804
1309.817
1309.831
1309.844
1309.858
1309.871
1309.885
1309.898
1309.912
1309.925
1309.939
1309.952
1309.966
1309.979
1309.993
1310.006
1310.020
1310.033
1310.047
1310.060
1310.074
1310.087
1310.101
1310.114
1310.128
1310.141
1310.155
1310.168
1310.182
1310.195
1310.209
1310.222
1310.236
1310.249
1310.263
1310.276
1310.290
1310.303
1310.317
1310.330
1310.344
1310.357
1310.371
1310.384
1310.398
1310.411
1310.425
1310.438
1310.452
1310.465
1310.479
1310.492
1310.506
1310.519
1310.532
1310.546
1310.559
1310.573
1310.586
1310.600
1310.613
1310.627
1310.640
1310.654
1310.667
1310.681
1310.694
1310.708
1310.721
1310.735
1310.748
1310.762
1310.775
1310.789
1310.802
1310.816
1310.829
1310.842
1310.856
1310.869
1310.883
1310.896
1310.910
1310.923
1310.937
1310.950
1310.964
1310.977
1310.991
1311.004
1311.018
1311.031
1311.044
1311.058
1311.071
1311.085
1311.098
1311.112
1311.125
1311.139
1311.152
1311.166
1311.179
1311.193
1311.206
1311.220
1311.233
1311.246
1311.260
1311.273
1311.287
1311.300
1311.314
1311.327
1311.341
1311.354
1311.368
1311.381
1311.394
1311.408
1311.421
1311.435
1311.448
1311.462
1311.475
1311.489
1311.502
1311.516
1311.529
1311.542
1311.556
1311.569
1311.583
1311.596
1311.610
1311.623
1311.637
1311.650
1311.663
1311.677
1311.690
1311.704
1311.717
1311.731
1311.744
1311.758
1311.771
1311.784
1311.798
1311.811
1311.825
1311.838
1311.852
1311.865
1311.878
1311.892
1311.905
1311.919
1311.932
1311.946
1311.959
1311.973
1311.986
1311.999
1312.013
1312.026
1312.040
1312.053
1312.067
1312.080
1312.093
1312.107
1312.120
1312.134
1312.147
1312.161
1312.174
1312.187
1312.201
1312.214
1312.228
1312.241
1312.255
1312.268
1312.281
1312.295
1312.308
1312.322
1312.335
1312.349
1312.362
1312.375
1312.389
1312.402
1312.416
1312.429
1312.442
1312.456
1312.469
1312.483
1312.496
1312.510
1312.523
1312.536
1312.550
1312.563
1312.577
1312.590
1312.603
1312.617
1312.630
1312.644
1312.657
1312.671
1312.684
1312.697
1312.711
1312.724
1312.738
1312.751
1312.764
1312.778
1312.791
1312.805
1312.818
1312.831
1312.845
1312.858
1312.872
1312.885
1312.898
1312.912
1312.925
1312.939
1312.952
1312.965
1312.979
1312.992
1313.006
1313.019
1313.032
1313.046
1313.059
1313.073
1313.086
1313.099
1313.113
1313.126
1313.140
1313.153
1313.166
1313.180
1313.193
1313.207
1313.220
1313.233
1313.247
1313.260
1313.274
1313.287
1313.300
1313.314
1313.327
1313.341
1313.354
1313.367
1313.381
1313.394
1313.407
1313.421
1313.434
1313.448
1313.461
1313.474
1313.488
1313.501
1313.515
1313.528
1313.541
1313.555
1313.568
1313.581
1313.595
1313.608
1313.622
1313.635
1313.648
1313.662
1313.675
1313.688
1313.702
1313.715
1313.729
1313.742
1313.755
1313.769
1313.782
1313.795
1313.809
1313.822
1313.836
1313.849
1313.862
1313.876
1313.889
1313.902
1313.916
1313.929
1313.943
1313.956
1313.969
1313.983
1313.996
1314.009
1314.023
1314.036
1314.050
1314.063
1314.076
1314.090
1314.103
1314.116
1314.130
1314.143
1314.156
1314.170
1314.183
1314.197
1314.210
1314.223
1314.237
1314.250
1314.263
1314.277
1314.290
1314.303
1314.317
1314.330
1314.343
1314.357
1314.370
1314.384
1314.397
1314.410
1314.424
1314.437
1314.450
1314.464
1314.477
1314.490
1314.504
1314.517
1314.530
1314.544
1314.557
1314.570
1314.584
1314.597
1314.610
1314.624
1314.637
1314.650
1314.664
1314.677
1314.691
1314.704
1314.717
1314.731
1314.744
1314.757
1314.771
1314.784
1314.797
1314.811
1314.824
1314.837
1314.851
1314.864
1314.877
1314.891
1314.904
1314.917
1314.931
1314.944
1314.957
1314.971
1314.984
1314.997
1315.011
1315.024
1315.037
1315.051
1315.064
1315.077
1315.091
1315.104
1315.117
1315.131
1315.144
1315.157
1315.171
1315.184
1315.197
1315.211
1315.224
1315.237
1315.251
1315.264
1315.277
1315.291
1315.304
1315.317
1315.331
1315.344
1315.357
1315.370
1315.384
1315.397
1315.410
1315.424
1315.437
1315.450
1315.464
1315.477
1315.490
1315.504
1315.517
1315.530
1315.544
1315.557
1315.570
1315.584
1315.597
1315.610
1315.624
1315.637
1315.650
1315.663
1315.677
1315.690
1315.703
1315.717
1315.730
1315.743
1315.757
1315.770
1315.783
1315.797
1315.810
1315.823
1315.836
1315.850
1315.863
1315.876
1315.890
1315.903
1315.916
1315.930
1315.943
1315.956
1315.969
1315.983
1315.996
1316.009
1316.023
1316.036
1316.049
1316.063
1316.076
1316.089
1316.102
1316.116
1316.129
1316.142
1316.156
1316.169
1316.182
1316.196
1316.209
1316.222
1316.235
1316.249
1316.262
1316.275
1316.289
1316.302
1316.315
1316.328
1316.342
1316.355
1316.368
1316.382
1316.395
1316.408
1316.421
1316.435
1316.448
1316.461
1316.475
1316.488
1316.501
1316.514
1316.528
1316.541
1316.554
1316.568
1316.581
1316.594
1316.607
1316.621
1316.634
1316.647
1316.661
1316.674
1316.687
1316.700
1316.714
1316.727
1316.740
1316.753
1316.767
1316.780
1316.793
1316.807
1316.820
1316.833
1316.846
1316.860
1316.873
1316.886
1316.899
1316.913
1316.926
1316.939
1316.953
1316.966
1316.979
1316.992
1317.006
1317.019
1317.032
1317.045
1317.059
1317.072
1317.085
1317.098
1317.112
1317.125
1317.138
1317.152
1317.165
1317.178
1317.191
1317.205
1317.218
1317.231
1317.244
1317.258
1317.271
1317.284
1317.297
1317.311
1317.324
1317.337
1317.350
1317.364
1317.377
1317.390
1317.403
1317.417
1317.430
1317.443
1317.456
1317.470
1317.483
1317.496
1317.509
1317.523
1317.536
1317.549
1317.562
1317.576
1317.589
1317.602
1317.615
1317.629
1317.642
1317.655
1317.668
1317.682
1317.695
1317.708
1317.721
1317.735
1317.748
1317.761
1317.774
1317.788
1317.801
1317.814
1317.827
1317.841
1317.854
1317.867
1317.880
1317.894
1317.907
1317.920
1317.933
1317.946
1317.960
1317.973
1317.986
1317.999
1318.013
1318.026
1318.039
1318.052
1318.066
1318.079
1318.092
1318.105
1318.118
1318.132
1318.145
1318.158
1318.171
1318.185
1318.198
1318.211
1318.224
1318.238
1318.251
1318.264
1318.277
1318.290
1318.304
1318.317
1318.330
1318.343
1318.357
1318.370
1318.383
1318.396
1318.409
1318.423
1318.436
1318.449
1318.462
1318.476
1318.489
1318.502
1318.515
1318.528
1318.542
1318.555
1318.568
1318.581
1318.594
1318.608
1318.621
1318.634
1318.647
1318.661
1318.674
1318.687
1318.700
1318.713
1318.727
1318.740
1318.753
1318.766
1318.779
1318.793
1318.806
1318.819
1318.832
1318.845
1318.859
1318.872
1318.885
1318.898
1318.911
1318.925
1318.938
1318.951
1318.964
1318.977
1318.991
1319.004
1319.017
1319.030
1319.043
1319.057
1319.070
1319.083
1319.096
1319.109
1319.123
1319.136
1319.149
1319.162
1319.175
1319.189
1319.202
1319.215
1319.228
1319.241
1319.255
1319.268
1319.281
1319.294
1319.307
1319.321
1319.334
1319.347
1319.360
1319.373
1319.386
1319.400
1319.413
1319.426
1319.439
1319.452
1319.466
1319.479
1319.492
1319.505
1319.518
1319.532
1319.545
1319.558
1319.571
1319.584
1319.597
1319.611
1319.624
1319.637
1319.650
1319.663
1319.677
1319.690
1319.703
1319.716
1319.729
1319.742
1319.756
1319.769
1319.782
1319.795
1319.808
1319.821
1319.835
1319.848
1319.861
1319.874
1319.887
1319.900
1319.914
1319.927
1319.940
1319.953
1319.966
1319.979
1319.993
1320.006
1320.019
1320.032
1320.045
1320.058
1320.072
1320.085
1320.098
1320.111
1320.124
1320.137
1320.151
1320.164
1320.177
1320.190
1320.203
1320.216
1320.230
1320.243
1320.256
1320.269
1320.282
1320.295
1320.309
1320.322
1320.335
1320.348
1320.361
1320.374
1320.387
1320.401
1320.414
1320.427
1320.440
1320.453
1320.466
1320.480
1320.493
1320.506
1320.519
1320.532
1320.545
1320.558
1320.572
1320.585
1320.598
1320.611
1320.624
1320.637
1320.650
1320.664
1320.677
1320.690
1320.703
1320.716
1320.729
1320.742
1320.756
1320.769
1320.782
1320.795
1320.808
1320.821
1320.834
1320.848
1320.861
1320.874
1320.887
1320.900
1320.913
1320.926
1320.940
1320.953
1320.966
1320.979
1320.992
1321.005
1321.018
1321.031
1321.045
1321.058
1321.071
1321.084
1321.097
1321.110
1321.123
1321.137
1321.150
1321.163
1321.176
1321.189
1321.202
1321.215
1321.228
1321.242
1321.255
1321.268
1321.281
1321.294
1321.307
1321.320
1321.333
1321.347
1321.360
1321.373
1321.386
1321.399
1321.412
1321.425
1321.438
1321.452
1321.465
1321.478
1321.491
1321.504
1321.517
1321.530
1321.543
1321.556
1321.570
1321.583
1321.596
1321.609
1321.622
1321.635
1321.648
1321.661
1321.674
1321.688
1321.701
1321.714
1321.727
1321.740
1321.753
1321.766
1321.779
1321.792
1321.806
1321.819
1321.832
1321.845
1321.858
1321.871
1321.884
1321.897
1321.910
1321.923
1321.937
1321.950
1321.963
1321.976
1321.989
