1539.000
1539.017
1539.034
1539.051
1539.068
1539.084
1539.101
1539.118
1539.135
1539.152
1539.169
1539.186
1539.203
1539.220
1539.237
1539.253
1539.270
1539.287
1539.304
1539.321
1539.338
1539.355
1539.372
1539.389
1539.405
1539.422
1539.439
1539.456
1539.473
1539.490
1539.507
1539.524
1539.541
1539.557
1539.574
1539.591
1539.608
1539.625
1539.642
1539.659
1539.676
1539.692
1539.709
1539.726
1539.743
1539.760
1539.777
1539.794
1539.811
1539.827
1539.844
1539.861
1539.878
1539.895
1539.912
1539.929
1539.946
1539.962
1539.979
1539.996
1540.013
1540.030
1540.047
1540.064
1540.081
1540.097
1540.114
1540.131
1540.148
1540.165
1540.182
1540.199
1540.215
1540.232
1540.249
1540.266
1540.283
1540.300
1540.317
1540.333
1540.350
1540.367
1540.384
1540.401
1540.418
1540.435
1540.451
1540.468
1540.485
1540.502
1540.519
1540.536
1540.553
1540.569
1540.586
1540.603
1540.620
1540.637
1540.654
1540.670
1540.687
1540.704
1540.721
1540.738
1540.755
1540.772
1540.788
1540.805
1540.822
1540.839
1540.856
1540.873
1540.889
1540.906
1540.923
1540.940
1540.957
1540.974
1540.990
1541.007
1541.024
1541.041
1541.058
1541.075
1541.092
1541.108
1541.125
1541.142
1541.159
1541.176
1541.192
1541.209
1541.226
1541.243
1541.260
1541.277
1541.293
1541.310
1541.327
1541.344
1541.361
1541.378
1541.394
1541.411
1541.428
1541.445
1541.462
1541.479
1541.495
1541.512
1541.529
1541.546
1541.563
1541.579
1541.596
1541.613
1541.630
1541.647
1541.664
1541.680
1541.697
1541.714
1541.731
1541.748
1541.764
1541.781
1541.798
1541.815
1541.832
1541.848
1541.865
1541.882
1541.899
1541.916
1541.933
1541.949
1541.966
1541.983
1542.000
1542.017
1542.033
1542.050
1542.067
1542.084
1542.101
1542.117
1542.134
1542.151
1542.168
1542.185
1542.201
1542.218
1542.235
1542.252
1542.269
1542.285
1542.302
1542.319
1542.336
1542.353
1542.369
1542.386
1542.403
1542.420
1542.436
1542.453
1542.470
1542.487
1542.504
1542.520
1542.537
1542.554
1542.571
1542.588
1542.604
1542.621
1542.638
1542.655
1542.672
1542.688
1542.705
1542.722
1542.739
1542.755
1542.772
1542.789
1542.806
1542.823
1542.839
1542.856
1542.873
1542.890
1542.906
1542.923
1542.940
1542.957
1542.974
1542.990
1543.007
1543.024
1543.041
1543.057
1543.074
1543.091
1543.108
1543.124
1543.141
1543.158
1543.175
1543.192
1543.208
1543.225
1543.242
1543.259
1543.275
1543.292
1543.309
1543.326
1543.342
1543.359
1543.376
1543.393
1543.409
1543.426
1543.443
1543.460
1543.477
1543.493
1543.510
1543.527
1543.544
1543.560
1543.577
1543.594
1543.611
1543.627
1543.644
1543.661
1543.678
1543.694
1543.711
1543.728
1543.745
1543.761
1543.778
1543.795
1543.812
1543.828
1543.845
1543.862
1543.879
1543.895
1543.912
1543.929
1543.946
1543.962
1543.979
1543.996
1544.012
1544.029
1544.046
1544.063
1544.079
1544.096
1544.113
1544.130
1544.146
1544.163
1544.180
1544.197
1544.213
1544.230
1544.247
1544.264
1544.280
1544.297
1544.314
1544.330
1544.347
1544.364
1544.381
1544.397
1544.414
1544.431
1544.448
1544.464
1544.481
1544.498
1544.514
1544.531
1544.548
1544.565
1544.581
1544.598
1544.615
1544.632
1544.648
1544.665
1544.682
1544.698
1544.715
1544.732
1544.749
1544.765
1544.782
1544.799
1544.815
1544.832
1544.849
1544.866
1544.882
1544.899
1544.916
1544.932
1544.949
1544.966
1544.983
1544.999
1545.016
1545.033
1545.049
1545.066
1545.083
1545.100
1545.116
1545.133
1545.150
1545.166
1545.183
1545.200
1545.216
1545.233
1545.250
1545.267
1545.283
1545.300
1545.317
1545.333
1545.350
1545.367
1545.383
1545.400
1545.417
1545.434
1545.450
1545.467
1545.484
1545.500
1545.517
1545.534
1545.550
1545.567
1545.584
1545.600
1545.617
1545.634
1545.651
1545.667
1545.684
1545.701
1545.717
1545.734
1545.751
1545.767
1545.784
1545.801
1545.817
1545.834
1545.851
1545.867
1545.884
1545.901
1545.917
1545.934
1545.951
1545.968
1545.984
1546.001
1546.018
1546.034
1546.051
1546.068
1546.084
1546.101
1546.118
1546.134
1546.151
1546.168
1546.184
1546.201
1546.218
1546.234
1546.251
1546.268
1546.284
1546.301
1546.318
1546.334
1546.351
1546.368
1546.384
1546.401
1546.418
1546.434
1546.451
1546.468
1546.484
1546.501
1546.518
1546.534
1546.551
1546.568
1546.584
1546.601
1546.618
1546.634
1546.651
1546.668
1546.684
1546.701
1546.718
1546.734
1546.751
1546.767
1546.784
1546.801
1546.817
1546.834
1546.851
1546.867
1546.884
1546.901
1546.917
1546.934
1546.951
1546.967
1546.984
1547.001
1547.017
1547.034
1547.050
1547.067
1547.084
1547.100
1547.117
1547.134
1547.150
1547.167
1547.184
1547.200
1547.217
1547.234
1547.250
1547.267
1547.283
1547.300
1547.317
1547.333
1547.350
1547.367
1547.383
1547.400
1547.417
1547.433
1547.450
1547.466
1547.483
1547.500
1547.516
1547.533
1547.550
1547.566
1547.583
1547.599
1547.616
1547.633
1547.649
1547.666
1547.683
1547.699
1547.716
1547.732
1547.749
1547.766
1547.782
1547.799
1547.816
1547.832
1547.849
1547.865
1547.882
1547.899
1547.915
1547.932
1547.949
1547.965
1547.982
1547.998
1548.015
1548.032
1548.048
1548.065
1548.081
1548.098
1548.115
1548.131
1548.148
1548.164
1548.181
1548.198
1548.214
1548.231
1548.247
1548.264
1548.281
1548.297
1548.314
1548.331
1548.347
1548.364
1548.380
1548.397
1548.414
1548.430
1548.447
1548.463
1548.480
1548.497
1548.513
1548.530
1548.546
1548.563
1548.580
1548.596
1548.613
1548.629
1548.646
1548.662
1548.679
1548.696
1548.712
1548.729
1548.745
1548.762
1548.779
1548.795
1548.812
1548.828
1548.845
1548.862
1548.878
1548.895
1548.911
1548.928
1548.944
1548.961
1548.978
1548.994
1549.011
1549.027
1549.044
1549.061
1549.077
1549.094
1549.110
1549.127
1549.143
1549.160
1549.177
1549.193
1549.210
1549.226
1549.243
1549.259
1549.276
1549.293
1549.309
1549.326
1549.342
1549.359
1549.375
1549.392
1549.409
1549.425
1549.442
1549.458
1549.475
1549.491
1549.508
1549.525
1549.541
1549.558
1549.574
1549.591
1549.607
1549.624
1549.641
1549.657
1549.674
1549.690
1549.707
1549.723
1549.740
1549.756
1549.773
1549.790
1549.806
1549.823
1549.839
1549.856
1549.872
1549.889
1549.905
1549.922
1549.939
1549.955
1549.972
1549.988
1550.005
1550.021
1550.038
1550.054
1550.071
1550.088
1550.104
1550.121
1550.137
1550.154
1550.170
1550.187
1550.203
1550.220
1550.236
1550.253
1550.270
1550.286
1550.303
1550.319
1550.336
1550.352
1550.369
1550.385
1550.402
1550.418
1550.435
1550.451
1550.468
1550.485
1550.501
1550.518
1550.534
1550.551
1550.567
1550.584
1550.600
1550.617
1550.633
1550.650
1550.666
1550.683
1550.699
1550.716
1550.732
1550.749
1550.766
1550.782
1550.799
1550.815
1550.832
1550.848
1550.865
1550.881
1550.898
1550.914
1550.931
1550.947
1550.964
1550.980
1550.997
1551.013
1551.030
1551.046
1551.063
1551.079
1551.096
1551.112
1551.129
1551.145
1551.162
1551.179
1551.195
1551.212
1551.228
1551.245
1551.261
1551.278
1551.294
1551.311
1551.327
1551.344
1551.360
1551.377
1551.393
1551.410
1551.426
1551.443
1551.459
1551.476
1551.492
1551.509
1551.525
1551.542
1551.558
1551.575
1551.591
1551.608
1551.624
1551.641
1551.657
1551.674
1551.690
1551.707
1551.723
1551.740
1551.756
1551.773
1551.789
1551.806
1551.822
1551.839
1551.855
1551.872
1551.888
1551.905
1551.921
1551.938
1551.954
1551.971
1551.987
1552.003
1552.020
1552.036
1552.053
1552.069
1552.086
1552.102
1552.119
1552.135
1552.152
1552.168
1552.185
1552.201
1552.218
1552.234
1552.251
1552.267
1552.284
1552.300
1552.317
1552.333
1552.350
1552.366
1552.383
1552.399
1552.415
1552.432
1552.448
1552.465
1552.481
1552.498
1552.514
1552.531
1552.547
1552.564
1552.580
1552.597
1552.613
1552.630
1552.646
1552.663
1552.679
1552.695
1552.712
1552.728
1552.745
1552.761
1552.778
1552.794
1552.811
1552.827
1552.844
1552.860
1552.877
1552.893
1552.909
1552.926
1552.942
1552.959
1552.975
1552.992
1553.008
1553.025
1553.041
1553.058
1553.074
1553.090
1553.107
1553.123
1553.140
1553.156
1553.173
1553.189
1553.206
1553.222
1553.239
1553.255
1553.271
1553.288
1553.304
1553.321
1553.337
1553.354
1553.370
1553.387
1553.403
1553.419
1553.436
1553.452
1553.469
1553.485
1553.502
1553.518
1553.534
1553.551
1553.567
1553.584
1553.600
1553.617
1553.633
1553.650
1553.666
1553.682
1553.699
1553.715
1553.732
1553.748
1553.765
1553.781
1553.797
1553.814
1553.830
1553.847
1553.863
1553.880
1553.896
1553.912
1553.929
1553.945
1553.962
1553.978
1553.995
1554.011
1554.027
1554.044
1554.060
1554.077
1554.093
1554.109
1554.126
1554.142
1554.159
1554.175
1554.192
1554.208
1554.224
1554.241
1554.257
1554.274
1554.290
1554.306
1554.323
1554.339
1554.356
1554.372
1554.389
1554.405
1554.421
1554.438
1554.454
1554.471
1554.487
1554.503
1554.520
1554.536
1554.553
1554.569
1554.585
1554.602
1554.618
1554.635
1554.651
1554.667
1554.684
1554.700
1554.717
1554.733
1554.749
1554.766
1554.782
1554.799
1554.815
1554.831
1554.848
1554.864
1554.881
1554.897
1554.913
1554.930
1554.946
1554.963
1554.979
1554.995
1555.012
1555.028
1555.045
1555.061
1555.077
1555.094
1555.110
1555.126
1555.143
1555.159
1555.176
1555.192
1555.208
1555.225
1555.241
1555.258
1555.274
1555.290
1555.307
1555.323
1555.339
1555.356
1555.372
1555.389
1555.405
1555.421
1555.438
1555.454
1555.470
1555.487
1555.503
1555.520
1555.536
1555.552
1555.569
1555.585
1555.601
1555.618
1555.634
1555.651
1555.667
1555.683
1555.700
1555.716
1555.732
1555.749
1555.765
1555.782
1555.798
1555.814
1555.831
1555.847
1555.863
1555.880
1555.896
1555.912
1555.929
1555.945
1555.962
1555.978
1555.994
1556.011
1556.027
1556.043
1556.060
1556.076
1556.092
1556.109
1556.125
1556.141
1556.158
1556.174
1556.191
1556.207
1556.223
1556.240
1556.256
1556.272
1556.289
1556.305
1556.321
1556.338
1556.354
1556.370
1556.387
1556.403
1556.419
1556.436
1556.452
1556.468
1556.485
1556.501
1556.518
1556.534
1556.550
1556.567
1556.583
1556.599
1556.616
1556.632
1556.648
1556.665
1556.681
1556.697
1556.714
1556.730
1556.746
1556.763
1556.779
1556.795
1556.812
1556.828
1556.844
1556.861
1556.877
1556.893
1556.910
1556.926
1556.942
1556.959
1556.975
1556.991
1557.008
1557.024
1557.040
1557.057
1557.073
1557.089
1557.106
1557.122
1557.138
1557.154
1557.171
1557.187
1557.203
1557.220
1557.236
1557.252
1557.269
1557.285
1557.301
1557.318
1557.334
1557.350
1557.367
1557.383
1557.399
1557.416
1557.432
1557.448
1557.465
1557.481
1557.497
1557.513
1557.530
1557.546
1557.562
1557.579
1557.595
1557.611
1557.628
1557.644
1557.660
1557.677
1557.693
1557.709
1557.725
1557.742
1557.758
1557.774
1557.791
1557.807
1557.823
1557.840
1557.856
1557.872
1557.888
1557.905
1557.921
1557.937
1557.954
1557.970
1557.986
1558.003
1558.019
1558.035
1558.051
1558.068
1558.084
1558.100
1558.117
1558.133
1558.149
1558.165
1558.182
1558.198
1558.214
1558.231
1558.247
1558.263
1558.280
1558.296
1558.312
1558.328
1558.345
1558.361
1558.377
1558.393
1558.410
1558.426
1558.442
1558.459
1558.475
1558.491
1558.507
1558.524
1558.540
1558.556
1558.573
1558.589
1558.605
1558.621
1558.638
1558.654
1558.670
1558.687
1558.703
1558.719
1558.735
1558.752
1558.768
1558.784
1558.800
1558.817
1558.833
1558.849
1558.865
1558.882
1558.898
1558.914
1558.931
1558.947
1558.963
1558.979
1558.996
1559.012
1559.028
1559.044
1559.061
1559.077
1559.093
1559.109
1559.126
1559.142
1559.158
1559.174
1559.191
1559.207
1559.223
1559.240
1559.256
1559.272
1559.288
1559.305
1559.321
1559.337
1559.353
1559.370
1559.386
1559.402
1559.418
1559.435
1559.451
1559.467
1559.483
1559.500
1559.516
1559.532
1559.548
1559.565
1559.581
1559.597
1559.613
1559.630
1559.646
1559.662
1559.678
1559.694
1559.711
1559.727
1559.743
1559.759
1559.776
1559.792
1559.808
1559.824
1559.841
1559.857
1559.873
1559.889
1559.906
1559.922
1559.938
1559.954
1559.971
1559.987
1560.003
1560.019
1560.035
1560.052
1560.068
1560.084
1560.100
1560.117
1560.133
1560.149
1560.165
1560.182
1560.198
1560.214
1560.230
1560.246
1560.263
1560.279
1560.295
1560.311
1560.328
1560.344
1560.360
1560.376
1560.392
1560.409
1560.425
1560.441
1560.457
1560.474
1560.490
1560.506
1560.522
1560.538
1560.555
1560.571
1560.587
1560.603
1560.619
1560.636
1560.652
1560.668
1560.684
1560.700
1560.717
1560.733
1560.749
1560.765
1560.782
1560.798
1560.814
1560.830
1560.846
1560.863
1560.879
1560.895
1560.911
1560.927
1560.944
1560.960
1560.976
1560.992
1561.008
1561.025
1561.041
1561.057
1561.073
1561.089
1561.106
1561.122
1561.138
1561.154
1561.170
1561.187
1561.203
1561.219
1561.235
1561.251
1561.268
1561.284
1561.300
1561.316
1561.332
1561.348
1561.365
1561.381
1561.397
1561.413
1561.429
1561.446
1561.462
1561.478
1561.494
1561.510
1561.527
1561.543
1561.559
1561.575
1561.591
1561.607
1561.624
1561.640
1561.656
1561.672
1561.688
1561.705
1561.721
1561.737
1561.753
1561.769
1561.785
1561.802
1561.818
1561.834
1561.850
1561.866
1561.882
1561.899
1561.915
1561.931
1561.947
1561.963
1561.979
1561.996
1562.012
1562.028
1562.044
1562.060
1562.076
1562.093
1562.109
1562.125
1562.141
1562.157
1562.173
1562.190
1562.206
1562.222
1562.238
1562.254
1562.270
1562.287
1562.303
1562.319
1562.335
1562.351
1562.367
1562.384
1562.400
1562.416
1562.432
1562.448
1562.464
1562.480
1562.497
1562.513
1562.529
1562.545
1562.561
1562.577
1562.594
1562.610
1562.626
1562.642
1562.658
1562.674
1562.690
1562.707
1562.723
1562.739
1562.755
1562.771
1562.787
1562.803
1562.820
1562.836
1562.852
1562.868
1562.884
1562.900
1562.916
1562.933
1562.949
1562.965
1562.981
1562.997
1563.013
1563.029
1563.046
1563.062
1563.078
1563.094
1563.110
1563.126
1563.142
1563.158
1563.175
1563.191
1563.207
1563.223
1563.239
1563.255
1563.271
1563.287
1563.304
1563.320
1563.336
1563.352
1563.368
1563.384
1563.400
1563.416
1563.433
1563.449
1563.465
1563.481
1563.497
1563.513
1563.529
1563.545
1563.562
1563.578
1563.594
1563.610
1563.626
1563.642
1563.658
1563.674
1563.690
1563.707
1563.723
1563.739
1563.755
1563.771
1563.787
1563.803
1563.819
1563.836
1563.852
1563.868
1563.884
1563.900
1563.916
1563.932
1563.948
1563.964
1563.980
1563.997
1564.013
1564.029
1564.045
1564.061
1564.077
1564.093
1564.109
1564.125
1564.142
1564.158
1564.174
1564.190
1564.206
1564.222
1564.238
1564.254
1564.270
1564.286
1564.302
1564.319
1564.335
1564.351
1564.367
1564.383
1564.399
1564.415
1564.431
1564.447
1564.463
1564.479
1564.496
1564.512
1564.528
1564.544
1564.560
1564.576
1564.592
1564.608
1564.624
1564.640
1564.656
1564.673
1564.689
1564.705
1564.721
1564.737
1564.753
1564.769
1564.785
1564.801
1564.817
1564.833
1564.849
1564.866
1564.882
1564.898
1564.914
1564.930
1564.946
1564.962
1564.978
1564.994
1565.010
1565.026
1565.042
1565.058
1565.074
1565.091
1565.107
1565.123
1565.139
1565.155
1565.171
1565.187
1565.203
1565.219
1565.235
1565.251
1565.267
1565.283
1565.299
1565.315
1565.332
1565.348
1565.364
1565.380
1565.396
1565.412
1565.428
1565.444
1565.460
1565.476
1565.492
1565.508
1565.524
1565.540
1565.556
1565.572
1565.588
1565.605
1565.621
1565.637
1565.653
1565.669
1565.685
1565.701
1565.717
1565.733
1565.749
1565.765
1565.781
1565.797
1565.813
1565.829
1565.845
1565.861
1565.877
1565.893
1565.909
1565.925
1565.942
1565.958
1565.974
1565.990
1566.006
1566.022
1566.038
1566.054
1566.070
1566.086
1566.102
1566.118
1566.134
1566.150
1566.166
1566.182
1566.198
1566.214
1566.230
1566.246
1566.262
1566.278
1566.294
1566.310
1566.326
1566.342
1566.358
1566.375
1566.391
1566.407
1566.423
1566.439
1566.455
1566.471
1566.487
1566.503
1566.519
1566.535
1566.551
1566.567
1566.583
1566.599
1566.615
1566.631
1566.647
1566.663
1566.679
1566.695
1566.711
1566.727
1566.743
1566.759
1566.775
1566.791
1566.807
1566.823
1566.839
1566.855
1566.871
1566.887
1566.903
1566.919
1566.935
1566.951
1566.967
1566.983
1566.999
1567.015
1567.031
1567.047
1567.063
1567.079
1567.095
1567.111
1567.127
1567.143
1567.159
1567.175
1567.191
1567.207
1567.223
1567.239
1567.255
1567.271
1567.287
1567.303
1567.319
1567.335
1567.351
1567.367
1567.383
1567.399
1567.415
1567.431
1567.447
1567.463
1567.479
1567.495
1567.511
1567.527
1567.543
1567.559
1567.575
1567.591
1567.607
1567.623
1567.639
1567.655
1567.671
1567.687
1567.703
1567.719
1567.735
1567.751
1567.767
1567.783
1567.799
1567.815
1567.831
1567.847
1567.863
1567.879
1567.895
1567.911
1567.927
1567.943
1567.959
1567.975
1567.991
1568.007
1568.023
1568.039
1568.055
1568.071
1568.087
1568.103
1568.119
1568.135
1568.151
1568.167
1568.183
1568.199
1568.215
1568.230
1568.246
1568.262
1568.278
1568.294
1568.310
1568.326
1568.342
1568.358
1568.374
1568.390
1568.406
1568.422
1568.438
1568.454
1568.470
1568.486
1568.502
1568.518
1568.534
1568.550
1568.566
1568.582
1568.598
1568.614
1568.630
1568.646
1568.661
1568.677
1568.693
1568.709
1568.725
1568.741
1568.757
1568.773
1568.789
1568.805
1568.821
1568.837
1568.853
1568.869
1568.885
1568.901
1568.917
1568.933
1568.949
1568.965
1568.981
1568.996
1569.012
1569.028
1569.044
1569.060
1569.076
1569.092
1569.108
1569.124
1569.140
1569.156
1569.172
1569.188
1569.204
1569.220
1569.236
1569.252
1569.267
1569.283
1569.299
1569.315
1569.331
1569.347
1569.363
1569.379
1569.395
1569.411
1569.427
1569.443
1569.459
1569.475
1569.491
1569.506
1569.522
1569.538
1569.554
1569.570
1569.586
1569.602
1569.618
1569.634
1569.650
1569.666
1569.682
1569.698
1569.714
1569.729
1569.745
1569.761
1569.777
1569.793
1569.809
1569.825
1569.841
1569.857
1569.873
1569.889
1569.905
1569.920
1569.936
1569.952
1569.968
1569.984
1570.000
1570.016
1570.032
1570.048
1570.064
1570.080
1570.096
1570.111
1570.127
1570.143
1570.159
1570.175
1570.191
1570.207
1570.223
1570.239
1570.255
1570.270
1570.286
1570.302
1570.318
1570.334
1570.350
1570.366
1570.382
1570.398
1570.414
1570.430
1570.445
1570.461
1570.477
1570.493
1570.509
1570.525
1570.541
1570.557
1570.573
1570.589
1570.604
1570.620
1570.636
1570.652
1570.668
1570.684
1570.700
1570.716
1570.732
1570.747
1570.763
1570.779
1570.795
1570.811
1570.827
1570.843
1570.859
1570.875
1570.890
1570.906
1570.922
1570.938
1570.954
1570.970
1570.986
1571.002
1571.017
1571.033
1571.049
1571.065
1571.081
1571.097
1571.113
1571.129
1571.145
1571.160
1571.176
1571.192
1571.208
1571.224
1571.240
1571.256
1571.272
1571.287
1571.303
1571.319
1571.335
1571.351
1571.367
1571.383
1571.398
1571.414
1571.430
1571.446
1571.462
1571.478
1571.494
1571.510
1571.525
1571.541
1571.557
1571.573
1571.589
1571.605
1571.621
1571.636
1571.652
1571.668
1571.684
1571.700
1571.716
1571.732
1571.748
1571.763
1571.779
1571.795
1571.811
1571.827
1571.843
1571.858
1571.874
1571.890
1571.906
1571.922
1571.938
1571.954
1571.969
1571.985
1572.001
1572.017
1572.033
1572.049
1572.065
1572.080
1572.096
1572.112
1572.128
1572.144
1572.160
1572.175
1572.191
1572.207
1572.223
1572.239
1572.255
1572.271
1572.286
1572.302
1572.318
1572.334
1572.350
1572.366
1572.381
1572.397
1572.413
1572.429
1572.445
1572.461
1572.476
1572.492
1572.508
1572.524
1572.540
1572.556
1572.571
1572.587
1572.603
1572.619
1572.635
1572.651
1572.666
1572.682
1572.698
1572.714
1572.730
1572.746
1572.761
1572.777
1572.793
1572.809
1572.825
1572.841
1572.856
1572.872
1572.888
1572.904
1572.920
1572.935
1572.951
1572.967
1572.983
1572.999
1573.015
1573.030
1573.046
1573.062
1573.078
1573.094
1573.109
1573.125
1573.141
1573.157
1573.173
1573.189
1573.204
1573.220
1573.236
1573.252
1573.268
1573.283
1573.299
1573.315
1573.331
1573.347
1573.362
1573.378
1573.394
1573.410
1573.426
1573.441
1573.457
1573.473
1573.489
1573.505
1573.520
1573.536
1573.552
1573.568
1573.584
1573.599
1573.615
1573.631
1573.647
1573.663
1573.678
1573.694
1573.710
1573.726
1573.742
1573.757
1573.773
1573.789
1573.805
1573.821
1573.836
1573.852
1573.868
1573.884
1573.900
1573.915
1573.931
1573.947
1573.963
1573.979
1573.994
1574.010
1574.026
1574.042
1574.057
1574.073
1574.089
1574.105
1574.121
1574.136
1574.152
1574.168
1574.184
1574.199
1574.215
1574.231
1574.247
1574.263
1574.278
1574.294
1574.310
1574.326
1574.341
1574.357
1574.373
1574.389
1574.405
1574.420
1574.436
1574.452
1574.468
1574.483
1574.499
1574.515
1574.531
1574.547
1574.562
1574.578
1574.594
1574.610
1574.625
1574.641
1574.657
1574.673
1574.688
1574.704
1574.720
1574.736
1574.751
1574.767
1574.783
1574.799
1574.815
1574.830
1574.846
1574.862
1574.878
1574.893
1574.909
1574.925
1574.941
1574.956
1574.972
1574.988
1575.004
1575.019
1575.035
1575.051
1575.067
1575.082
1575.098
1575.114
1575.130
1575.145
1575.161
1575.177
1575.193
1575.208
1575.224
1575.240
1575.256
1575.271
1575.287
1575.303
1575.319
1575.334
1575.350
1575.366
1575.382
1575.397
1575.413
1575.429
1575.445
1575.460
1575.476
1575.492
1575.508
1575.523
1575.539
1575.555
1575.570
1575.586
1575.602
1575.618
1575.633
1575.649
1575.665
1575.681
1575.696
1575.712
1575.728
1575.744
1575.759
1575.775
1575.791
1575.806
1575.822
1575.838
1575.854
1575.869
1575.885
1575.901
1575.917
1575.932
1575.948
1575.964
1575.979
1575.995
1576.011
1576.027
1576.042
1576.058
1576.074
1576.090
1576.105
1576.121
1576.137
1576.152
1576.168
1576.184
1576.200
1576.215
1576.231
1576.247
1576.262
1576.278
1576.294
1576.310
1576.325
1576.341
1576.357
1576.372
1576.388
1576.404
1576.420
1576.435
1576.451
1576.467
1576.482
1576.498
1576.514
1576.529
1576.545
1576.561
1576.577
1576.592
1576.608
1576.624
1576.639
1576.655
1576.671
1576.687
1576.702
1576.718
1576.734
1576.749
1576.765
1576.781
1576.796
1576.812
1576.828
1576.843
1576.859
1576.875
1576.891
1576.906
1576.922
1576.938
1576.953
1576.969
1576.985
1577.000
1577.016
1577.032
1577.048
1577.063
1577.079
1577.095
1577.110
1577.126
1577.142
1577.157
1577.173
1577.189
1577.204
1577.220
1577.236
1577.251
1577.267
1577.283
1577.298
1577.314
1577.330
1577.346
1577.361
1577.377
1577.393
1577.408
1577.424
1577.440
1577.455
1577.471
1577.487
1577.502
1577.518
1577.534
1577.549
1577.565
1577.581
1577.596
1577.612
1577.628
1577.643
1577.659
1577.675
1577.690
1577.706
1577.722
1577.737
1577.753
1577.769
1577.784
1577.800
1577.816
1577.831
1577.847
1577.863
1577.878
1577.894
1577.910
1577.925
1577.941
1577.957
1577.972
1577.988
1578.004
1578.019
1578.035
1578.051
1578.066
1578.082
1578.098
1578.113
1578.129
1578.145
1578.160
1578.176
1578.192
1578.207
1578.223
1578.238
1578.254
1578.270
1578.285
1578.301
1578.317
1578.332
1578.348
1578.364
1578.379
1578.395
1578.411
1578.426
1578.442
1578.458
1578.473
1578.489
1578.504
1578.520
1578.536
1578.551
1578.567
1578.583
1578.598
1578.614
1578.630
1578.645
1578.661
1578.677
1578.692
1578.708
1578.723
1578.739
1578.755
1578.770
1578.786
1578.802
1578.817
1578.833
1578.849
1578.864
1578.880
1578.895
1578.911
1578.927
1578.942
1578.958
1578.974
1578.989
1579.005
1579.020
1579.036
1579.052
1579.067
1579.083
1579.099
1579.114
1579.130
1579.145
1579.161
1579.177
1579.192
1579.208
1579.224
1579.239
1579.255
1579.270
1579.286
1579.302
1579.317
1579.333
1579.348
1579.364
1579.380
1579.395
1579.411
1579.427
1579.442
1579.458
1579.473
1579.489
1579.505
1579.520
1579.536
1579.551
1579.567
1579.583
1579.598
1579.614
1579.630
1579.645
1579.661
1579.676
1579.692
1579.708
1579.723
1579.739
1579.754
1579.770
1579.786
1579.801
1579.817
1579.832
1579.848
1579.864
1579.879
1579.895
1579.910
1579.926
1579.942
1579.957
1579.973
1579.988
1580.004
1580.020
1580.035
1580.051
1580.066
1580.082
1580.098
1580.113
1580.129
1580.144
1580.160
1580.175
1580.191
1580.207
1580.222
1580.238
1580.253
1580.269
1580.285
1580.300
1580.316
1580.331
1580.347
1580.363
1580.378
1580.394
1580.409
1580.425
1580.440
1580.456
1580.472
1580.487
1580.503
1580.518
1580.534
1580.549
1580.565
1580.581
1580.596
1580.612
1580.627
1580.643
1580.659
1580.674
1580.690
1580.705
1580.721
1580.736
1580.752
1580.768
1580.783
1580.799
1580.814
1580.830
1580.845
1580.861
1580.877
1580.892
1580.908
1580.923
1580.939
1580.954
1580.970
1580.985
1581.001
1581.017
1581.032
1581.048
1581.063
1581.079
1581.094
1581.110
1581.126
1581.141
1581.157
1581.172
1581.188
1581.203
1581.219
1581.234
1581.250
1581.266
1581.281
1581.297
1581.312
1581.328
1581.343
1581.359
1581.374
1581.390
1581.406
1581.421
1581.437
1581.452
1581.468
1581.483
1581.499
1581.514
1581.530
1581.545
1581.561
1581.577
1581.592
1581.608
1581.623
1581.639
1581.654
1581.670
1581.685
1581.701
1581.716
1581.732
1581.748
1581.763
1581.779
1581.794
1581.810
1581.825
1581.841
1581.856
1581.872
1581.887
1581.903
1581.918
1581.934
1581.950
1581.965
1581.981
1581.996
1582.012
1582.027
1582.043
1582.058
1582.074
1582.089
1582.105
1582.120
1582.136
1582.151
1582.167
1582.182
1582.198
1582.214
1582.229
1582.245
1582.260
1582.276
1582.291
1582.307
1582.322
1582.338
1582.353
1582.369
1582.384
1582.400
1582.415
1582.431
1582.446
1582.462
1582.477
1582.493
1582.508
1582.524
1582.539
1582.555
1582.570
1582.586
1582.602
1582.617
1582.633
1582.648
1582.664
1582.679
1582.695
1582.710
1582.726
1582.741
1582.757
1582.772
1582.788
1582.803
1582.819
1582.834
1582.850
1582.865
1582.881
1582.896
1582.912
1582.927
1582.943
1582.958
1582.974
1582.989
