1354.000
1354.015
1354.030
1354.044
1354.059
1354.074
1354.089
1354.104
1354.118
1354.133
1354.148
1354.163
1354.178
1354.192
1354.207
1354.222
1354.237
1354.252
1354.266
1354.281
1354.296
1354.311
1354.325
1354.340
1354.355
1354.370
1354.385
1354.399
1354.414
1354.429
1354.444
1354.459
1354.473
1354.488
1354.503
1354.518
1354.532
1354.547
1354.562
1354.577
1354.592
1354.606
1354.621
1354.636
1354.651
1354.666
1354.680
1354.695
1354.710
1354.725
1354.739
1354.754
1354.769
1354.784
1354.798
1354.813
1354.828
1354.843
1354.858
1354.872
1354.887
1354.902
1354.917
1354.931
1354.946
1354.961
1354.976
1354.991
1355.005
1355.020
1355.035
1355.050
1355.064
1355.079
1355.094
1355.109
1355.123
1355.138
1355.153
1355.168
1355.182
1355.197
1355.212
1355.227
1355.241
1355.256
1355.271
1355.286
1355.301
1355.315
1355.330
1355.345
1355.360
1355.374
1355.389
1355.404
1355.419
1355.433
1355.448
1355.463
1355.478
1355.492
1355.507
1355.522
1355.537
1355.551
1355.566
1355.581
1355.596
1355.610
1355.625
1355.640
1355.655
1355.669
1355.684
1355.699
1355.714
1355.728
1355.743
1355.758
1355.772
1355.787
1355.802
1355.817
1355.831
1355.846
1355.861
1355.876
1355.890
1355.905
1355.920
1355.935
1355.949
1355.964
1355.979
1355.994
1356.008
1356.023
1356.038
1356.052
1356.067
1356.082
1356.097
1356.111
1356.126
1356.141
1356.156
1356.170
1356.185
1356.200
1356.214
1356.229
1356.244
1356.259
1356.273
1356.288
1356.303
1356.318
1356.332
1356.347
1356.362
1356.376
1356.391
1356.406
1356.421
1356.435
1356.450
1356.465
1356.479
1356.494
1356.509
1356.524
1356.538
1356.553
1356.568
1356.583
1356.597
1356.612
1356.627
1356.641
1356.656
1356.671
1356.685
1356.700
1356.715
1356.730
1356.744
1356.759
1356.774
1356.788
1356.803
1356.818
1356.833
1356.847
1356.862
1356.877
1356.891
1356.906
1356.921
1356.936
1356.950
1356.965
1356.980
1356.994
1357.009
1357.024
1357.038
1357.053
1357.068
1357.083
1357.097
1357.112
1357.127
1357.141
1357.156
1357.171
1357.185
1357.200
1357.215
1357.229
1357.244
1357.259
1357.274
1357.288
1357.303
1357.318
1357.332
1357.347
1357.362
1357.376
1357.391
1357.406
1357.420
1357.435
1357.450
1357.464
1357.479
1357.494
1357.509
1357.523
1357.538
1357.553
1357.567
1357.582
1357.597
1357.611
1357.626
1357.641
1357.655
1357.670
1357.685
1357.699
1357.714
1357.729
1357.743
1357.758
1357.773
1357.787
1357.802
1357.817
1357.831
1357.846
1357.861
1357.875
1357.890
1357.905
1357.919
1357.934
1357.949
1357.963
1357.978
1357.993
1358.007
1358.022
1358.037
1358.051
1358.066
1358.081
1358.095
1358.110
1358.125
1358.139
1358.154
1358.169
1358.183
1358.198
1358.213
1358.227
1358.242
1358.257
1358.271
1358.286
1358.301
1358.315
1358.330
1358.345
1358.359
1358.374
1358.389
1358.403
1358.418
1358.433
1358.447
1358.462
1358.477
1358.491
1358.506
1358.521
1358.535
1358.550
1358.564
1358.579
1358.594
1358.608
1358.623
1358.638
1358.652
1358.667
1358.682
1358.696
1358.711
1358.726
1358.740
1358.755
1358.769
1358.784
1358.799
1358.813
1358.828
1358.843
1358.857
1358.872
1358.887
1358.901
1358.916
1358.931
1358.945
1358.960
1358.974
1358.989
1359.004
1359.018
1359.033
1359.048
1359.062
1359.077
1359.091
1359.106
1359.121
1359.135
1359.150
1359.165
1359.179
1359.194
1359.208
1359.223
1359.238
1359.252
1359.267
1359.282
1359.296
1359.311
1359.325
1359.340
1359.355
1359.369
1359.384
1359.399
1359.413
1359.428
1359.442
1359.457
1359.472
1359.486
1359.501
1359.516
1359.530
1359.545
1359.559
1359.574
1359.589
1359.603
1359.618
1359.632
1359.647
1359.662
1359.676
1359.691
1359.706
1359.720
1359.735
1359.749
1359.764
1359.779
1359.793
1359.808
1359.822
1359.837
1359.852
1359.866
1359.881
1359.895
1359.910
1359.925
1359.939
1359.954
1359.968
1359.983
1359.998
1360.012
1360.027
1360.041
1360.056
1360.071
1360.085
1360.100
1360.114
1360.129
1360.144
1360.158
1360.173
1360.187
1360.202
1360.217
1360.231
1360.246
1360.260
1360.275
1360.290
1360.304
1360.319
1360.333
1360.348
1360.362
1360.377
1360.392
1360.406
1360.421
1360.435
1360.450
1360.465
1360.479
1360.494
1360.508
1360.523
1360.538
1360.552
1360.567
1360.581
1360.596
1360.610
1360.625
1360.640
1360.654
1360.669
1360.683
1360.698
1360.712
1360.727
1360.742
1360.756
1360.771
1360.785
1360.800
1360.814
1360.829
1360.844
1360.858
1360.873
1360.887
1360.902
1360.916
1360.931
1360.946
1360.960
1360.975
1360.989
1361.004
1361.018
1361.033
1361.048
1361.062
1361.077
1361.091
1361.106
1361.120
1361.135
1361.150
1361.164
1361.179
1361.193
1361.208
1361.222
1361.237
1361.251
1361.266
1361.281
1361.295
1361.310
1361.324
1361.339
1361.353
1361.368
1361.382
1361.397
1361.412
1361.426
1361.441
1361.455
1361.470
1361.484
1361.499
1361.513
1361.528
1361.543
1361.557
1361.572
1361.586
1361.601
1361.615
1361.630
1361.644
1361.659
1361.673
1361.688
1361.703
1361.717
1361.732
1361.746
1361.761
1361.775
1361.790
1361.804
1361.819
1361.833
1361.848
1361.862
1361.877
1361.892
1361.906
1361.921
1361.935
1361.950
1361.964
1361.979
1361.993
1362.008
1362.022
1362.037
1362.051
1362.066
1362.081
1362.095
1362.110
1362.124
1362.139
1362.153
1362.168
1362.182
1362.197
1362.211
1362.226
1362.240
1362.255
1362.269
1362.284
1362.298
1362.313
1362.327
1362.342
1362.357
1362.371
1362.386
1362.400
1362.415
1362.429
1362.444
1362.458
1362.473
1362.487
1362.502
1362.516
1362.531
1362.545
1362.560
1362.574
1362.589
1362.603
1362.618
1362.632
1362.647
1362.661
1362.676
1362.690
1362.705
1362.719
1362.734
1362.748
1362.763
1362.777
1362.792
1362.806
1362.821
1362.835
1362.850
1362.864
1362.879
1362.893
1362.908
1362.922
1362.937
1362.951
1362.966
1362.980
1362.995
1363.009
1363.024
1363.038
1363.053
1363.067
1363.082
1363.096
1363.111
1363.125
1363.140
1363.154
1363.169
1363.183
1363.198
1363.212
1363.227
1363.241
1363.256
1363.270
1363.285
1363.299
1363.314
1363.328
1363.343
1363.357
1363.372
1363.386
1363.401
1363.415
1363.430
1363.444
1363.459
1363.473
1363.488
1363.502
1363.517
1363.531
1363.546
1363.560
1363.575
1363.589
1363.604
1363.618
1363.633
1363.647
1363.661
1363.676
1363.690
1363.705
1363.719
1363.734
1363.748
1363.763
1363.777
1363.792
1363.806
1363.821
1363.835
1363.850
1363.864
1363.879
1363.893
1363.908
1363.922
1363.936
1363.951
1363.965
1363.980
1363.994
1364.009
1364.023
1364.038
1364.052
1364.067
1364.081
1364.096
1364.110
1364.125
1364.139
1364.153
1364.168
1364.182
1364.197
1364.211
1364.226
1364.240
1364.255
1364.269
1364.284
1364.298
1364.313
1364.327
1364.341
1364.356
1364.370
1364.385
1364.399
1364.414
1364.428
1364.443
1364.457
1364.472
1364.486
1364.500
1364.515
1364.529
1364.544
1364.558
1364.573
1364.587
1364.602
1364.616
1364.630
1364.645
1364.659
1364.674
1364.688
1364.703
1364.717
1364.732
1364.746
1364.760
1364.775
1364.789
1364.804
1364.818
1364.833
1364.847
1364.862
1364.876
1364.890
1364.905
1364.919
1364.934
1364.948
1364.963
1364.977
1364.991
1365.006
1365.020
1365.035
1365.049
1365.064
1365.078
1365.092
1365.107
1365.121
1365.136
1365.150
1365.165
1365.179
1365.193
1365.208
1365.222
1365.237
1365.251
1365.266
1365.280
1365.294
1365.309
1365.323
1365.338
1365.352
1365.367
1365.381
1365.395
1365.410
1365.424
1365.439
1365.453
1365.468
1365.482
1365.496
1365.511
1365.525
1365.540
1365.554
1365.568
1365.583
1365.597
1365.612
1365.626
1365.640
1365.655
1365.669
1365.684
1365.698
1365.713
1365.727
1365.741
1365.756
1365.770
1365.785
1365.799
1365.813
1365.828
1365.842
1365.857
1365.871
1365.885
1365.900
1365.914
1365.929
1365.943
1365.957
1365.972
1365.986
1366.001
1366.015
1366.029
1366.044
1366.058
1366.073
1366.087
1366.101
1366.116
1366.130
1366.145
1366.159
1366.173
1366.188
1366.202
1366.217
1366.231
1366.245
1366.260
1366.274
1366.289
1366.303
1366.317
1366.332
1366.346
1366.360
1366.375
1366.389
1366.404
1366.418
1366.432
1366.447
1366.461
1366.476
1366.490
1366.504
1366.519
1366.533
1366.548
1366.562
1366.576
1366.591
1366.605
1366.619
1366.634
1366.648
1366.663
1366.677
1366.691
1366.706
1366.720
1366.734
1366.749
1366.763
1366.778
1366.792
1366.806
1366.821
1366.835
1366.849
1366.864
1366.878
1366.893
1366.907
1366.921
1366.936
1366.950
1366.964
1366.979
1366.993
1367.007
1367.022
1367.036
1367.051
1367.065
1367.079
1367.094
1367.108
1367.122
1367.137
1367.151
1367.165
1367.180
1367.194
1367.209
1367.223
1367.237
1367.252
1367.266
1367.280
1367.295
1367.309
1367.323
1367.338
1367.352
1367.366
1367.381
1367.395
1367.410
1367.424
1367.438
1367.453
1367.467
1367.481
1367.496
1367.510
1367.524
1367.539
1367.553
1367.567
1367.582
1367.596
1367.610
1367.625
1367.639
1367.653
1367.668
1367.682
1367.697
1367.711
1367.725
1367.740
1367.754
1367.768
1367.783
1367.797
1367.811
1367.826
1367.840
1367.854
1367.869
1367.883
1367.897
1367.912
1367.926
1367.940
1367.955
1367.969
1367.983
1367.998
1368.012
1368.026
1368.041
1368.055
1368.069
1368.084
1368.098
1368.112
1368.127
1368.141
1368.155
1368.170
1368.184
1368.198
1368.213
1368.227
1368.241
1368.256
1368.270
1368.284
1368.299
1368.313
1368.327
1368.342
1368.356
1368.370
1368.384
1368.399
1368.413
1368.427
1368.442
1368.456
1368.470
1368.485
1368.499
1368.513
1368.528
1368.542
1368.556
1368.571
1368.585
1368.599
1368.614
1368.628
1368.642
1368.656
1368.671
1368.685
1368.699
1368.714
1368.728
1368.742
1368.757
1368.771
1368.785
1368.800
1368.814
1368.828
1368.842
1368.857
1368.871
1368.885
1368.900
1368.914
1368.928
1368.943
1368.957
1368.971
1368.986
1369.000
1369.014
1369.028
1369.043
1369.057
1369.071
1369.086
1369.100
1369.114
1369.129
1369.143
1369.157
1369.171
1369.186
1369.200
1369.214
1369.229
1369.243
1369.257
1369.271
1369.286
1369.300
1369.314
1369.329
1369.343
1369.357
1369.371
1369.386
1369.400
1369.414
1369.429
1369.443
1369.457
1369.471
1369.486
1369.500
1369.514
1369.529
1369.543
1369.557
1369.571
1369.586
1369.600
1369.614
1369.629
1369.643
1369.657
1369.671
1369.686
1369.700
1369.714
1369.729
1369.743
1369.757
1369.771
1369.786
1369.800
1369.814
1369.828
1369.843
1369.857
1369.871
1369.886
1369.900
1369.914
1369.928
1369.943
1369.957
1369.971
1369.985
1370.000
1370.014
1370.028
1370.042
1370.057
1370.071
1370.085
1370.100
1370.114
1370.128
1370.142
1370.157
1370.171
1370.185
1370.199
1370.214
1370.228
1370.242
1370.256
1370.271
1370.285
1370.299
1370.313
1370.328
1370.342
1370.356
1370.370
1370.385
1370.399
1370.413
1370.427
1370.442
1370.456
1370.470
1370.484
1370.499
1370.513
1370.527
1370.541
1370.556
1370.570
1370.584
1370.598
1370.613
1370.627
1370.641
1370.655
1370.670
1370.684
1370.698
1370.712
1370.727
1370.741
1370.755
1370.769
1370.784
1370.798
1370.812
1370.826
1370.841
1370.855
1370.869
1370.883
1370.898
1370.912
1370.926
1370.940
1370.954
1370.969
1370.983
1370.997
1371.011
1371.026
1371.040
1371.054
1371.068
1371.083
1371.097
1371.111
1371.125
1371.140
1371.154
1371.168
1371.182
1371.196
1371.211
1371.225
1371.239
1371.253
1371.268
1371.282
1371.296
1371.310
1371.324
1371.339
1371.353
1371.367
1371.381
1371.396
1371.410
1371.424
1371.438
1371.452
1371.467
1371.481
1371.495
1371.509
1371.524
1371.538
1371.552
1371.566
1371.580
1371.595
1371.609
1371.623
1371.637
1371.651
1371.666
1371.680
1371.694
1371.708
1371.722
1371.737
1371.751
1371.765
1371.779
1371.794
1371.808
1371.822
1371.836
1371.850
1371.865
1371.879
1371.893
1371.907
1371.921
1371.936
1371.950
1371.964
1371.978
1371.992
1372.007
1372.021
1372.035
1372.049
1372.063
1372.078
1372.092
1372.106
1372.120
1372.134
1372.149
1372.163
1372.177
1372.191
1372.205
1372.220
1372.234
1372.248
1372.262
1372.276
1372.290
1372.305
1372.319
1372.333
1372.347
1372.361
1372.376
1372.390
1372.404
1372.418
1372.432
1372.447
1372.461
1372.475
1372.489
1372.503
1372.517
1372.532
1372.546
1372.560
1372.574
1372.588
1372.603
1372.617
1372.631
1372.645
1372.659
1372.673
1372.688
1372.702
1372.716
1372.730
1372.744
1372.759
1372.773
1372.787
1372.801
1372.815
1372.829
1372.844
1372.858
1372.872
1372.886
1372.900
1372.914
1372.929
1372.943
1372.957
1372.971
1372.985
1372.999
1373.014
1373.028
1373.042
1373.056
1373.070
1373.084
1373.099
1373.113
1373.127
1373.141
1373.155
1373.169
1373.184
1373.198
1373.212
1373.226
1373.240
1373.254
1373.269
1373.283
1373.297
1373.311
1373.325
1373.339
1373.353
1373.368
1373.382
1373.396
1373.410
1373.424
1373.438
1373.453
1373.467
1373.481
1373.495
1373.509
1373.523
1373.537
1373.552
1373.566
1373.580
1373.594
1373.608
1373.622
1373.636
1373.651
1373.665
1373.679
1373.693
1373.707
1373.721
1373.735
1373.750
1373.764
1373.778
1373.792
1373.806
1373.820
1373.834
1373.849
1373.863
1373.877
1373.891
1373.905
1373.919
1373.933
1373.948
1373.962
1373.976
1373.990
1374.004
1374.018
1374.032
1374.046
1374.061
1374.075
1374.089
1374.103
1374.117
1374.131
1374.145
1374.160
1374.174
1374.188
1374.202
1374.216
1374.230
1374.244
1374.258
1374.273
1374.287
1374.301
1374.315
1374.329
1374.343
1374.357
1374.371
1374.386
1374.400
1374.414
1374.428
1374.442
1374.456
1374.470
1374.484
1374.498
1374.513
1374.527
1374.541
1374.555
1374.569
1374.583
1374.597
1374.611
1374.626
1374.640
1374.654
1374.668
1374.682
1374.696
1374.710
1374.724
1374.738
1374.753
1374.767
1374.781
1374.795
1374.809
1374.823
1374.837
1374.851
1374.865
1374.879
1374.894
1374.908
1374.922
1374.936
1374.950
1374.964
1374.978
1374.992
1375.006
1375.020
1375.035
1375.049
1375.063
1375.077
1375.091
1375.105
1375.119
1375.133
1375.147
1375.161
1375.176
1375.190
1375.204
1375.218
1375.232
1375.246
1375.260
1375.274
1375.288
1375.302
1375.316
1375.331
1375.345
1375.359
1375.373
1375.387
1375.401
1375.415
1375.429
1375.443
1375.457
1375.471
1375.486
1375.500
1375.514
1375.528
1375.542
1375.556
1375.570
1375.584
1375.598
1375.612
1375.626
1375.640
1375.654
1375.669
1375.683
1375.697
1375.711
1375.725
1375.739
1375.753
1375.767
1375.781
1375.795
1375.809
1375.823
1375.837
1375.852
1375.866
1375.880
1375.894
1375.908
1375.922
1375.936
1375.950
1375.964
1375.978
1375.992
1376.006
1376.020
1376.034
1376.048
1376.063
1376.077
1376.091
1376.105
1376.119
1376.133
1376.147
1376.161
1376.175
1376.189
1376.203
1376.217
1376.231
1376.245
1376.259
1376.273
1376.288
1376.302
1376.316
1376.330
1376.344
1376.358
1376.372
1376.386
1376.400
1376.414
1376.428
1376.442
1376.456
1376.470
1376.484
1376.498
1376.512
1376.526
1376.540
1376.555
1376.569
1376.583
1376.597
1376.611
1376.625
1376.639
1376.653
1376.667
1376.681
1376.695
1376.709
1376.723
1376.737
1376.751
1376.765
1376.779
1376.793
1376.807
1376.821
1376.835
1376.849
1376.863
1376.878
1376.892
1376.906
1376.920
1376.934
1376.948
1376.962
1376.976
1376.990
1377.004
1377.018
1377.032
1377.046
1377.060
1377.074
1377.088
1377.102
1377.116
1377.130
1377.144
1377.158
1377.172
1377.186
1377.200
1377.214
1377.228
1377.242
1377.256
1377.270
1377.284
1377.298
1377.312
1377.327
1377.341
1377.355
1377.369
1377.383
1377.397
1377.411
1377.425
1377.439
1377.453
1377.467
1377.481
1377.495
1377.509
1377.523
1377.537
1377.551
1377.565
1377.579
1377.593
1377.607
1377.621
1377.635
1377.649
1377.663
1377.677
1377.691
1377.705
1377.719
1377.733
1377.747
1377.761
1377.775
1377.789
1377.803
1377.817
1377.831
1377.845
1377.859
1377.873
1377.887
1377.901
1377.915
1377.929
1377.943
1377.957
1377.971
1377.985
1377.999
1378.013
1378.027
1378.041
1378.055
1378.069
1378.083
1378.097
1378.111
1378.125
1378.139
1378.153
1378.167
1378.181
1378.195
1378.209
1378.223
1378.237
1378.251
1378.265
1378.279
1378.293
1378.307
1378.321
1378.335
1378.349
1378.363
1378.377
1378.391
1378.405
1378.419
1378.433
1378.447
1378.461
1378.475
1378.489
1378.503
1378.517
1378.531
1378.545
1378.559
1378.573
1378.587
1378.601
1378.615
1378.629
1378.643
1378.657
1378.671
1378.685
1378.698
1378.712
1378.726
1378.740
1378.754
1378.768
1378.782
1378.796
1378.810
1378.824
1378.838
1378.852
1378.866
1378.880
1378.894
1378.908
1378.922
1378.936
1378.950
1378.964
1378.978
1378.992
1379.006
1379.020
1379.034
1379.048
1379.062
1379.076
1379.090
1379.104
1379.118
1379.132
1379.146
1379.159
1379.173
1379.187
1379.201
1379.215
1379.229
1379.243
1379.257
1379.271
1379.285
1379.299
1379.313
1379.327
1379.341
1379.355
1379.369
1379.383
1379.397
1379.411
1379.425
1379.439
1379.453
1379.467
1379.480
1379.494
1379.508
1379.522
1379.536
1379.550
1379.564
1379.578
1379.592
1379.606
1379.620
1379.634
1379.648
1379.662
1379.676
1379.690
1379.704
1379.718
1379.732
1379.745
1379.759
1379.773
1379.787
1379.801
1379.815
1379.829
1379.843
1379.857
1379.871
1379.885
1379.899
1379.913
1379.927
1379.941
1379.955
1379.968
1379.982
1379.996
1380.010
1380.024
1380.038
1380.052
1380.066
1380.080
1380.094
1380.108
1380.122
1380.136
1380.150
1380.163
1380.177
1380.191
1380.205
1380.219
1380.233
1380.247
1380.261
1380.275
1380.289
1380.303
1380.317
1380.331
1380.345
1380.358
1380.372
1380.386
1380.400
1380.414
1380.428
1380.442
1380.456
1380.470
1380.484
1380.498
1380.512
1380.525
1380.539
1380.553
1380.567
1380.581
1380.595
1380.609
1380.623
1380.637
1380.651
1380.665
1380.679
1380.692
1380.706
1380.720
1380.734
1380.748
1380.762
1380.776
1380.790
1380.804
1380.818
1380.832
1380.845
1380.859
1380.873
1380.887
1380.901
1380.915
1380.929
1380.943
1380.957
1380.971
1380.984
1380.998
1381.012
1381.026
1381.040
1381.054
1381.068
1381.082
1381.096
1381.110
1381.123
1381.137
1381.151
1381.165
1381.179
1381.193
1381.207
1381.221
1381.235
1381.248
1381.262
1381.276
1381.290
1381.304
1381.318
1381.332
1381.346
1381.360
1381.373
1381.387
1381.401
1381.415
1381.429
1381.443
1381.457
1381.471
1381.485
1381.498
1381.512
1381.526
1381.540
1381.554
1381.568
1381.582
1381.596
1381.610
1381.623
1381.637
1381.651
1381.665
1381.679
1381.693
1381.707
1381.721
1381.734
1381.748
1381.762
1381.776
1381.790
1381.804
1381.818
1381.832
1381.845
1381.859
1381.873
1381.887
1381.901
1381.915
1381.929
1381.942
1381.956
1381.970
1381.984
1381.998
1382.012
1382.026
1382.040
1382.053
1382.067
1382.081
1382.095
1382.109
1382.123
1382.137
1382.150
1382.164
1382.178
1382.192
1382.206
1382.220
1382.234
1382.247
1382.261
1382.275
1382.289
1382.303
1382.317
1382.331
1382.344
1382.358
1382.372
1382.386
1382.400
1382.414
1382.428
1382.441
1382.455
1382.469
1382.483
1382.497
1382.511
1382.525
1382.538
1382.552
1382.566
1382.580
1382.594
1382.608
1382.622
1382.635
1382.649
1382.663
1382.677
1382.691
1382.705
1382.718
1382.732
1382.746
1382.760
1382.774
1382.788
1382.801
1382.815
1382.829
1382.843
1382.857
1382.871
1382.885
1382.898
1382.912
1382.926
1382.940
1382.954
1382.968
1382.981
1382.995
1383.009
1383.023
1383.037
1383.051
1383.064
1383.078
1383.092
1383.106
1383.120
1383.134
1383.147
1383.161
1383.175
1383.189
1383.203
1383.216
1383.230
1383.244
1383.258
1383.272
1383.286
1383.299
1383.313
1383.327
1383.341
1383.355
1383.369
1383.382
1383.396
1383.410
1383.424
1383.438
1383.451
1383.465
1383.479
1383.493
1383.507
1383.521
1383.534
1383.548
1383.562
1383.576
1383.590
1383.603
1383.617
1383.631
1383.645
1383.659
1383.672
1383.686
1383.700
1383.714
1383.728
1383.742
1383.755
1383.769
1383.783
1383.797
1383.811
1383.824
1383.838
1383.852
1383.866
1383.880
1383.893
1383.907
1383.921
1383.935
1383.949
1383.962
1383.976
1383.990
1384.004
1384.018
1384.031
1384.045
1384.059
1384.073
1384.087
1384.100
1384.114
1384.128
1384.142
1384.156
1384.169
1384.183
1384.197
1384.211
1384.225
1384.238
1384.252
1384.266
1384.280
1384.294
1384.307
1384.321
1384.335
1384.349
1384.362
1384.376
1384.390
1384.404
1384.418
1384.431
1384.445
1384.459
1384.473
1384.487
1384.500
1384.514
1384.528
1384.542
1384.555
1384.569
1384.583
1384.597
1384.611
1384.624
1384.638
1384.652
1384.666
1384.679
1384.693
1384.707
1384.721
1384.735
1384.748
1384.762
1384.776
1384.790
1384.803
1384.817
1384.831
1384.845
1384.859
1384.872
1384.886
1384.900
1384.914
1384.927
1384.941
1384.955
1384.969
1384.982
1384.996
1385.010
1385.024
1385.038
1385.051
1385.065
1385.079
1385.093
1385.106
1385.120
1385.134
1385.148
1385.161
1385.175
1385.189
1385.203
1385.216
1385.230
1385.244
1385.258
1385.271
1385.285
1385.299
1385.313
1385.327
1385.340
1385.354
1385.368
1385.382
1385.395
1385.409
1385.423
1385.437
1385.450
1385.464
1385.478
1385.492
1385.505
1385.519
1385.533
1385.547
1385.560
1385.574
1385.588
1385.602
1385.615
1385.629
1385.643
1385.657
1385.670
1385.684
1385.698
1385.712
1385.725
1385.739
1385.753
1385.766
1385.780
1385.794
1385.808
1385.821
1385.835
1385.849
1385.863
1385.876
1385.890
1385.904
1385.918
1385.931
1385.945
1385.959
1385.973
1385.986
1386.000
1386.014
1386.027
1386.041
1386.055
1386.069
1386.082
1386.096
1386.110
1386.124
1386.137
1386.151
1386.165
1386.179
1386.192
1386.206
1386.220
1386.233
1386.247
1386.261
1386.275
1386.288
1386.302
1386.316
1386.329
1386.343
1386.357
1386.371
1386.384
1386.398
1386.412
1386.426
1386.439
1386.453
1386.467
1386.480
1386.494
1386.508
1386.522
1386.535
1386.549
1386.563
1386.576
1386.590
1386.604
1386.618
1386.631
1386.645
1386.659
1386.672
1386.686
1386.700
1386.714
1386.727
1386.741
1386.755
1386.768
1386.782
1386.796
1386.809
1386.823
1386.837
1386.851
1386.864
1386.878
1386.892
1386.905
1386.919
1386.933
1386.947
1386.960
1386.974
1386.988
