1460.000
1460.016
1460.032
1460.048
1460.064
1460.080
1460.096
1460.112
1460.128
1460.144
1460.160
1460.176
1460.192
1460.208
1460.224
1460.240
1460.256
1460.272
1460.288
1460.304
1460.320
1460.336
1460.352
1460.368
1460.384
1460.400
1460.416
1460.432
1460.448
1460.464
1460.480
1460.496
1460.512
1460.528
1460.544
1460.560
1460.576
1460.592
1460.608
1460.624
1460.640
1460.656
1460.672
1460.688
1460.704
1460.720
1460.735
1460.751
1460.767
1460.783
1460.799
1460.815
1460.831
1460.847
1460.863
1460.879
1460.895
1460.911
1460.927
1460.943
1460.959
1460.975
1460.991
1461.007
1461.023
1461.039
1461.055
1461.071
1461.087
1461.103
1461.119
1461.135
1461.151
1461.167
1461.183
1461.199
1461.215
1461.231
1461.246
1461.262
1461.278
1461.294
1461.310
1461.326
1461.342
1461.358
1461.374
1461.390
1461.406
1461.422
1461.438
1461.454
1461.470
1461.486
1461.502
1461.518
1461.534
1461.550
1461.566
1461.582
1461.598
1461.613
1461.629
1461.645
1461.661
1461.677
1461.693
1461.709
1461.725
1461.741
1461.757
1461.773
1461.789
1461.805
1461.821
1461.837
1461.853
1461.869
1461.885
1461.900
1461.916
1461.932
1461.948
1461.964
1461.980
1461.996
1462.012
1462.028
1462.044
1462.060
1462.076
1462.092
1462.108
1462.124
1462.140
1462.155
1462.171
1462.187
1462.203
1462.219
1462.235
1462.251
1462.267
1462.283
1462.299
1462.315
1462.331
1462.347
1462.363
1462.378
1462.394
1462.410
1462.426
1462.442
1462.458
1462.474
1462.490
1462.506
1462.522
1462.538
1462.554
1462.570
1462.585
1462.601
1462.617
1462.633
1462.649
1462.665
1462.681
1462.697
1462.713
1462.729
1462.745
1462.760
1462.776
1462.792
1462.808
1462.824
1462.840
1462.856
1462.872
1462.888
1462.904
1462.920
1462.936
1462.951
1462.967
1462.983
1462.999
1463.015
1463.031
1463.047
1463.063
1463.079
1463.095
1463.110
1463.126
1463.142
1463.158
1463.174
1463.190
1463.206
1463.222
1463.238
1463.254
1463.269
1463.285
1463.301
1463.317
1463.333
1463.349
1463.365
1463.381
1463.397
1463.413
1463.428
1463.444
1463.460
1463.476
1463.492
1463.508
1463.524
1463.540
1463.556
1463.571
1463.587
1463.603
1463.619
1463.635
1463.651
1463.667
1463.683
1463.698
1463.714
1463.730
1463.746
1463.762
1463.778
1463.794
1463.810
1463.826
1463.841
1463.857
1463.873
1463.889
1463.905
1463.921
1463.937
1463.953
1463.968
1463.984
1464.000
1464.016
1464.032
1464.048
1464.064
1464.080
1464.095
1464.111
1464.127
1464.143
1464.159
1464.175
1464.191
1464.207
1464.222
1464.238
1464.254
1464.270
1464.286
1464.302
1464.318
1464.333
1464.349
1464.365
1464.381
1464.397
1464.413
1464.429
1464.444
1464.460
1464.476
1464.492
1464.508
1464.524
1464.540
1464.555
1464.571
1464.587
1464.603
1464.619
1464.635
1464.651
1464.666
1464.682
1464.698
1464.714
1464.730
1464.746
1464.762
1464.777
1464.793
1464.809
1464.825
1464.841
1464.857
1464.872
1464.888
1464.904
1464.920
1464.936
1464.952
1464.968
1464.983
1464.999
1465.015
1465.031
1465.047
1465.063
1465.078
1465.094
1465.110
1465.126
1465.142
1465.158
1465.173
1465.189
1465.205
1465.221
1465.237
1465.253
1465.269
1465.284
1465.300
1465.316
1465.332
1465.348
1465.363
1465.379
1465.395
1465.411
1465.427
1465.443
1465.458
1465.474
1465.490
1465.506
1465.522
1465.538
1465.553
1465.569
1465.585
1465.601
1465.617
1465.633
1465.648
1465.664
1465.680
1465.696
1465.712
1465.727
1465.743
1465.759
1465.775
1465.791
1465.807
1465.822
1465.838
1465.854
1465.870
1465.886
1465.901
1465.917
1465.933
1465.949
1465.965
1465.981
1465.996
1466.012
1466.028
1466.044
1466.060
1466.075
1466.091
1466.107
1466.123
1466.139
1466.154
1466.170
1466.186
1466.202
1466.218
1466.233
1466.249
1466.265
1466.281
1466.297
1466.312
1466.328
1466.344
1466.360
1466.376
1466.391
1466.407
1466.423
1466.439
1466.455
1466.470
1466.486
1466.502
1466.518
1466.534
1466.549
1466.565
1466.581
1466.597
1466.613
1466.628
1466.644
1466.660
1466.676
1466.692
1466.707
1466.723
1466.739
1466.755
1466.770
1466.786
1466.802
1466.818
1466.834
1466.849
1466.865
1466.881
1466.897
1466.913
1466.928
1466.944
1466.960
1466.976
1466.991
1467.007
1467.023
1467.039
1467.055
1467.070
1467.086
1467.102
1467.118
1467.133
1467.149
1467.165
1467.181
1467.197
1467.212
1467.228
1467.244
1467.260
1467.275
1467.291
1467.307
1467.323
1467.338
1467.354
1467.370
1467.386
1467.402
1467.417
1467.433
1467.449
1467.465
1467.480
1467.496
1467.512
1467.528
1467.543
1467.559
1467.575
1467.591
1467.606
1467.622
1467.638
1467.654
1467.669
1467.685
1467.701
1467.717
1467.733
1467.748
1467.764
1467.780
1467.796
1467.811
1467.827
1467.843
1467.859
1467.874
1467.890
1467.906
1467.922
1467.937
1467.953
1467.969
1467.985
1468.000
1468.016
1468.032
1468.048
1468.063
1468.079
1468.095
1468.111
1468.126
1468.142
1468.158
1468.173
1468.189
1468.205
1468.221
1468.236
1468.252
1468.268
1468.284
1468.299
1468.315
1468.331
1468.347
1468.362
1468.378
1468.394
1468.410
1468.425
1468.441
1468.457
1468.472
1468.488
1468.504
1468.520
1468.535
1468.551
1468.567
1468.583
1468.598
1468.614
1468.630
1468.646
1468.661
1468.677
1468.693
1468.708
1468.724
1468.740
1468.756
1468.771
1468.787
1468.803
1468.818
1468.834
1468.850
1468.866
1468.881
1468.897
1468.913
1468.929
1468.944
1468.960
1468.976
1468.991
1469.007
1469.023
1469.039
1469.054
1469.070
1469.086
1469.101
1469.117
1469.133
1469.149
1469.164
1469.180
1469.196
1469.211
1469.227
1469.243
1469.259
1469.274
1469.290
1469.306
1469.321
1469.337
1469.353
1469.368
1469.384
1469.400
1469.416
1469.431
1469.447
1469.463
1469.478
1469.494
1469.510
1469.525
1469.541
1469.557
1469.573
1469.588
1469.604
1469.620
1469.635
1469.651
1469.667
1469.682
1469.698
1469.714
1469.730
1469.745
1469.761
1469.777
1469.792
1469.808
1469.824
1469.839
1469.855
1469.871
1469.886
1469.902
1469.918
1469.933
1469.949
1469.965
1469.981
1469.996
1470.012
1470.028
1470.043
1470.059
1470.075
1470.090
1470.106
1470.122
1470.137
1470.153
1470.169
1470.184
1470.200
1470.216
1470.231
1470.247
1470.263
1470.278
1470.294
1470.310
1470.325
1470.341
1470.357
1470.373
1470.388
1470.404
1470.420
1470.435
1470.451
1470.467
1470.482
1470.498
1470.514
1470.529
1470.545
1470.561
1470.576
1470.592
1470.608
1470.623
1470.639
1470.655
1470.670
1470.686
1470.702
1470.717
1470.733
1470.749
1470.764
1470.780
1470.796
1470.811
1470.827
1470.842
1470.858
1470.874
1470.889
1470.905
1470.921
1470.936
1470.952
1470.968
1470.983
1470.999
1471.015
1471.030
1471.046
1471.062
1471.077
1471.093
1471.109
1471.124
1471.140
1471.156
1471.171
1471.187
1471.202
1471.218
1471.234
1471.249
1471.265
1471.281
1471.296
1471.312
1471.328
1471.343
1471.359
1471.375
1471.390
1471.406
1471.421
1471.437
1471.453
1471.468
1471.484
1471.500
1471.515
1471.531
1471.547
1471.562
1471.578
1471.593
1471.609
1471.625
1471.640
1471.656
1471.672
1471.687
1471.703
1471.719
1471.734
1471.750
1471.765
1471.781
1471.797
1471.812
1471.828
1471.844
1471.859
1471.875
1471.890
1471.906
1471.922
1471.937
1471.953
1471.969
1471.984
1472.000
1472.015
1472.031
1472.047
1472.062
1472.078
1472.094
1472.109
1472.125
1472.140
1472.156
1472.172
1472.187
1472.203
1472.218
1472.234
1472.250
1472.265
1472.281
1472.297
1472.312
1472.328
1472.343
1472.359
1472.375
1472.390
1472.406
1472.421
1472.437
1472.453
1472.468
1472.484
1472.499
1472.515
1472.531
1472.546
1472.562
1472.577
1472.593
1472.609
1472.624
1472.640
1472.655
1472.671
1472.687
1472.702
1472.718
1472.733
1472.749
1472.765
1472.780
1472.796
1472.811
1472.827
1472.843
1472.858
1472.874
1472.889
1472.905
1472.921
1472.936
1472.952
1472.967
1472.983
1472.999
1473.014
1473.030
1473.045
1473.061
1473.077
1473.092
1473.108
1473.123
1473.139
1473.154
1473.170
1473.186
1473.201
1473.217
1473.232
1473.248
1473.264
1473.279
1473.295
1473.310
1473.326
1473.341
1473.357
1473.373
1473.388
1473.404
1473.419
1473.435
1473.450
1473.466
1473.482
1473.497
1473.513
1473.528
1473.544
1473.559
1473.575
1473.591
1473.606
1473.622
1473.637
1473.653
1473.668
1473.684
1473.700
1473.715
1473.731
1473.746
1473.762
1473.777
1473.793
1473.809
1473.824
1473.840
1473.855
1473.871
1473.886
1473.902
1473.918
1473.933
1473.949
1473.964
1473.980
1473.995
1474.011
1474.026
1474.042
1474.058
1474.073
1474.089
1474.104
1474.120
1474.135
1474.151
1474.166
1474.182
1474.198
1474.213
1474.229
1474.244
1474.260
1474.275
1474.291
1474.306
1474.322
1474.337
1474.353
1474.369
1474.384
1474.400
1474.415
1474.431
1474.446
1474.462
1474.477
1474.493
1474.508
1474.524
1474.540
1474.555
1474.571
1474.586
1474.602
1474.617
1474.633
1474.648
1474.664
1474.679
1474.695
1474.710
1474.726
1474.742
1474.757
1474.773
1474.788
1474.804
1474.819
1474.835
1474.850
1474.866
1474.881
1474.897
1474.912
1474.928
1474.943
1474.959
1474.974
1474.990
1475.006
1475.021
1475.037
1475.052
1475.068
1475.083
1475.099
1475.114
1475.130
1475.145
1475.161
1475.176
1475.192
1475.207
1475.223
1475.238
1475.254
1475.269
1475.285
1475.300
1475.316
1475.331
1475.347
1475.363
1475.378
1475.394
1475.409
1475.425
1475.440
1475.456
1475.471
1475.487
1475.502
1475.518
1475.533
1475.549
1475.564
1475.580
1475.595
1475.611
1475.626
1475.642
1475.657
1475.673
1475.688
1475.704
1475.719
1475.735
1475.750
1475.766
1475.781
1475.797
1475.812
1475.828
1475.843
1475.859
1475.874
1475.890
1475.905
1475.921
1475.936
1475.952
1475.967
1475.983
1475.998
1476.014
1476.029
1476.045
1476.060
1476.076
1476.091
1476.107
1476.122
1476.138
1476.153
1476.169
1476.184
1476.200
1476.215
1476.231
1476.246
1476.262
1476.277
1476.293
1476.308
1476.324
1476.339
1476.354
1476.370
1476.385
1476.401
1476.416
1476.432
1476.447
1476.463
1476.478
1476.494
1476.509
1476.525
1476.540
1476.556
1476.571
1476.587
1476.602
1476.618
1476.633
1476.649
1476.664
1476.680
1476.695
1476.710
1476.726
1476.741
1476.757
1476.772
1476.788
1476.803
1476.819
1476.834
1476.850
1476.865
1476.881
1476.896
1476.912
1476.927
1476.943
1476.958
1476.973
1476.989
1477.004
1477.020
1477.035
1477.051
1477.066
1477.082
1477.097
1477.113
1477.128
1477.144
1477.159
1477.174
1477.190
1477.205
1477.221
1477.236
1477.252
1477.267
1477.283
1477.298
1477.314
1477.329
1477.344
1477.360
1477.375
1477.391
1477.406
1477.422
1477.437
1477.453
1477.468
1477.484
1477.499
1477.514
1477.530
1477.545
1477.561
1477.576
1477.592
1477.607
1477.623
1477.638
1477.653
1477.669
1477.684
1477.700
1477.715
1477.731
1477.746
1477.761
1477.777
1477.792
1477.808
1477.823
1477.839
1477.854
1477.870
1477.885
1477.900
1477.916
1477.931
1477.947
1477.962
1477.978
1477.993
1478.008
1478.024
1478.039
1478.055
1478.070
1478.086
1478.101
1478.116
1478.132
1478.147
1478.163
1478.178
1478.194
1478.209
1478.224
1478.240
1478.255
1478.271
1478.286
1478.302
1478.317
1478.332
1478.348
1478.363
1478.379
1478.394
1478.410
1478.425
1478.440
1478.456
1478.471
1478.487
1478.502
1478.517
1478.533
1478.548
1478.564
1478.579
1478.595
1478.610
1478.625
1478.641
1478.656
1478.672
1478.687
1478.702
1478.718
1478.733
1478.749
1478.764
1478.779
1478.795
1478.810
1478.826
1478.841
1478.856
1478.872
1478.887
1478.903
1478.918
1478.933
1478.949
1478.964
1478.980
1478.995
1479.010
1479.026
1479.041
1479.057
1479.072
1479.087
1479.103
1479.118
1479.134
1479.149
1479.164
1479.180
1479.195
1479.211
1479.226
1479.241
1479.257
1479.272
1479.288
1479.303
1479.318
1479.334
1479.349
1479.365
1479.380
1479.395
1479.411
1479.426
1479.441
1479.457
1479.472
1479.488
1479.503
1479.518
1479.534
1479.549
1479.565
1479.580
1479.595
1479.611
1479.626
1479.641
1479.657
1479.672
1479.688
1479.703
1479.718
1479.734
1479.749
1479.764
1479.780
1479.795
1479.811
1479.826
1479.841
1479.857
1479.872
1479.887
1479.903
1479.918
1479.934
1479.949
1479.964
1479.980
1479.995
1480.010
1480.026
1480.041
1480.057
1480.072
1480.087
1480.103
1480.118
1480.133
1480.149
1480.164
1480.179
1480.195
1480.210
1480.226
1480.241
1480.256
1480.272
1480.287
1480.302
1480.318
1480.333
1480.348
1480.364
1480.379
1480.395
1480.410
1480.425
1480.441
1480.456
1480.471
1480.487
1480.502
1480.517
1480.533
1480.548
1480.563
1480.579
1480.594
1480.609
1480.625
1480.640
1480.655
1480.671
1480.686
1480.702
1480.717
1480.732
1480.748
1480.763
1480.778
1480.794
1480.809
1480.824
1480.840
1480.855
1480.870
1480.886
1480.901
1480.916
1480.932
1480.947
1480.962
1480.978
1480.993
1481.008
1481.024
1481.039
1481.054
1481.070
1481.085
1481.100
1481.116
1481.131
1481.146
1481.162
1481.177
1481.192
1481.208
1481.223
1481.238
1481.254
1481.269
1481.284
1481.300
1481.315
1481.330
1481.346
1481.361
1481.376
1481.392
1481.407
1481.422
1481.438
1481.453
1481.468
1481.484
1481.499
1481.514
1481.530
1481.545
1481.560
1481.575
1481.591
1481.606
1481.621
1481.637
1481.652
1481.667
1481.683
1481.698
1481.713
1481.729
1481.744
1481.759
1481.775
1481.790
1481.805
1481.821
1481.836
1481.851
1481.866
1481.882
1481.897
1481.912
1481.928
1481.943
1481.958
1481.974
1481.989
1482.004
1482.020
1482.035
1482.050
1482.065
1482.081
1482.096
1482.111
1482.127
1482.142
1482.157
1482.173
1482.188
1482.203
1482.218
1482.234
1482.249
1482.264
1482.280
1482.295
1482.310
1482.326
1482.341
1482.356
1482.371
1482.387
1482.402
1482.417
1482.433
1482.448
1482.463
1482.478
1482.494
1482.509
1482.524
1482.540
1482.555
1482.570
1482.585
1482.601
1482.616
1482.631
1482.647
1482.662
1482.677
1482.692
1482.708
1482.723
1482.738
1482.754
1482.769
1482.784
1482.799
1482.815
1482.830
1482.845
1482.861
1482.876
1482.891
1482.906
1482.922
1482.937
1482.952
1482.968
1482.983
1482.998
1483.013
1483.029
1483.044
1483.059
1483.074
1483.090
1483.105
1483.120
1483.136
1483.151
1483.166
1483.181
1483.197
1483.212
1483.227
1483.242
1483.258
1483.273
1483.288
1483.303
1483.319
1483.334
1483.349
1483.365
1483.380
1483.395
1483.410
1483.426
1483.441
1483.456
1483.471
1483.487
1483.502
1483.517
1483.532
1483.548
1483.563
1483.578
1483.593
1483.609
1483.624
1483.639
1483.654
1483.670
1483.685
1483.700
1483.715
1483.731
1483.746
1483.761
1483.776
1483.792
1483.807
1483.822
1483.837
1483.853
1483.868
1483.883
1483.898
1483.914
1483.929
1483.944
1483.959
1483.975
1483.990
1484.005
1484.020
1484.036
1484.051
1484.066
1484.081
1484.097
1484.112
1484.127
1484.142
1484.157
1484.173
1484.188
1484.203
1484.218
1484.234
1484.249
1484.264
1484.279
1484.295
1484.310
1484.325
1484.340
1484.356
1484.371
1484.386
1484.401
1484.416
1484.432
1484.447
1484.462
1484.477
1484.493
1484.508
1484.523
1484.538
1484.554
1484.569
1484.584
1484.599
1484.614
1484.630
1484.645
1484.660
1484.675
1484.691
1484.706
1484.721
1484.736
1484.751
1484.767
1484.782
1484.797
1484.812
1484.827
1484.843
1484.858
1484.873
1484.888
1484.904
1484.919
1484.934
1484.949
1484.964
1484.980
1484.995
1485.010
1485.025
1485.040
1485.056
1485.071
1485.086
1485.101
1485.116
1485.132
1485.147
1485.162
1485.177
1485.193
1485.208
1485.223
1485.238
1485.253
1485.269
1485.284
1485.299
1485.314
1485.329
1485.345
1485.360
1485.375
1485.390
1485.405
1485.421
1485.436
1485.451
1485.466
1485.481
1485.497
1485.512
1485.527
1485.542
1485.557
1485.572
1485.588
1485.603
1485.618
1485.633
1485.648
1485.664
1485.679
1485.694
1485.709
1485.724
1485.740
1485.755
1485.770
1485.785
1485.800
1485.816
1485.831
1485.846
1485.861
1485.876
1485.891
1485.907
1485.922
1485.937
1485.952
1485.967
1485.983
1485.998
1486.013
1486.028
1486.043
1486.058
1486.074
1486.089
1486.104
1486.119
1486.134
1486.149
1486.165
1486.180
1486.195
1486.210
1486.225
1486.241
1486.256
1486.271
1486.286
1486.301
1486.316
1486.332
1486.347
1486.362
1486.377
1486.392
1486.407
1486.423
1486.438
1486.453
1486.468
1486.483
1486.498
1486.514
1486.529
1486.544
1486.559
1486.574
1486.589
1486.604
1486.620
1486.635
1486.650
1486.665
1486.680
1486.695
1486.711
1486.726
1486.741
1486.756
1486.771
1486.786
1486.802
1486.817
1486.832
1486.847
1486.862
1486.877
1486.892
1486.908
1486.923
1486.938
1486.953
1486.968
1486.983
1486.998
1487.014
1487.029
1487.044
1487.059
1487.074
1487.089
1487.105
1487.120
1487.135
1487.150
1487.165
1487.180
1487.195
1487.211
1487.226
1487.241
1487.256
1487.271
1487.286
1487.301
1487.316
1487.332
1487.347
1487.362
1487.377
1487.392
1487.407
1487.422
1487.438
1487.453
1487.468
1487.483
1487.498
1487.513
1487.528
1487.543
1487.559
1487.574
1487.589
1487.604
1487.619
1487.634
1487.649
1487.665
1487.680
1487.695
1487.710
1487.725
1487.740
1487.755
1487.770
1487.786
1487.801
1487.816
1487.831
1487.846
1487.861
1487.876
1487.891
1487.906
1487.922
1487.937
1487.952
1487.967
1487.982
1487.997
1488.012
1488.027
1488.043
1488.058
1488.073
1488.088
1488.103
1488.118
1488.133
1488.148
1488.163
1488.179
1488.194
1488.209
1488.224
1488.239
1488.254
1488.269
1488.284
1488.299
1488.315
1488.330
1488.345
1488.360
1488.375
1488.390
1488.405
1488.420
1488.435
1488.450
1488.466
1488.481
1488.496
1488.511
1488.526
1488.541
1488.556
1488.571
1488.586
1488.601
1488.617
1488.632
1488.647
1488.662
1488.677
1488.692
1488.707
1488.722
1488.737
1488.752
1488.767
1488.783
1488.798
1488.813
1488.828
1488.843
1488.858
1488.873
1488.888
1488.903
1488.918
1488.933
1488.949
1488.964
1488.979
1488.994
1489.009
1489.024
1489.039
1489.054
1489.069
1489.084
1489.099
1489.114
1489.130
1489.145
1489.160
1489.175
1489.190
1489.205
1489.220
1489.235
1489.250
1489.265
1489.280
1489.295
1489.310
1489.326
1489.341
1489.356
1489.371
1489.386
1489.401
1489.416
1489.431
1489.446
1489.461
1489.476
1489.491
1489.506
1489.521
1489.537
1489.552
1489.567
1489.582
1489.597
1489.612
1489.627
1489.642
1489.657
1489.672
1489.687
1489.702
1489.717
1489.732
1489.747
1489.763
1489.778
1489.793
1489.808
1489.823
1489.838
1489.853
1489.868
1489.883
1489.898
1489.913
1489.928
1489.943
1489.958
1489.973
1489.988
1490.003
1490.018
1490.034
1490.049
1490.064
1490.079
1490.094
1490.109
1490.124
1490.139
1490.154
1490.169
1490.184
1490.199
1490.214
1490.229
1490.244
1490.259
1490.274
1490.289
1490.304
1490.319
1490.334
1490.350
1490.365
1490.380
1490.395
1490.410
1490.425
1490.440
1490.455
1490.470
1490.485
1490.500
1490.515
1490.530
1490.545
1490.560
1490.575
1490.590
1490.605
1490.620
1490.635
1490.650
1490.665
1490.680
1490.695
1490.710
1490.725
1490.740
1490.755
1490.770
1490.786
1490.801
1490.816
1490.831
1490.846
1490.861
1490.876
1490.891
1490.906
1490.921
1490.936
1490.951
1490.966
1490.981
1490.996
1491.011
1491.026
1491.041
1491.056
1491.071
1491.086
1491.101
1491.116
1491.131
1491.146
1491.161
1491.176
1491.191
1491.206
1491.221
1491.236
1491.251
1491.266
1491.281
1491.296
1491.311
1491.326
1491.341
1491.356
1491.371
1491.386
1491.401
1491.416
1491.431
1491.446
1491.461
1491.476
1491.491
1491.506
1491.521
1491.536
1491.551
1491.566
1491.581
1491.596
1491.611
1491.626
1491.641
1491.656
1491.671
1491.686
1491.701
1491.716
1491.731
1491.746
1491.761
1491.776
1491.791
1491.806
1491.821
1491.836
1491.851
1491.866
1491.881
1491.896
1491.911
1491.926
1491.941
1491.956
1491.971
1491.986
1492.001
1492.016
1492.031
1492.046
1492.061
1492.076
1492.091
1492.106
1492.121
1492.136
1492.151
1492.166
1492.181
1492.196
1492.211
1492.226
1492.241
1492.256
1492.271
1492.286
1492.301
1492.316
1492.331
1492.346
1492.361
1492.376
1492.391
1492.406
1492.421
1492.436
1492.451
1492.466
1492.481
1492.496
1492.511
1492.526
1492.541
1492.556
1492.571
1492.585
1492.600
1492.615
1492.630
1492.645
1492.660
1492.675
1492.690
1492.705
1492.720
1492.735
1492.750
1492.765
1492.780
1492.795
1492.810
1492.825
1492.840
1492.855
1492.870
1492.885
1492.900
1492.915
1492.930
1492.945
1492.960
1492.975
1492.990
1493.004
1493.019
1493.034
1493.049
1493.064
1493.079
1493.094
1493.109
1493.124
1493.139
1493.154
1493.169
1493.184
1493.199
1493.214
1493.229
1493.244
1493.259
1493.274
1493.289
1493.304
1493.319
1493.333
1493.348
1493.363
1493.378
1493.393
1493.408
1493.423
1493.438
1493.453
1493.468
1493.483
1493.498
1493.513
1493.528
1493.543
1493.558
1493.573
1493.587
1493.602
1493.617
1493.632
1493.647
1493.662
1493.677
1493.692
1493.707
1493.722
1493.737
1493.752
1493.767
1493.782
1493.797
1493.812
1493.826
1493.841
1493.856
1493.871
1493.886
1493.901
1493.916
1493.931
1493.946
1493.961
1493.976
1493.991
1494.006
1494.021
1494.035
1494.050
1494.065
1494.080
1494.095
1494.110
1494.125
1494.140
1494.155
1494.170
1494.185
1494.200
1494.215
1494.229
1494.244
1494.259
1494.274
1494.289
1494.304
1494.319
1494.334
1494.349
1494.364
1494.379
1494.394
1494.408
1494.423
1494.438
1494.453
1494.468
1494.483
1494.498
1494.513
1494.528
1494.543
1494.558
1494.572
1494.587
1494.602
1494.617
1494.632
1494.647
1494.662
1494.677
1494.692
1494.707
1494.722
1494.736
1494.751
1494.766
1494.781
1494.796
1494.811
1494.826
1494.841
1494.856
1494.871
1494.885
1494.900
1494.915
1494.930
1494.945
1494.960
1494.975
1494.990
1495.005
1495.020
1495.034
1495.049
1495.064
1495.079
1495.094
1495.109
1495.124
1495.139
1495.154
1495.168
1495.183
1495.198
1495.213
1495.228
1495.243
1495.258
1495.273
1495.288
1495.302
1495.317
1495.332
1495.347
1495.362
1495.377
1495.392
1495.407
1495.421
1495.436
1495.451
1495.466
1495.481
1495.496
1495.511
1495.526
1495.541
1495.555
1495.570
1495.585
1495.600
1495.615
1495.630
1495.645
1495.660
1495.674
1495.689
1495.704
1495.719
1495.734
1495.749
1495.764
1495.779
1495.793
1495.808
1495.823
1495.838
1495.853
1495.868
1495.883
1495.897
1495.912
1495.927
1495.942
1495.957
1495.972
1495.987
1496.002
1496.016
1496.031
1496.046
1496.061
1496.076
1496.091
1496.106
1496.120
1496.135
1496.150
1496.165
1496.180
1496.195
1496.210
1496.224
1496.239
1496.254
1496.269
1496.284
1496.299
1496.314
1496.328
1496.343
1496.358
1496.373
1496.388
1496.403
1496.418
1496.432
1496.447
1496.462
1496.477
1496.492
1496.507
1496.521
1496.536
1496.551
1496.566
1496.581
1496.596
1496.611
1496.625
1496.640
1496.655
1496.670
1496.685
1496.700
1496.714
1496.729
1496.744
1496.759
1496.774
1496.789
1496.803
1496.818
1496.833
1496.848
1496.863
1496.878
1496.892
1496.907
1496.922
1496.937
1496.952
1496.967
1496.981
1496.996
1497.011
1497.026
1497.041
1497.056
1497.070
1497.085
1497.100
1497.115
1497.130
1497.145
1497.159
1497.174
1497.189
1497.204
1497.219
1497.234
1497.248
1497.263
1497.278
1497.293
1497.308
1497.323
1497.337
1497.352
1497.367
1497.382
1497.397
1497.411
1497.426
1497.441
1497.456
1497.471
1497.486
1497.500
1497.515
1497.530
1497.545
1497.560
1497.574
1497.589
1497.604
1497.619
1497.634
1497.648
1497.663
1497.678
1497.693
1497.708
1497.723
1497.737
1497.752
1497.767
1497.782
1497.797
1497.811
1497.826
1497.841
1497.856
1497.871
1497.885
1497.900
1497.915
1497.930
1497.945
1497.959
1497.974
1497.989
