1263.000
1263.014
1263.027
1263.041
1263.055
1263.068
1263.082
1263.096
1263.110
1263.123
1263.137
1263.151
1263.164
1263.178
1263.192
1263.205
1263.219
1263.233
1263.247
1263.260
1263.274
1263.288
1263.301
1263.315
1263.329
1263.342
1263.356
1263.370
1263.383
1263.397
1263.411
1263.425
1263.438
1263.452
1263.466
1263.479
1263.493
1263.507
1263.520
1263.534
1263.548
1263.561
1263.575
1263.589
1263.602
1263.616
1263.630
1263.643
1263.657
1263.671
1263.684
1263.698
1263.712
1263.726
1263.739
1263.753
1263.767
1263.780
1263.794
1263.808
1263.821
1263.835
1263.849
1263.862
1263.876
1263.890
1263.903
1263.917
1263.931
1263.944
1263.958
1263.972
1263.985
1263.999
1264.013
1264.026
1264.040
1264.054
1264.067
1264.081
1264.095
1264.108
1264.122
1264.136
1264.149
1264.163
1264.177
1264.190
1264.204
1264.218
1264.231
1264.245
1264.259
1264.272
1264.286
1264.300
1264.313
1264.327
1264.341
1264.354
1264.368
1264.382
1264.395
1264.409
1264.423
1264.436
1264.450
1264.463
1264.477
1264.491
1264.504
1264.518
1264.532
1264.545
1264.559
1264.573
1264.586
1264.600
1264.614
1264.627
1264.641
1264.655
1264.668
1264.682
1264.696
1264.709
1264.723
1264.737
1264.750
1264.764
1264.777
1264.791
1264.805
1264.818
1264.832
1264.846
1264.859
1264.873
1264.887
1264.900
1264.914
1264.928
1264.941
1264.955
1264.968
1264.982
1264.996
1265.009
1265.023
1265.037
1265.050
1265.064
1265.078
1265.091
1265.105
1265.118
1265.132
1265.146
1265.159
1265.173
1265.187
1265.200
1265.214
1265.227
1265.241
1265.255
1265.268
1265.282
1265.296
1265.309
1265.323
1265.337
1265.350
1265.364
1265.377
1265.391
1265.405
1265.418
1265.432
1265.446
1265.459
1265.473
1265.486
1265.500
1265.514
1265.527
1265.541
1265.555
1265.568
1265.582
1265.595
1265.609
1265.623
1265.636
1265.650
1265.663
1265.677
1265.691
1265.704
1265.718
1265.732
1265.745
1265.759
1265.772
1265.786
1265.800
1265.813
1265.827
1265.840
1265.854
1265.868
1265.881
1265.895
1265.909
1265.922
1265.936
1265.949
1265.963
1265.977
1265.990
1266.004
1266.017
1266.031
1266.045
1266.058
1266.072
1266.085
1266.099
1266.113
1266.126
1266.140
1266.153
1266.167
1266.181
1266.194
1266.208
1266.221
1266.235
1266.249
1266.262
1266.276
1266.289
1266.303
1266.317
1266.330
1266.344
1266.357
1266.371
1266.385
1266.398
1266.412
1266.425
1266.439
1266.453
1266.466
1266.480
1266.493
1266.507
1266.521
1266.534
1266.548
1266.561
1266.575
1266.588
1266.602
1266.616
1266.629
1266.643
1266.656
1266.670
1266.684
1266.697
1266.711
1266.724
1266.738
1266.752
1266.765
1266.779
1266.792
1266.806
1266.819
1266.833
1266.847
1266.860
1266.874
1266.887
1266.901
1266.915
1266.928
1266.942
1266.955
1266.969
1266.982
1266.996
1267.010
1267.023
1267.037
1267.050
1267.064
1267.077
1267.091
1267.105
1267.118
1267.132
1267.145
1267.159
1267.172
1267.186
1267.200
1267.213
1267.227
1267.240
1267.254
1267.267
1267.281
1267.295
1267.308
1267.322
1267.335
1267.349
1267.362
1267.376
1267.389
1267.403
1267.417
1267.430
1267.444
1267.457
1267.471
1267.484
1267.498
1267.512
1267.525
1267.539
1267.552
1267.566
1267.579
1267.593
1267.606
1267.620
1267.634
1267.647
1267.661
1267.674
1267.688
1267.701
1267.715
1267.728
1267.742
1267.756
1267.769
1267.783
1267.796
1267.810
1267.823
1267.837
1267.850
1267.864
1267.878
1267.891
1267.905
1267.918
1267.932
1267.945
1267.959
1267.972
1267.986
1267.999
1268.013
1268.027
1268.040
1268.054
1268.067
1268.081
1268.094
1268.108
1268.121
1268.135
1268.148
1268.162
1268.176
1268.189
1268.203
1268.216
1268.230
1268.243
1268.257
1268.270
1268.284
1268.297
1268.311
1268.324
1268.338
1268.351
1268.365
1268.379
1268.392
1268.406
1268.419
1268.433
1268.446
1268.460
1268.473
1268.487
1268.500
1268.514
1268.527
1268.541
1268.554
1268.568
1268.582
1268.595
1268.609
1268.622
1268.636
1268.649
1268.663
1268.676
1268.690
1268.703
1268.717
1268.730
1268.744
1268.757
1268.771
1268.784
1268.798
1268.811
1268.825
1268.838
1268.852
1268.865
1268.879
1268.893
1268.906
1268.920
1268.933
1268.947
1268.960
1268.974
1268.987
1269.001
1269.014
1269.028
1269.041
1269.055
1269.068
1269.082
1269.095
1269.109
1269.122
1269.136
1269.149
1269.163
1269.176
1269.190
1269.203
1269.217
1269.230
1269.244
1269.257
1269.271
1269.284
1269.298
1269.311
1269.325
1269.338
1269.352
1269.365
1269.379
1269.392
1269.406
1269.419
1269.433
1269.446
1269.460
1269.473
1269.487
1269.500
1269.514
1269.527
1269.541
1269.554
1269.568
1269.581
1269.595
1269.608
1269.622
1269.635
1269.649
1269.662
1269.676
1269.689
1269.703
1269.716
1269.730
1269.743
1269.757
1269.770
1269.784
1269.797
1269.811
1269.824
1269.838
1269.851
1269.865
1269.878
1269.892
1269.905
1269.919
1269.932
1269.946
1269.959
1269.973
1269.986
1270.000
1270.013
1270.026
1270.040
1270.053
1270.067
1270.080
1270.094
1270.107
1270.121
1270.134
1270.148
1270.161
1270.175
1270.188
1270.202
1270.215
1270.229
1270.242
1270.256
1270.269
1270.283
1270.296
1270.310
1270.323
1270.336
1270.350
1270.363
1270.377
1270.390
1270.404
1270.417
1270.431
1270.444
1270.458
1270.471
1270.485
1270.498
1270.512
1270.525
1270.539
1270.552
1270.565
1270.579
1270.592
1270.606
1270.619
1270.633
1270.646
1270.660
1270.673
1270.687
1270.700
1270.714
1270.727
1270.740
1270.754
1270.767
1270.781
1270.794
1270.808
1270.821
1270.835
1270.848
1270.862
1270.875
1270.888
1270.902
1270.915
1270.929
1270.942
1270.956
1270.969
1270.983
1270.996
1271.010
1271.023
1271.036
1271.050
1271.063
1271.077
1271.090
1271.104
1271.117
1271.131
1271.144
1271.158
1271.171
1271.184
1271.198
1271.211
1271.225
1271.238
1271.252
1271.265
1271.279
1271.292
1271.305
1271.319
1271.332
1271.346
1271.359
1271.373
1271.386
1271.399
1271.413
1271.426
1271.440
1271.453
1271.467
1271.480
1271.494
1271.507
1271.520
1271.534
1271.547
1271.561
1271.574
1271.588
1271.601
1271.614
1271.628
1271.641
1271.655
1271.668
1271.682
1271.695
1271.708
1271.722
1271.735
1271.749
1271.762
1271.776
1271.789
1271.802
1271.816
1271.829
1271.843
1271.856
1271.870
1271.883
1271.896
1271.910
1271.923
1271.937
1271.950
1271.964
1271.977
1271.990
1272.004
1272.017
1272.031
1272.044
1272.058
1272.071
1272.084
1272.098
1272.111
1272.125
1272.138
1272.151
1272.165
1272.178
1272.192
1272.205
1272.219
1272.232
1272.245
1272.259
1272.272
1272.286
1272.299
1272.312
1272.326
1272.339
1272.353
1272.366
1272.379
1272.393
1272.406
1272.420
1272.433
1272.447
1272.460
1272.473
1272.487
1272.500
1272.514
1272.527
1272.540
1272.554
1272.567
1272.581
1272.594
1272.607
1272.621
1272.634
1272.648
1272.661
1272.674
1272.688
1272.701
1272.715
1272.728
1272.741
1272.755
1272.768
1272.782
1272.795
1272.808
1272.822
1272.835
1272.849
1272.862
1272.875
1272.889
1272.902
1272.916
1272.929
1272.942
1272.956
1272.969
1272.982
1272.996
1273.009
1273.023
1273.036
1273.049
1273.063
1273.076
1273.090
1273.103
1273.116
1273.130
1273.143
1273.156
1273.170
1273.183
1273.197
1273.210
1273.223
1273.237
1273.250
1273.264
1273.277
1273.290
1273.304
1273.317
1273.330
1273.344
1273.357
1273.371
1273.384
1273.397
1273.411
1273.424
1273.437
1273.451
1273.464
1273.478
1273.491
1273.504
1273.518
1273.531
1273.544
1273.558
1273.571
1273.585
1273.598
1273.611
1273.625
1273.638
1273.651
1273.665
1273.678
1273.692
1273.705
1273.718
1273.732
1273.745
1273.758
1273.772
1273.785
1273.799
1273.812
1273.825
1273.839
1273.852
1273.865
1273.879
1273.892
1273.905
1273.919
1273.932
1273.945
1273.959
1273.972
1273.986
1273.999
1274.012
1274.026
1274.039
1274.052
1274.066
1274.079
1274.092
1274.106
1274.119
1274.132
1274.146
1274.159
1274.173
1274.186
1274.199
1274.213
1274.226
1274.239
1274.253
1274.266
1274.279
1274.293
1274.306
1274.319
1274.333
1274.346
1274.359
1274.373
1274.386
1274.400
1274.413
1274.426
1274.440
1274.453
1274.466
1274.480
1274.493
1274.506
1274.520
1274.533
1274.546
1274.560
1274.573
1274.586
1274.600
1274.613
1274.626
1274.640
1274.653
1274.666
1274.680
1274.693
1274.706
1274.720
1274.733
1274.746
1274.760
1274.773
1274.786
1274.800
1274.813
1274.826
1274.840
1274.853
1274.866
1274.880
1274.893
1274.906
1274.920
1274.933
1274.946
1274.960
1274.973
1274.986
1275.000
1275.013
1275.026
1275.040
1275.053
1275.066
1275.080
1275.093
1275.106
1275.120
1275.133
1275.146
1275.160
1275.173
1275.186
1275.200
1275.213
1275.226
1275.240
1275.253
1275.266
1275.279
1275.293
1275.306
1275.319
1275.333
1275.346
1275.359
1275.373
1275.386
1275.399
1275.413
1275.426
1275.439
1275.453
1275.466
1275.479
1275.493
1275.506
1275.519
1275.532
1275.546
1275.559
1275.572
1275.586
1275.599
1275.612
1275.626
1275.639
1275.652
1275.666
1275.679
1275.692
1275.705
1275.719
1275.732
1275.745
1275.759
1275.772
1275.785
1275.799
1275.812
1275.825
1275.839
1275.852
1275.865
1275.878
1275.892
1275.905
1275.918
1275.932
1275.945
1275.958
1275.972
1275.985
1275.998
1276.011
1276.025
1276.038
1276.051
1276.065
1276.078
1276.091
1276.104
1276.118
1276.131
1276.144
1276.158
1276.171
1276.184
1276.198
1276.211
1276.224
1276.237
1276.251
1276.264
1276.277
1276.291
1276.304
1276.317
1276.330
1276.344
1276.357
1276.370
1276.384
1276.397
1276.410
1276.423
1276.437
1276.450
1276.463
1276.477
1276.490
1276.503
1276.516
1276.530
1276.543
1276.556
1276.569
1276.583
1276.596
1276.609
1276.623
1276.636
1276.649
1276.662
1276.676
1276.689
1276.702
1276.716
1276.729
1276.742
1276.755
1276.769
1276.782
1276.795
1276.808
1276.822
1276.835
1276.848
1276.862
1276.875
1276.888
1276.901
1276.915
1276.928
1276.941
1276.954
1276.968
1276.981
1276.994
1277.007
1277.021
1277.034
1277.047
1277.061
1277.074
1277.087
1277.100
1277.114
1277.127
1277.140
1277.153
1277.167
1277.180
1277.193
1277.206
1277.220
1277.233
1277.246
1277.259
1277.273
1277.286
1277.299
1277.312
1277.326
1277.339
1277.352
1277.365
1277.379
1277.392
1277.405
1277.419
1277.432
1277.445
1277.458
1277.472
1277.485
1277.498
1277.511
1277.525
1277.538
1277.551
1277.564
1277.578
1277.591
1277.604
1277.617
1277.630
1277.644
1277.657
1277.670
1277.683
1277.697
1277.710
1277.723
1277.736
1277.750
1277.763
1277.776
1277.789
1277.803
1277.816
1277.829
1277.842
1277.856
1277.869
1277.882
1277.895
1277.909
1277.922
1277.935
1277.948
1277.962
1277.975
1277.988
1278.001
1278.014
1278.028
1278.041
1278.054
1278.067
1278.081
1278.094
1278.107
1278.120
1278.134
1278.147
1278.160
1278.173
1278.186
1278.200
1278.213
1278.226
1278.239
1278.253
1278.266
1278.279
1278.292
1278.306
1278.319
1278.332
1278.345
1278.358
1278.372
1278.385
1278.398
1278.411
1278.425
1278.438
1278.451
1278.464
1278.477
1278.491
1278.504
1278.517
1278.530
1278.543
1278.557
1278.570
1278.583
1278.596
1278.610
1278.623
1278.636
1278.649
1278.662
1278.676
1278.689
1278.702
1278.715
1278.729
1278.742
1278.755
1278.768
1278.781
1278.795
1278.808
1278.821
1278.834
1278.847
1278.861
1278.874
1278.887
1278.900
1278.913
1278.927
1278.940
1278.953
1278.966
1278.979
1278.993
1279.006
1279.019
1279.032
1279.045
1279.059
1279.072
1279.085
1279.098
1279.111
1279.125
1279.138
1279.151
1279.164
1279.177
1279.191
1279.204
1279.217
1279.230
1279.243
1279.257
1279.270
1279.283
1279.296
1279.309
1279.323
1279.336
1279.349
1279.362
1279.375
1279.389
1279.402
1279.415
1279.428
1279.441
1279.455
1279.468
1279.481
1279.494
1279.507
1279.520
1279.534
1279.547
1279.560
1279.573
1279.586
1279.600
1279.613
1279.626
1279.639
1279.652
1279.666
1279.679
1279.692
1279.705
1279.718
1279.731
1279.745
1279.758
1279.771
1279.784
1279.797
1279.811
1279.824
1279.837
1279.850
1279.863
1279.876
1279.890
1279.903
1279.916
1279.929
1279.942
1279.955
1279.969
1279.982
1279.995
1280.008
1280.021
1280.034
1280.048
1280.061
1280.074
1280.087
1280.100
1280.114
1280.127
1280.140
1280.153
1280.166
1280.179
1280.193
1280.206
1280.219
1280.232
1280.245
1280.258
1280.272
1280.285
1280.298
1280.311
1280.324
1280.337
1280.350
1280.364
1280.377
1280.390
1280.403
1280.416
1280.429
1280.443
1280.456
1280.469
1280.482
1280.495
1280.508
1280.522
1280.535
1280.548
1280.561
1280.574
1280.587
1280.600
1280.614
1280.627
1280.640
1280.653
1280.666
1280.679
1280.693
1280.706
1280.719
1280.732
1280.745
1280.758
1280.771
1280.785
1280.798
1280.811
1280.824
1280.837
1280.850
1280.863
1280.877
1280.890
1280.903
1280.916
1280.929
1280.942
1280.956
1280.969
1280.982
1280.995
1281.008
1281.021
1281.034
1281.047
1281.061
1281.074
1281.087
1281.100
1281.113
1281.126
1281.139
1281.153
1281.166
1281.179
1281.192
1281.205
1281.218
1281.231
1281.245
1281.258
1281.271
1281.284
1281.297
1281.310
1281.323
1281.336
1281.350
1281.363
1281.376
1281.389
1281.402
1281.415
1281.428
1281.442
1281.455
1281.468
1281.481
1281.494
1281.507
1281.520
1281.533
1281.547
1281.560
1281.573
1281.586
1281.599
1281.612
1281.625
1281.638
1281.652
1281.665
1281.678
1281.691
1281.704
1281.717
1281.730
1281.743
1281.756
1281.770
1281.783
1281.796
1281.809
1281.822
1281.835
1281.848
1281.861
1281.875
1281.888
1281.901
1281.914
1281.927
1281.940
1281.953
1281.966
1281.979
1281.993
1282.006
1282.019
1282.032
1282.045
1282.058
1282.071
1282.084
1282.097
1282.111
1282.124
1282.137
1282.150
1282.163
1282.176
1282.189
1282.202
1282.215
1282.228
1282.242
1282.255
1282.268
1282.281
1282.294
1282.307
1282.320
1282.333
1282.346
1282.359
1282.373
1282.386
1282.399
1282.412
1282.425
1282.438
1282.451
1282.464
1282.477
1282.490
1282.504
1282.517
1282.530
1282.543
1282.556
1282.569
1282.582
1282.595
1282.608
1282.621
1282.634
1282.648
1282.661
1282.674
1282.687
1282.700
1282.713
1282.726
1282.739
1282.752
1282.765
1282.778
1282.792
1282.805
1282.818
1282.831
1282.844
1282.857
1282.870
1282.883
1282.896
1282.909
1282.922
1282.935
1282.949
1282.962
1282.975
1282.988
1283.001
1283.014
1283.027
1283.040
1283.053
1283.066
1283.079
1283.092
1283.105
1283.119
1283.132
1283.145
1283.158
1283.171
1283.184
1283.197
1283.210
1283.223
1283.236
1283.249
1283.262
1283.275
1283.289
1283.302
1283.315
1283.328
1283.341
1283.354
1283.367
1283.380
1283.393
1283.406
1283.419
1283.432
1283.445
1283.458
1283.471
1283.485
1283.498
1283.511
1283.524
1283.537
1283.550
1283.563
1283.576
1283.589
1283.602
1283.615
1283.628
1283.641
1283.654
1283.667
1283.680
1283.693
1283.707
1283.720
1283.733
1283.746
1283.759
1283.772
1283.785
1283.798
1283.811
1283.824
1283.837
1283.850
1283.863
1283.876
1283.889
1283.902
1283.915
1283.928
1283.942
1283.955
1283.968
1283.981
1283.994
1284.007
1284.020
1284.033
1284.046
1284.059
1284.072
1284.085
1284.098
1284.111
1284.124
1284.137
1284.150
1284.163
1284.176
1284.189
1284.202
1284.215
1284.229
1284.242
1284.255
1284.268
1284.281
1284.294
1284.307
1284.320
1284.333
1284.346
1284.359
1284.372
1284.385
1284.398
1284.411
1284.424
1284.437
1284.450
1284.463
1284.476
1284.489
1284.502
1284.515
1284.528
1284.541
1284.554
1284.567
1284.581
1284.594
1284.607
1284.620
1284.633
1284.646
1284.659
1284.672
1284.685
1284.698
1284.711
1284.724
1284.737
1284.750
1284.763
1284.776
1284.789
1284.802
1284.815
1284.828
1284.841
1284.854
1284.867
1284.880
1284.893
1284.906
1284.919
1284.932
1284.945
1284.958
1284.971
1284.984
1284.997
1285.010
1285.023
1285.036
1285.049
1285.062
1285.075
1285.088
1285.101
1285.114
1285.127
1285.140
1285.153
1285.166
1285.179
1285.192
1285.205
1285.219
1285.232
1285.245
1285.258
1285.271
1285.284
1285.297
1285.310
1285.323
1285.336
1285.349
1285.362
1285.375
1285.388
1285.401
1285.414
1285.427
1285.440
1285.453
1285.466
1285.479
1285.492
1285.505
1285.518
1285.531
1285.544
1285.557
1285.570
1285.583
1285.596
1285.609
1285.622
1285.635
1285.648
1285.661
1285.674
1285.687
1285.700
1285.713
1285.726
1285.739
1285.752
1285.765
1285.778
1285.791
1285.804
1285.817
1285.830
1285.843
1285.856
1285.869
1285.882
1285.895
1285.908
1285.920
1285.933
1285.946
1285.959
1285.972
1285.985
1285.998
1286.011
1286.024
1286.037
1286.050
1286.063
1286.076
1286.089
1286.102
1286.115
1286.128
1286.141
1286.154
1286.167
1286.180
1286.193
1286.206
1286.219
1286.232
1286.245
1286.258
1286.271
1286.284
1286.297
1286.310
1286.323
1286.336
1286.349
1286.362
1286.375
1286.388
1286.401
1286.414
1286.427
1286.440
1286.453
1286.466
1286.479
1286.492
1286.505
1286.518
1286.531
1286.543
1286.556
1286.569
1286.582
1286.595
1286.608
1286.621
1286.634
1286.647
1286.660
1286.673
1286.686
1286.699
1286.712
1286.725
1286.738
1286.751
1286.764
1286.777
1286.790
1286.803
1286.816
1286.829
1286.842
1286.855
1286.868
1286.881
1286.894
1286.906
1286.919
1286.932
1286.945
1286.958
1286.971
1286.984
1286.997
1287.010
1287.023
1287.036
1287.049
1287.062
1287.075
1287.088
1287.101
1287.114
1287.127
1287.140
1287.153
1287.166
1287.179
1287.191
1287.204
1287.217
1287.230
1287.243
1287.256
1287.269
1287.282
1287.295
1287.308
1287.321
1287.334
1287.347
1287.360
1287.373
1287.386
1287.399
1287.412
1287.424
1287.437
1287.450
1287.463
1287.476
1287.489
1287.502
1287.515
1287.528
1287.541
1287.554
1287.567
1287.580
1287.593
1287.606
1287.619
1287.632
1287.644
1287.657
1287.670
1287.683
1287.696
1287.709
1287.722
1287.735
1287.748
1287.761
1287.774
1287.787
1287.800
1287.813
1287.826
1287.838
1287.851
1287.864
1287.877
1287.890
1287.903
1287.916
1287.929
1287.942
1287.955
1287.968
1287.981
1287.994
1288.006
1288.019
1288.032
1288.045
1288.058
1288.071
1288.084
1288.097
1288.110
1288.123
1288.136
1288.149
1288.162
1288.174
1288.187
1288.200
1288.213
1288.226
1288.239
1288.252
1288.265
1288.278
1288.291
1288.304
1288.317
1288.329
1288.342
1288.355
1288.368
1288.381
1288.394
1288.407
1288.420
1288.433
1288.446
1288.459
1288.471
1288.484
1288.497
1288.510
1288.523
1288.536
1288.549
1288.562
1288.575
1288.588
1288.601
1288.613
1288.626
1288.639
1288.652
1288.665
1288.678
1288.691
1288.704
1288.717
1288.730
1288.743
1288.755
1288.768
1288.781
1288.794
1288.807
1288.820
1288.833
1288.846
1288.859
1288.872
1288.884
1288.897
1288.910
1288.923
1288.936
1288.949
1288.962
1288.975
1288.988
1289.000
1289.013
1289.026
1289.039
1289.052
1289.065
1289.078
1289.091
1289.104
1289.116
1289.129
1289.142
1289.155
1289.168
1289.181
1289.194
1289.207
1289.220
1289.232
1289.245
1289.258
1289.271
1289.284
1289.297
1289.310
1289.323
1289.336
1289.348
1289.361
1289.374
1289.387
1289.400
1289.413
1289.426
1289.439
1289.451
1289.464
1289.477
1289.490
1289.503
1289.516
1289.529
1289.542
1289.555
1289.567
1289.580
1289.593
1289.606
1289.619
1289.632
1289.645
1289.657
1289.670
1289.683
1289.696
1289.709
1289.722
1289.735
1289.748
1289.760
1289.773
1289.786
1289.799
1289.812
1289.825
1289.838
1289.851
1289.863
1289.876
1289.889
1289.902
1289.915
1289.928
1289.941
1289.953
1289.966
1289.979
1289.992
1290.005
1290.018
1290.031
1290.044
1290.056
1290.069
1290.082
1290.095
1290.108
1290.121
1290.134
1290.146
1290.159
1290.172
1290.185
1290.198
1290.211
1290.224
1290.236
1290.249
1290.262
1290.275
1290.288
1290.301
1290.313
1290.326
1290.339
1290.352
1290.365
1290.378
1290.391
1290.403
1290.416
1290.429
1290.442
1290.455
1290.468
1290.481
1290.493
1290.506
1290.519
1290.532
1290.545
1290.558
1290.570
1290.583
1290.596
1290.609
1290.622
1290.635
1290.648
1290.660
1290.673
1290.686
1290.699
1290.712
1290.725
1290.737
1290.750
1290.763
1290.776
1290.789
1290.802
1290.814
1290.827
1290.840
1290.853
1290.866
1290.879
1290.891
1290.904
1290.917
1290.930
1290.943
1290.956
1290.968
1290.981
1290.994
1291.007
1291.020
1291.033
1291.045
1291.058
1291.071
1291.084
1291.097
1291.110
1291.122
1291.135
1291.148
1291.161
1291.174
1291.187
1291.199
1291.212
1291.225
1291.238
1291.251
1291.263
1291.276
1291.289
1291.302
1291.315
1291.328
1291.340
1291.353
1291.366
1291.379
1291.392
1291.405
1291.417
1291.430
1291.443
1291.456
1291.469
1291.481
1291.494
1291.507
1291.520
1291.533
1291.546
1291.558
1291.571
1291.584
1291.597
1291.610
1291.622
1291.635
1291.648
1291.661
1291.674
1291.686
1291.699
1291.712
1291.725
1291.738
1291.750
1291.763
1291.776
1291.789
1291.802
1291.815
1291.827
1291.840
1291.853
1291.866
1291.879
1291.891
1291.904
1291.917
1291.930
1291.943
1291.955
1291.968
1291.981
1291.994
