1498.000
1498.017
1498.033
1498.049
1498.066
1498.082
1498.099
1498.115
1498.132
1498.148
1498.165
1498.181
1498.198
1498.214
1498.231
1498.247
1498.264
1498.280
1498.297
1498.313
1498.330
1498.346
1498.363
1498.379
1498.396
1498.412
1498.429
1498.445
1498.462
1498.478
1498.495
1498.511
1498.528
1498.544
1498.561
1498.577
1498.594
1498.610
1498.627
1498.643
1498.660
1498.676
1498.693
1498.709
1498.725
1498.742
1498.758
1498.775
1498.791
1498.808
1498.824
1498.841
1498.857
1498.874
1498.890
1498.907
1498.923
1498.940
1498.956
1498.973
1498.989
1499.005
1499.022
1499.038
1499.055
1499.071
1499.088
1499.104
1499.121
1499.137
1499.154
1499.170
1499.187
1499.203
1499.219
1499.236
1499.252
1499.269
1499.285
1499.302
1499.318
1499.335
1499.351
1499.368
1499.384
1499.400
1499.417
1499.433
1499.450
1499.466
1499.483
1499.499
1499.516
1499.532
1499.549
1499.565
1499.581
1499.598
1499.614
1499.631
1499.647
1499.664
1499.680
1499.697
1499.713
1499.729
1499.746
1499.762
1499.779
1499.795
1499.812
1499.828
1499.845
1499.861
1499.877
1499.894
1499.910
1499.927
1499.943
1499.960
1499.976
1499.992
1500.009
1500.025
1500.042
1500.058
1500.075
1500.091
1500.107
1500.124
1500.140
1500.157
1500.173
1500.190
1500.206
1500.222
1500.239
1500.255
1500.272
1500.288
1500.305
1500.321
1500.337
1500.354
1500.370
1500.387
1500.403
1500.419
1500.436
1500.452
1500.469
1500.485
1500.502
1500.518
1500.534
1500.551
1500.567
1500.584
1500.600
1500.616
1500.633
1500.649
1500.666
1500.682
1500.698
1500.715
1500.731
1500.748
1500.764
1500.781
1500.797
1500.813
1500.830
1500.846
1500.863
1500.879
1500.895
1500.912
1500.928
1500.945
1500.961
1500.977
1500.994
1501.010
1501.027
1501.043
1501.059
1501.076
1501.092
1501.109
1501.125
1501.141
1501.158
1501.174
1501.190
1501.207
1501.223
1501.240
1501.256
1501.272
1501.289
1501.305
1501.322
1501.338
1501.354
1501.371
1501.387
1501.404
1501.420
1501.436
1501.453
1501.469
1501.485
1501.502
1501.518
1501.535
1501.551
1501.567
1501.584
1501.600
1501.616
1501.633
1501.649
1501.666
1501.682
1501.698
1501.715
1501.731
1501.747
1501.764
1501.780
1501.797
1501.813
1501.829
1501.846
1501.862
1501.878
1501.895
1501.911
1501.928
1501.944
1501.960
1501.977
1501.993
1502.009
1502.026
1502.042
1502.058
1502.075
1502.091
1502.108
1502.124
1502.140
1502.157
1502.173
1502.189
1502.206
1502.222
1502.238
1502.255
1502.271
1502.287
1502.304
1502.320
1502.336
1502.353
1502.369
1502.386
1502.402
1502.418
1502.435
1502.451
1502.467
1502.484
1502.500
1502.516
1502.533
1502.549
1502.565
1502.582
1502.598
1502.614
1502.631
1502.647
1502.663
1502.680
1502.696
1502.712
1502.729
1502.745
1502.761
1502.778
1502.794
1502.810
1502.827
1502.843
1502.859
1502.876
1502.892
1502.908
1502.925
1502.941
1502.957
1502.974
1502.990
1503.006
1503.023
1503.039
1503.055
1503.072
1503.088
1503.104
1503.121
1503.137
1503.153
1503.170
1503.186
1503.202
1503.219
1503.235
1503.251
1503.268
1503.284
1503.300
1503.317
1503.333
1503.349
1503.366
1503.382
1503.398
1503.415
1503.431
1503.447
1503.463
1503.480
1503.496
1503.512
1503.529
1503.545
1503.561
1503.578
1503.594
1503.610
1503.627
1503.643
1503.659
1503.676
1503.692
1503.708
1503.724
1503.741
1503.757
1503.773
1503.790
1503.806
1503.822
1503.839
1503.855
1503.871
1503.887
1503.904
1503.920
1503.936
1503.953
1503.969
1503.985
1504.002
1504.018
1504.034
1504.050
1504.067
1504.083
1504.099
1504.116
1504.132
1504.148
1504.164
1504.181
1504.197
1504.213
1504.230
1504.246
1504.262
1504.278
1504.295
1504.311
1504.327
1504.344
1504.360
1504.376
1504.392
1504.409
1504.425
1504.441
1504.458
1504.474
1504.490
1504.506
1504.523
1504.539
1504.555
1504.572
1504.588
1504.604
1504.620
1504.637
1504.653
1504.669
1504.685
1504.702
1504.718
1504.734
1504.751
1504.767
1504.783
1504.799
1504.816
1504.832
1504.848
1504.864
1504.881
1504.897
1504.913
1504.929
1504.946
1504.962
1504.978
1504.995
1505.011
1505.027
1505.043
1505.060
1505.076
1505.092
1505.108
1505.125
1505.141
1505.157
1505.173
1505.190
1505.206
1505.222
1505.238
1505.255
1505.271
1505.287
1505.303
1505.320
1505.336
1505.352
1505.368
1505.385
1505.401
1505.417
1505.433
1505.450
1505.466
1505.482
1505.498
1505.515
1505.531
1505.547
1505.563
1505.580
1505.596
1505.612
1505.628
1505.645
1505.661
1505.677
1505.693
1505.709
1505.726
1505.742
1505.758
1505.774
1505.791
1505.807
1505.823
1505.839
1505.856
1505.872
1505.888
1505.904
1505.921
1505.937
1505.953
1505.969
1505.985
1506.002
1506.018
1506.034
1506.050
1506.067
1506.083
1506.099
1506.115
1506.131
1506.148
1506.164
1506.180
1506.196
1506.213
1506.229
1506.245
1506.261
1506.277
1506.294
1506.310
1506.326
1506.342
1506.359
1506.375
1506.391
1506.407
1506.423
1506.440
1506.456
1506.472
1506.488
1506.504
1506.521
1506.537
1506.553
1506.569
1506.585
1506.602
1506.618
1506.634
1506.650
1506.666
1506.683
1506.699
1506.715
1506.731
1506.748
1506.764
1506.780
1506.796
1506.812
1506.829
1506.845
1506.861
1506.877
1506.893
1506.909
1506.926
1506.942
1506.958
1506.974
1506.990
1507.007
1507.023
1507.039
1507.055
1507.071
1507.088
1507.104
1507.120
1507.136
1507.152
1507.169
1507.185
1507.201
1507.217
1507.233
1507.249
1507.266
1507.282
1507.298
1507.314
1507.330
1507.347
1507.363
1507.379
1507.395
1507.411
1507.427
1507.444
1507.460
1507.476
1507.492
1507.508
1507.525
1507.541
1507.557
1507.573
1507.589
1507.605
1507.622
1507.638
1507.654
1507.670
1507.686
1507.702
1507.719
1507.735
1507.751
1507.767
1507.783
1507.799
1507.816
1507.832
1507.848
1507.864
1507.880
1507.896
1507.913
1507.929
1507.945
1507.961
1507.977
1507.993
1508.010
1508.026
1508.042
1508.058
1508.074
1508.090
1508.106
1508.123
1508.139
1508.155
1508.171
1508.187
1508.203
1508.220
1508.236
1508.252
1508.268
1508.284
1508.300
1508.316
1508.333
1508.349
1508.365
1508.381
1508.397
1508.413
1508.429
1508.446
1508.462
1508.478
1508.494
1508.510
1508.526
1508.542
1508.559
1508.575
1508.591
1508.607
1508.623
1508.639
1508.655
1508.672
1508.688
1508.704
1508.720
1508.736
1508.752
1508.768
1508.785
1508.801
1508.817
1508.833
1508.849
1508.865
1508.881
1508.897
1508.914
1508.930
1508.946
1508.962
1508.978
1508.994
1509.010
1509.026
1509.043
1509.059
1509.075
1509.091
1509.107
1509.123
1509.139
1509.155
1509.172
1509.188
1509.204
1509.220
1509.236
1509.252
1509.268
1509.284
1509.300
1509.317
1509.333
1509.349
1509.365
1509.381
1509.397
1509.413
1509.429
1509.445
1509.462
1509.478
1509.494
1509.510
1509.526
1509.542
1509.558
1509.574
1509.590
1509.607
1509.623
1509.639
1509.655
1509.671
1509.687
1509.703
1509.719
1509.735
1509.751
1509.768
1509.784
1509.800
1509.816
1509.832
1509.848
1509.864
1509.880
1509.896
1509.912
1509.929
1509.945
1509.961
1509.977
1509.993
1510.009
1510.025
1510.041
1510.057
1510.073
1510.089
1510.105
1510.122
1510.138
1510.154
1510.170
1510.186
1510.202
1510.218
1510.234
1510.250
1510.266
1510.282
1510.298
1510.315
1510.331
1510.347
1510.363
1510.379
1510.395
1510.411
1510.427
1510.443
1510.459
1510.475
1510.491
1510.507
1510.524
1510.540
1510.556
1510.572
1510.588
1510.604
1510.620
1510.636
1510.652
1510.668
1510.684
1510.700
1510.716
1510.732
1510.749
1510.765
1510.781
1510.797
1510.813
1510.829
1510.845
1510.861
1510.877
1510.893
1510.909
1510.925
1510.941
1510.957
1510.973
1510.989
1511.006
1511.022
1511.038
1511.054
1511.070
1511.086
1511.102
1511.118
1511.134
1511.150
1511.166
1511.182
1511.198
1511.214
1511.230
1511.246
1511.262
1511.278
1511.294
1511.310
1511.327
1511.343
1511.359
1511.375
1511.391
1511.407
1511.423
1511.439
1511.455
1511.471
1511.487
1511.503
1511.519
1511.535
1511.551
1511.567
1511.583
1511.599
1511.615
1511.631
1511.647
1511.663
1511.679
1511.695
1511.711
1511.727
1511.744
1511.760
1511.776
1511.792
1511.808
1511.824
1511.840
1511.856
1511.872
1511.888
1511.904
1511.920
1511.936
1511.952
1511.968
1511.984
1512.000
1512.016
1512.032
1512.048
1512.064
1512.080
1512.096
1512.112
1512.128
1512.144
1512.160
1512.176
1512.192
1512.208
1512.224
1512.240
1512.256
1512.272
1512.288
1512.304
1512.320
1512.336
1512.352
1512.368
1512.384
1512.400
1512.416
1512.432
1512.448
1512.464
1512.480
1512.496
1512.512
1512.528
1512.544
1512.560
1512.576
1512.592
1512.608
1512.624
1512.640
1512.656
1512.672
1512.688
1512.704
1512.720
1512.736
1512.752
1512.768
1512.784
1512.800
1512.816
1512.832
1512.848
1512.864
1512.880
1512.896
1512.912
1512.928
1512.944
1512.960
1512.976
1512.992
1513.008
1513.024
1513.040
1513.056
1513.072
1513.088
1513.104
1513.120
1513.136
1513.152
1513.168
1513.184
1513.200
1513.216
1513.232
1513.248
1513.264
1513.280
1513.296
1513.312
1513.328
1513.344
1513.360
1513.376
1513.392
1513.408
1513.424
1513.440
1513.456
1513.472
1513.488
1513.504
1513.520
1513.536
1513.552
1513.567
1513.583
1513.599
1513.615
1513.631
1513.647
1513.663
1513.679
1513.695
1513.711
1513.727
1513.743
1513.759
1513.775
1513.791
1513.807
1513.823
1513.839
1513.855
1513.871
1513.887
1513.903
1513.919
1513.935
1513.951
1513.967
1513.982
1513.998
1514.014
1514.030
1514.046
1514.062
1514.078
1514.094
1514.110
1514.126
1514.142
1514.158
1514.174
1514.190
1514.206
1514.222
1514.238
1514.254
1514.270
1514.286
1514.301
1514.317
1514.333
1514.349
1514.365
1514.381
1514.397
1514.413
1514.429
1514.445
1514.461
1514.477
1514.493
1514.509
1514.525
1514.541
1514.556
1514.572
1514.588
1514.604
1514.620
1514.636
1514.652
1514.668
1514.684
1514.700
1514.716
1514.732
1514.748
1514.764
1514.780
1514.795
1514.811
1514.827
1514.843
1514.859
1514.875
1514.891
1514.907
1514.923
1514.939
1514.955
1514.971
1514.987
1515.002
1515.018
1515.034
1515.050
1515.066
1515.082
1515.098
1515.114
1515.130
1515.146
1515.162
1515.178
1515.193
1515.209
1515.225
1515.241
1515.257
1515.273
1515.289
1515.305
1515.321
1515.337
1515.353
1515.368
1515.384
1515.400
1515.416
1515.432
1515.448
1515.464
1515.480
1515.496
1515.512
1515.528
1515.543
1515.559
1515.575
1515.591
1515.607
1515.623
1515.639
1515.655
1515.671
1515.687
1515.702
1515.718
1515.734
1515.750
1515.766
1515.782
1515.798
1515.814
1515.830
1515.845
1515.861
1515.877
1515.893
1515.909
1515.925
1515.941
1515.957
1515.973
1515.988
1516.004
1516.020
1516.036
1516.052
1516.068
1516.084
1516.100
1516.116
1516.131
1516.147
1516.163
1516.179
1516.195
1516.211
1516.227
1516.243
1516.258
1516.274
1516.290
1516.306
1516.322
1516.338
1516.354
1516.370
1516.385
1516.401
1516.417
1516.433
1516.449
1516.465
1516.481
1516.497
1516.512
1516.528
1516.544
1516.560
1516.576
1516.592
1516.608
1516.623
1516.639
1516.655
1516.671
1516.687
1516.703
1516.719
1516.734
1516.750
1516.766
1516.782
1516.798
1516.814
1516.830
1516.845
1516.861
1516.877
1516.893
1516.909
1516.925
1516.941
1516.956
1516.972
1516.988
1517.004
1517.020
1517.036
1517.052
1517.067
1517.083
1517.099
1517.115
1517.131
1517.147
1517.163
1517.178
1517.194
1517.210
1517.226
1517.242
1517.258
1517.273
1517.289
1517.305
1517.321
1517.337
1517.353
1517.368
1517.384
1517.400
1517.416
1517.432
1517.448
1517.463
1517.479
1517.495
1517.511
1517.527
1517.543
1517.559
1517.574
1517.590
1517.606
1517.622
1517.638
1517.653
1517.669
1517.685
1517.701
1517.717
1517.733
1517.748
1517.764
1517.780
1517.796
1517.812
1517.828
1517.843
1517.859
1517.875
1517.891
1517.907
1517.923
1517.938
1517.954
1517.970
1517.986
1518.002
1518.017
1518.033
1518.049
1518.065
1518.081
1518.096
1518.112
1518.128
1518.144
1518.160
1518.176
1518.191
1518.207
1518.223
1518.239
1518.255
1518.270
1518.286
1518.302
1518.318
1518.334
1518.349
1518.365
1518.381
1518.397
1518.413
1518.428
1518.444
1518.460
1518.476
1518.492
1518.507
1518.523
1518.539
1518.555
1518.571
1518.586
1518.602
1518.618
1518.634
1518.650
1518.665
1518.681
1518.697
1518.713
1518.729
1518.744
1518.760
1518.776
1518.792
1518.808
1518.823
1518.839
1518.855
1518.871
1518.887
1518.902
1518.918
1518.934
1518.950
1518.965
1518.981
1518.997
1519.013
1519.029
1519.044
1519.060
1519.076
1519.092
1519.107
1519.123
1519.139
1519.155
1519.171
1519.186
1519.202
1519.218
1519.234
1519.249
1519.265
1519.281
1519.297
1519.313
1519.328
1519.344
1519.360
1519.376
1519.391
1519.407
1519.423
1519.439
1519.455
1519.470
1519.486
1519.502
1519.518
1519.533
1519.549
1519.565
1519.581
1519.596
1519.612
1519.628
1519.644
1519.659
1519.675
1519.691
1519.707
1519.722
1519.738
1519.754
1519.770
1519.786
1519.801
1519.817
1519.833
1519.849
1519.864
1519.880
1519.896
1519.912
1519.927
1519.943
1519.959
1519.975
1519.990
1520.006
1520.022
1520.038
1520.053
1520.069
1520.085
1520.101
1520.116
1520.132
1520.148
1520.164
1520.179
1520.195
1520.211
1520.226
1520.242
1520.258
1520.274
1520.289
1520.305
1520.321
1520.337
1520.352
1520.368
1520.384
1520.400
1520.415
1520.431
1520.447
1520.463
1520.478
1520.494
1520.510
1520.525
1520.541
1520.557
1520.573
1520.588
1520.604
1520.620
1520.636
1520.651
1520.667
1520.683
1520.698
1520.714
1520.730
1520.746
1520.761
1520.777
1520.793
1520.809
1520.824
1520.840
1520.856
1520.871
1520.887
1520.903
1520.919
1520.934
1520.950
1520.966
1520.981
1520.997
1521.013
1521.029
1521.044
1521.060
1521.076
1521.091
1521.107
1521.123
1521.139
1521.154
1521.170
1521.186
1521.201
1521.217
1521.233
1521.249
1521.264
1521.280
1521.296
1521.311
1521.327
1521.343
1521.358
1521.374
1521.390
1521.406
1521.421
1521.437
1521.453
1521.468
1521.484
1521.500
1521.515
1521.531
1521.547
1521.563
1521.578
1521.594
1521.610
1521.625
1521.641
1521.657
1521.672
1521.688
1521.704
1521.719
1521.735
1521.751
1521.767
1521.782
1521.798
1521.814
1521.829
1521.845
1521.861
1521.876
1521.892
1521.908
1521.923
1521.939
1521.955
1521.970
1521.986
1522.002
1522.017
1522.033
1522.049
1522.065
1522.080
1522.096
1522.112
1522.127
1522.143
1522.159
1522.174
1522.190
1522.206
1522.221
1522.237
1522.253
1522.268
1522.284
1522.300
1522.315
1522.331
1522.347
1522.362
1522.378
1522.394
1522.409
1522.425
1522.441
1522.456
1522.472
1522.488
1522.503
1522.519
1522.535
1522.550
1522.566
1522.582
1522.597
1522.613
1522.629
1522.644
1522.660
1522.676
1522.691
1522.707
1522.723
1522.738
1522.754
1522.770
1522.785
1522.801
1522.816
1522.832
1522.848
1522.863
1522.879
1522.895
1522.910
1522.926
1522.942
1522.957
1522.973
1522.989
1523.004
1523.020
1523.036
1523.051
1523.067
1523.083
1523.098
1523.114
1523.129
1523.145
1523.161
1523.176
1523.192
1523.208
1523.223
1523.239
1523.255
1523.270
1523.286
1523.301
1523.317
1523.333
1523.348
1523.364
1523.380
1523.395
1523.411
1523.427
1523.442
1523.458
1523.473
1523.489
1523.505
1523.520
1523.536
1523.552
1523.567
1523.583
1523.598
1523.614
1523.630
1523.645
1523.661
1523.677
1523.692
1523.708
1523.723
1523.739
1523.755
1523.770
1523.786
1523.802
1523.817
1523.833
1523.848
1523.864
1523.880
1523.895
1523.911
1523.926
1523.942
1523.958
1523.973
1523.989
1524.005
1524.020
1524.036
1524.051
1524.067
1524.083
1524.098
1524.114
1524.129
1524.145
1524.161
1524.176
1524.192
1524.207
1524.223
1524.239
1524.254
1524.270
1524.286
1524.301
1524.317
1524.332
1524.348
1524.364
1524.379
1524.395
1524.410
1524.426
1524.442
1524.457
1524.473
1524.488
1524.504
1524.519
1524.535
1524.551
1524.566
1524.582
1524.597
1524.613
1524.629
1524.644
1524.660
1524.675
1524.691
1524.707
1524.722
1524.738
1524.753
1524.769
1524.785
1524.800
1524.816
1524.831
1524.847
1524.862
1524.878
1524.894
1524.909
1524.925
1524.940
1524.956
1524.972
1524.987
1525.003
1525.018
1525.034
1525.049
1525.065
1525.081
1525.096
1525.112
1525.127
1525.143
1525.158
1525.174
1525.190
1525.205
1525.221
1525.236
1525.252
1525.267
1525.283
1525.299
1525.314
1525.330
1525.345
1525.361
1525.376
1525.392
1525.408
1525.423
1525.439
1525.454
1525.470
1525.485
1525.501
1525.516
1525.532
1525.548
1525.563
1525.579
1525.594
1525.610
1525.625
1525.641
1525.656
1525.672
1525.688
1525.703
1525.719
1525.734
1525.750
1525.765
1525.781
1525.796
1525.812
1525.828
1525.843
1525.859
1525.874
1525.890
1525.905
1525.921
1525.936
1525.952
1525.967
1525.983
1525.999
1526.014
1526.030
1526.045
1526.061
1526.076
1526.092
1526.107
1526.123
1526.138
1526.154
1526.170
1526.185
1526.201
1526.216
1526.232
1526.247
1526.263
1526.278
1526.294
1526.309
1526.325
1526.340
1526.356
1526.371
1526.387
1526.403
1526.418
1526.434
1526.449
1526.465
1526.480
1526.496
1526.511
1526.527
1526.542
1526.558
1526.573
1526.589
1526.604
1526.620
1526.635
1526.651
1526.666
1526.682
1526.698
1526.713
1526.729
1526.744
1526.760
1526.775
1526.791
1526.806
1526.822
1526.837
1526.853
1526.868
1526.884
1526.899
1526.915
1526.930
1526.946
1526.961
1526.977
1526.992
1527.008
1527.023
1527.039
1527.054
1527.070
1527.085
1527.101
1527.116
1527.132
1527.147
1527.163
1527.178
1527.194
1527.209
1527.225
1527.240
1527.256
1527.271
1527.287
1527.302
1527.318
1527.333
1527.349
1527.364
1527.380
1527.395
1527.411
1527.426
1527.442
1527.457
1527.473
1527.488
1527.504
1527.519
1527.535
1527.550
1527.566
1527.581
1527.597
1527.612
1527.628
1527.643
1527.659
1527.674
1527.690
1527.705
1527.721
1527.736
1527.752
1527.767
1527.783
1527.798
1527.814
1527.829
1527.845
1527.860
1527.876
1527.891
1527.907
1527.922
1527.937
1527.953
1527.968
1527.984
1527.999
1528.015
1528.030
1528.046
1528.061
1528.077
1528.092
1528.108
1528.123
1528.139
1528.154
1528.170
1528.185
1528.201
1528.216
1528.231
1528.247
1528.262
1528.278
1528.293
1528.309
1528.324
1528.340
1528.355
1528.371
1528.386
1528.402
1528.417
1528.432
1528.448
1528.463
1528.479
1528.494
1528.510
1528.525
1528.541
1528.556
1528.572
1528.587
1528.603
1528.618
1528.633
1528.649
1528.664
1528.680
1528.695
1528.711
1528.726
1528.742
1528.757
1528.773
1528.788
1528.803
1528.819
1528.834
1528.850
1528.865
1528.881
1528.896
1528.912
1528.927
1528.942
1528.958
1528.973
1528.989
1529.004
1529.020
1529.035
1529.051
1529.066
1529.081
1529.097
1529.112
1529.128
1529.143
1529.159
1529.174
1529.189
1529.205
1529.220
1529.236
1529.251
1529.267
1529.282
1529.297
1529.313
1529.328
1529.344
1529.359
1529.375
1529.390
1529.405
1529.421
1529.436
1529.452
1529.467
1529.483
1529.498
1529.513
1529.529
1529.544
1529.560
1529.575
1529.591
1529.606
1529.621
1529.637
1529.652
1529.668
1529.683
1529.699
1529.714
1529.729
1529.745
1529.760
1529.776
1529.791
1529.806
1529.822
1529.837
1529.853
1529.868
1529.884
1529.899
1529.914
1529.930
1529.945
1529.961
1529.976
1529.991
1530.007
1530.022
1530.038
1530.053
1530.068
1530.084
1530.099
1530.115
1530.130
1530.145
1530.161
1530.176
1530.192
1530.207
1530.222
1530.238
1530.253
1530.269
1530.284
1530.299
1530.315
1530.330
1530.346
1530.361
1530.376
1530.392
1530.407
1530.423
1530.438
1530.453
1530.469
1530.484
1530.500
1530.515
1530.530
1530.546
1530.561
1530.576
1530.592
1530.607
1530.623
1530.638
1530.653
1530.669
1530.684
1530.700
1530.715
1530.730
1530.746
1530.761
1530.776
1530.792
1530.807
1530.823
1530.838
1530.853
1530.869
1530.884
1530.900
1530.915
1530.930
1530.946
1530.961
1530.976
1530.992
1531.007
1531.023
1531.038
1531.053
1531.069
1531.084
1531.099
1531.115
1531.130
1531.145
1531.161
1531.176
1531.192
1531.207
1531.222
1531.238
1531.253
1531.268
1531.284
1531.299
1531.315
1531.330
1531.345
1531.361
1531.376
1531.391
1531.407
1531.422
1531.437
1531.453
1531.468
1531.483
1531.499
1531.514
1531.530
1531.545
1531.560
1531.576
1531.591
1531.606
1531.622
1531.637
1531.652
1531.668
1531.683
1531.698
1531.714
1531.729
1531.744
1531.760
1531.775
1531.790
1531.806
1531.821
1531.837
1531.852
1531.867
1531.883
1531.898
1531.913
1531.929
1531.944
1531.959
1531.975
1531.990
1532.005
1532.021
1532.036
1532.051
1532.067
1532.082
1532.097
1532.113
1532.128
1532.143
1532.159
1532.174
1532.189
1532.205
1532.220
1532.235
1532.251
1532.266
1532.281
1532.297
1532.312
1532.327
1532.343
1532.358
1532.373
1532.389
1532.404
1532.419
1532.435
1532.450
1532.465
1532.481
1532.496
1532.511
1532.527
1532.542
1532.557
1532.572
1532.588
1532.603
1532.618
1532.634
1532.649
1532.664
1532.680
1532.695
1532.710
1532.726
1532.741
1532.756
1532.772
1532.787
1532.802
1532.818
1532.833
1532.848
1532.863
1532.879
1532.894
1532.909
1532.925
1532.940
1532.955
1532.971
1532.986
1533.001
1533.017
1533.032
1533.047
1533.062
1533.078
1533.093
1533.108
1533.124
1533.139
1533.154
1533.170
1533.185
1533.200
1533.215
1533.231
1533.246
1533.261
1533.277
1533.292
1533.307
1533.323
1533.338
1533.353
1533.368
1533.384
1533.399
1533.414
1533.430
1533.445
1533.460
1533.475
1533.491
1533.506
1533.521
1533.537
1533.552
1533.567
1533.582
1533.598
1533.613
1533.628
1533.644
1533.659
1533.674
1533.689
1533.705
1533.720
1533.735
1533.751
1533.766
1533.781
1533.796
1533.812
1533.827
1533.842
1533.857
1533.873
1533.888
1533.903
1533.919
1533.934
1533.949
1533.964
1533.980
1533.995
1534.010
1534.026
1534.041
1534.056
1534.071
1534.087
1534.102
1534.117
1534.132
1534.148
1534.163
1534.178
1534.193
1534.209
1534.224
1534.239
1534.254
1534.270
1534.285
1534.300
1534.316
1534.331
1534.346
1534.361
1534.377
1534.392
1534.407
1534.422
1534.438
1534.453
1534.468
1534.483
1534.499
1534.514
1534.529
1534.544
1534.560
1534.575
1534.590
1534.605
1534.621
1534.636
1534.651
1534.666
1534.682
1534.697
1534.712
1534.727
1534.743
1534.758
1534.773
1534.788
1534.804
1534.819
1534.834
1534.849
1534.865
1534.880
1534.895
1534.910
1534.926
1534.941
1534.956
1534.971
1534.986
1535.002
1535.017
1535.032
1535.047
1535.063
1535.078
1535.093
1535.108
1535.124
1535.139
1535.154
1535.169
1535.185
1535.200
1535.215
1535.230
1535.245
1535.261
1535.276
1535.291
1535.306
1535.322
1535.337
1535.352
1535.367
1535.382
1535.398
1535.413
1535.428
1535.443
1535.459
1535.474
1535.489
1535.504
1535.519
1535.535
1535.550
1535.565
1535.580
1535.596
1535.611
1535.626
1535.641
1535.656
1535.672
1535.687
1535.702
1535.717
1535.732
1535.748
1535.763
1535.778
1535.793
1535.809
1535.824
1535.839
1535.854
1535.869
1535.885
1535.900
1535.915
1535.930
1535.945
1535.961
1535.976
1535.991
1536.006
1536.021
1536.037
1536.052
1536.067
1536.082
1536.097
1536.113
1536.128
1536.143
1536.158
1536.173
1536.189
1536.204
1536.219
1536.234
1536.249
1536.265
1536.280
1536.295
1536.310
1536.325
1536.341
1536.356
1536.371
1536.386
1536.401
1536.416
1536.432
1536.447
1536.462
1536.477
1536.492
1536.508
1536.523
1536.538
1536.553
1536.568
1536.584
1536.599
1536.614
1536.629
1536.644
1536.659
1536.675
1536.690
1536.705
1536.720
1536.735
1536.751
1536.766
1536.781
1536.796
1536.811
1536.826
1536.842
1536.857
1536.872
1536.887
1536.902
1536.917
1536.933
1536.948
1536.963
1536.978
1536.993
1537.008
1537.024
1537.039
1537.054
1537.069
1537.084
1537.099
1537.115
1537.130
1537.145
1537.160
1537.175
1537.190
1537.206
1537.221
1537.236
1537.251
1537.266
1537.281
1537.297
1537.312
1537.327
1537.342
1537.357
1537.372
1537.387
1537.403
1537.418
1537.433
1537.448
1537.463
1537.478
1537.494
1537.509
1537.524
1537.539
1537.554
1537.569
1537.584
1537.600
1537.615
1537.630
1537.645
1537.660
1537.675
1537.691
1537.706
1537.721
1537.736
1537.751
1537.766
1537.781
1537.797
1537.812
1537.827
1537.842
1537.857
1537.872
1537.887
1537.902
1537.918
1537.933
1537.948
1537.963
1537.978
1537.993
1538.008
1538.024
1538.039
1538.054
1538.069
1538.084
1538.099
1538.114
1538.129
1538.145
1538.160
1538.175
1538.190
1538.205
1538.220
1538.235
1538.251
1538.266
1538.281
1538.296
1538.311
1538.326
1538.341
1538.356
1538.372
1538.387
1538.402
1538.417
1538.432
1538.447
1538.462
1538.477
1538.492
1538.508
1538.523
1538.538
1538.553
1538.568
1538.583
1538.598
1538.613
1538.628
1538.644
1538.659
1538.674
1538.689
1538.704
1538.719
1538.734
1538.749
1538.764
1538.780
1538.795
1538.810
1538.825
1538.840
1538.855
1538.870
1538.885
1538.900
1538.916
1538.931
1538.946
1538.961
1538.976
1538.991
