# Wavelength table for hrs,echb,29
1905.000 
1905.021 
1905.043 
1905.064 
1905.085 
1905.106 
1905.128 
1905.149 
1905.170 
1905.192 
1905.213 
1905.234 
1905.256 
1905.277 
1905.298 
1905.319 
1905.341 
1905.362 
1905.383 
1905.405 
1905.426 
1905.447 
1905.468 
1905.490 
1905.511 
1905.532 
1905.554 
1905.575 
1905.596 
1905.617 
1905.639 
1905.660 
1905.681 
1905.703 
1905.724 
1905.745 
1905.766 
1905.788 
1905.809 
1905.830 
1905.851 
1905.873 
1905.894 
1905.915 
1905.936 
1905.958 
1905.979 
1906.000 
1906.022 
1906.043 
1906.064 
1906.085 
1906.107 
1906.128 
1906.149 
1906.170 
1906.192 
1906.213 
1906.234 
1906.255 
1906.277 
1906.298 
1906.319 
1906.340 
1906.362 
1906.383 
1906.404 
1906.425 
1906.447 
1906.468 
1906.489 
1906.510 
1906.532 
1906.553 
1906.574 
1906.595 
1906.617 
1906.638 
1906.659 
1906.680 
1906.702 
1906.723 
1906.744 
1906.765 
1906.787 
1906.808 
1906.829 
1906.850 
1906.872 
1906.893 
1906.914 
1906.935 
1906.957 
1906.978 
1906.999 
1907.020 
1907.041 
1907.063 
1907.084 
1907.105 
1907.126 
1907.148 
1907.169 
1907.190 
1907.211 
1907.232 
1907.254 
1907.275 
1907.296 
1907.317 
1907.339 
1907.360 
1907.381 
1907.402 
1907.423 
1907.445 
1907.466 
1907.487 
1907.508 
1907.530 
1907.551 
1907.572 
1907.593 
1907.614 
1907.636 
1907.657 
1907.678 
1907.699 
1907.720 
1907.742 
1907.763 
1907.784 
1907.805 
1907.826 
1907.848 
1907.869 
1907.890 
1907.911 
1907.932 
1907.954 
1907.975 
1907.996 
1908.017 
1908.038 
1908.060 
1908.081 
1908.102 
1908.123 
1908.144 
1908.166 
1908.187 
1908.208 
1908.229 
1908.250 
1908.272 
1908.293 
1908.314 
1908.335 
1908.356 
1908.377 
1908.399 
1908.420 
1908.441 
1908.462 
1908.483 
1908.505 
1908.526 
1908.547 
1908.568 
1908.589 
1908.610 
1908.632 
1908.653 
1908.674 
1908.695 
1908.716 
1908.737 
1908.759 
1908.780 
1908.801 
1908.822 
1908.843 
1908.864 
1908.886 
1908.907 
1908.928 
1908.949 
1908.970 
1908.991 
1909.013 
1909.034 
1909.055 
1909.076 
1909.097 
1909.118 
1909.140 
1909.161 
1909.182 
1909.203 
1909.224 
1909.245 
1909.267 
1909.288 
1909.309 
1909.330 
1909.351 
1909.372 
1909.393 
1909.415 
1909.436 
1909.457 
1909.478 
1909.499 
1909.520 
1909.541 
1909.563 
1909.584 
1909.605 
1909.626 
1909.647 
1909.668 
1909.689 
1909.711 
1909.732 
1909.753 
1909.774 
1909.795 
1909.816 
1909.837 
1909.859 
1909.880 
1909.901 
1909.922 
1909.943 
1909.964 
1909.985 
1910.006 
1910.028 
1910.049 
1910.070 
1910.091 
1910.112 
1910.133 
1910.154 
1910.175 
1910.197 
1910.218 
1910.239 
1910.260 
1910.281 
1910.302 
1910.323 
1910.344 
1910.366 
1910.387 
1910.408 
1910.429 
1910.450 
1910.471 
1910.492 
1910.513 
1910.534 
1910.556 
1910.577 
1910.598 
1910.619 
1910.640 
1910.661 
1910.682 
1910.703 
1910.724 
1910.745 
1910.767 
1910.788 
1910.809 
1910.830 
1910.851 
1910.872 
1910.893 
1910.914 
1910.935 
1910.956 
1910.978 
1910.999 
1911.020 
1911.041 
1911.062 
1911.083 
1911.104 
1911.125 
1911.146 
1911.167 
1911.188 
1911.210 
1911.231 
1911.252 
1911.273 
1911.294 
1911.315 
1911.336 
1911.357 
1911.378 
1911.399 
1911.420 
1911.441 
1911.463 
1911.484 
1911.505 
1911.526 
1911.547 
1911.568 
1911.589 
1911.610 
1911.631 
1911.652 
1911.673 
1911.694 
1911.715 
1911.736 
1911.758 
1911.779 
1911.800 
1911.821 
1911.842 
1911.863 
1911.884 
1911.905 
1911.926 
1911.947 
1911.968 
1911.989 
1912.010 
1912.031 
1912.052 
1912.073 
1912.094 
1912.116 
1912.137 
1912.158 
1912.179 
1912.200 
1912.221 
1912.242 
1912.263 
1912.284 
1912.305 
1912.326 
1912.347 
1912.368 
1912.389 
1912.410 
1912.431 
1912.452 
1912.473 
1912.494 
1912.515 
1912.536 
1912.558 
1912.579 
1912.600 
1912.621 
1912.642 
1912.663 
1912.684 
1912.705 
1912.726 
1912.747 
1912.768 
1912.789 
1912.810 
1912.831 
1912.852 
1912.873 
1912.894 
1912.915 
1912.936 
1912.957 
1912.978 
1912.999 
1913.020 
1913.041 
1913.062 
1913.083 
1913.104 
1913.125 
1913.146 
1913.167 
1913.188 
1913.209 
1913.230 
1913.251 
1913.272 
1913.293 
1913.314 
1913.335 
1913.356 
1913.377 
1913.399 
1913.420 
1913.441 
1913.462 
1913.483 
1913.504 
1913.525 
1913.546 
1913.567 
1913.588 
1913.609 
1913.630 
1913.651 
1913.672 
1913.693 
1913.714 
1913.735 
1913.756 
1913.777 
1913.798 
1913.819 
1913.840 
1913.861 
1913.882 
1913.903 
1913.924 
1913.945 
1913.966 
1913.986 
1914.007 
1914.028 
1914.049 
1914.070 
1914.091 
1914.112 
1914.133 
1914.154 
1914.175 
1914.196 
1914.217 
1914.238 
1914.259 
1914.280 
1914.301 
1914.322 
1914.343 
1914.364 
1914.385 
1914.406 
1914.427 
1914.448 
1914.469 
1914.490 
1914.511 
1914.532 
1914.553 
1914.574 
1914.595 
1914.616 
1914.637 
1914.658 
1914.679 
1914.700 
1914.721 
1914.742 
1914.763 
1914.784 
1914.805 
1914.825 
1914.846 
1914.867 
1914.888 
1914.909 
1914.930 
1914.951 
1914.972 
1914.993 
1915.014 
1915.035 
1915.056 
1915.077 
1915.098 
1915.119 
1915.140 
1915.161 
1915.182 
1915.203 
1915.224 
1915.245 
1915.265 
1915.286 
1915.307 
1915.328 
1915.349 
1915.370 
1915.391 
1915.412 
1915.433 
1915.454 
1915.475 
1915.496 
1915.517 
1915.538 
1915.559 
1915.580 
1915.601 
1915.621 
1915.642 
1915.663 
1915.684 
1915.705 
1915.726 
1915.747 
1915.768 
1915.789 
1915.810 
1915.831 
1915.852 
1915.873 
1915.893 
1915.914 
1915.935 
1915.956 
1915.977 
1915.998 
1916.019 
1916.040 
1916.061 
1916.082 
1916.103 
1916.124 
1916.145 
1916.165 
1916.186 
1916.207 
1916.228 
1916.249 
1916.270 
1916.291 
1916.312 
1916.333 
1916.354 
1916.375 
1916.395 
1916.416 
1916.437 
1916.458 
1916.479 
1916.500 
1916.521 
1916.542 
1916.563 
1916.584 
1916.604 
1916.625 
1916.646 
1916.667 
1916.688 
1916.709 
1916.730 
1916.751 
1916.772 
1916.793 
1916.813 
1916.834 
1916.855 
1916.876 
1916.897 
1916.918 
1916.939 
1916.960 
1916.980 
1917.001 
1917.022 
1917.043 
1917.064 
1917.085 
1917.106 
1917.127 
1917.148 
1917.168 
1917.189 
1917.210 
1917.231 
1917.252 
1917.273 
1917.294 
1917.315 
1917.335 
1917.356 
1917.377 
1917.398 
1917.419 
1917.440 
1917.461 
1917.482 
1917.502 
1917.523 
1917.544 
1917.565 
1917.586 
1917.607 
1917.628 
1917.648 
1917.669 
1917.690 
1917.711 
1917.732 
1917.753 
1917.774 
1917.794 
1917.815 
1917.836 
1917.857 
1917.878 
1917.899 
1917.920 
1917.940 
1917.961 
1917.982 
1918.003 
1918.024 
1918.045 
1918.066 
1918.086 
1918.107 
1918.128 
1918.149 
1918.170 
1918.191 
1918.211 
1918.232 
1918.253 
1918.274 
1918.295 
1918.316 
1918.336 
1918.357 
1918.378 
1918.399 
1918.420 
1918.441 
1918.461 
1918.482 
1918.503 
1918.524 
1918.545 
1918.566 
1918.586 
1918.607 
1918.628 
1918.649 
1918.670 
1918.691 
1918.711 
1918.732 
1918.753 
1918.774 
1918.795 
1918.816 
1918.836 
1918.857 
1918.878 
1918.899 
1918.920 
1918.940 
1918.961 
1918.982 
1919.003 
1919.024 
1919.045 
1919.065 
1919.086 
1919.107 
1919.128 
1919.149 
1919.169 
1919.190 
1919.211 
1919.232 
1919.253 
1919.273 
1919.294 
1919.315 
1919.336 
1919.357 
1919.377 
1919.398 
1919.419 
1919.440 
1919.461 
1919.481 
1919.502 
1919.523 
1919.544 
1919.565 
1919.585 
1919.606 
1919.627 
1919.648 
1919.669 
1919.689 
1919.710 
1919.731 
1919.752 
1919.773 
1919.793 
1919.814 
1919.835 
1919.856 
1919.876 
1919.897 
1919.918 
1919.939 
1919.960 
1919.980 
1920.001 
1920.022 
1920.043 
1920.063 
1920.084 
1920.105 
1920.126 
1920.147 
1920.167 
1920.188 
1920.209 
1920.230 
1920.250 
1920.271 
1920.292 
1920.313 
1920.333 
1920.354 
1920.375 
1920.396 
1920.417 
1920.437 
1920.458 
1920.479 
1920.500 
1920.520 
1920.541 
1920.562 
1920.583 
1920.603 
1920.624 
1920.645 
1920.666 
1920.686 
1920.707 
1920.728 
1920.749 
1920.769 
1920.790 
1920.811 
1920.832 
1920.852 
1920.873 
1920.894 
1920.915 
1920.935 
1920.956 
1920.977 
1920.998 
1921.018 
1921.039 
1921.060 
1921.081 
1921.101 
1921.122 
1921.143 
1921.164 
1921.184 
1921.205 
1921.226 
1921.247 
1921.267 
1921.288 
1921.309 
1921.329 
1921.350 
1921.371 
1921.392 
1921.412 
1921.433 
1921.454 
1921.475 
1921.495 
1921.516 
1921.537 
1921.557 
1921.578 
1921.599 
1921.620 
1921.640 
1921.661 
1921.682 
1921.703 
1921.723 
1921.744 
1921.765 
1921.785 
1921.806 
1921.827 
1921.848 
1921.868 
1921.889 
1921.910 
1921.930 
1921.951 
1921.972 
1921.993 
1922.013 
1922.034 
1922.055 
1922.075 
1922.096 
1922.117 
1922.137 
1922.158 
1922.179 
1922.200 
1922.220 
1922.241 
1922.262 
1922.282 
1922.303 
1922.324 
1922.344 
1922.365 
1922.386 
1922.407 
1922.427 
1922.448 
1922.469 
1922.489 
1922.510 
1922.531 
1922.551 
1922.572 
1922.593 
1922.613 
1922.634 
1922.655 
1922.676 
1922.696 
1922.717 
1922.738 
1922.758 
1922.779 
1922.800 
1922.820 
1922.841 
1922.862 
1922.882 
1922.903 
1922.924 
1922.944 
1922.965 
1922.986 
1923.006 
1923.027 
1923.048 
1923.068 
1923.089 
1923.110 
1923.130 
1923.151 
1923.172 
1923.192 
1923.213 
1923.234 
1923.254 
1923.275 
1923.296 
1923.316 
1923.337 
1923.358 
1923.378 
1923.399 
1923.420 
1923.440 
1923.461 
1923.482 
1923.502 
1923.523 
1923.544 
1923.564 
1923.585 
1923.606 
1923.626 
1923.647 
1923.668 
1923.688 
1923.709 
1923.729 
1923.750 
1923.771 
1923.791 
1923.812 
1923.833 
1923.853 
1923.874 
1923.895 
1923.915 
1923.936 
1923.957 
1923.977 
1923.998 
1924.018 
1924.039 
1924.060 
1924.080 
1924.101 
1924.122 
1924.142 
1924.163 
1924.184 
1924.204 
1924.225 
1924.245 
1924.266 
1924.287 
1924.307 
1924.328 
1924.349 
1924.369 
1924.390 
1924.410 
1924.431 
1924.452 
1924.472 
1924.493 
1924.514 
1924.534 
1924.555 
1924.575 
1924.596 
1924.617 
1924.637 
1924.658 
1924.678 
1924.699 
1924.720 
1924.740 
1924.761 
1924.782 
1924.802 
1924.823 
1924.843 
1924.864 
1924.885 
1924.905 
1924.926 
1924.946 
1924.967 
1924.988 
1925.008 
1925.029 
1925.049 
1925.070 
1925.091 
1925.111 
1925.132 
1925.152 
1925.173 
1925.194 
1925.214 
1925.235 
1925.255 
1925.276 
1925.297 
1925.317 
1925.338 
1925.358 
1925.379 
1925.400 
1925.420 
1925.441 
1925.461 
1925.482 
1925.502 
1925.523 
1925.544 
1925.564 
1925.585 
1925.605 
1925.626 
1925.647 
1925.667 
1925.688 
1925.708 
1925.729 
1925.749 
1925.770 
1925.791 
1925.811 
1925.832 
1925.852 
1925.873 
1925.893 
1925.914 
1925.935 
1925.955 
1925.976 
1925.996 
1926.017 
1926.037 
1926.058 
1926.079 
1926.099 
1926.120 
1926.140 
1926.161 
1926.181 
1926.202 
1926.222 
1926.243 
1926.264 
1926.284 
1926.305 
1926.325 
1926.346 
1926.366 
1926.387 
1926.407 
1926.428 
1926.449 
1926.469 
1926.490 
1926.510 
1926.531 
1926.551 
1926.572 
1926.592 
1926.613 
1926.633 
1926.654 
1926.675 
1926.695 
1926.716 
1926.736 
1926.757 
1926.777 
1926.798 
1926.818 
1926.839 
1926.859 
1926.880 
1926.900 
1926.921 
1926.942 
1926.962 
1926.983 
1927.003 
1927.024 
1927.044 
1927.065 
1927.085 
1927.106 
1927.126 
1927.147 
1927.167 
1927.188 
1927.208 
1927.229 
1927.249 
1927.270 
1927.291 
1927.311 
1927.332 
1927.352 
1927.373 
1927.393 
1927.414 
1927.434 
1927.455 
1927.475 
1927.496 
1927.516 
1927.537 
1927.557 
1927.578 
1927.598 
1927.619 
1927.639 
1927.660 
1927.680 
1927.701 
1927.721 
1927.742 
1927.762 
1927.783 
1927.803 
1927.824 
1927.844 
1927.865 
1927.885 
1927.906 
1927.926 
1927.947 
1927.967 
1927.988 
1928.008 
1928.029 
1928.049 
1928.070 
1928.090 
1928.111 
1928.131 
1928.152 
1928.172 
1928.193 
1928.213 
1928.234 
1928.254 
1928.275 
1928.295 
1928.316 
1928.336 
1928.357 
1928.377 
1928.398 
1928.418 
1928.439 
1928.459 
1928.479 
1928.500 
1928.520 
1928.541 
1928.561 
1928.582 
1928.602 
1928.623 
1928.643 
1928.664 
1928.684 
1928.705 
1928.725 
1928.746 
1928.766 
1928.787 
1928.807 
1928.828 
1928.848 
1928.868 
1928.889 
1928.909 
1928.930 
1928.950 
1928.971 
1928.991 
1929.012 
1929.032 
1929.053 
1929.073 
1929.094 
1929.114 
1929.134 
1929.155 
1929.175 
1929.196 
1929.216 
1929.237 
1929.257 
1929.278 
1929.298 
1929.318 
1929.339 
1929.359 
1929.380 
1929.400 
1929.421 
1929.441 
1929.462 
1929.482 
1929.503 
1929.523 
1929.543 
1929.564 
1929.584 
1929.605 
1929.625 
1929.646 
1929.666 
1929.686 
1929.707 
1929.727 
1929.748 
1929.768 
1929.789 
1929.809 
1929.829 
1929.850 
1929.870 
1929.891 
1929.911 
1929.932 
1929.952 
1929.972 
1929.993 
1930.013 
1930.034 
1930.054 
1930.075 
1930.095 
1930.115 
1930.136 
1930.156 
1930.177 
1930.197 
1930.218 
1930.238 
1930.258 
1930.279 
1930.299 
1930.320 
1930.340 
1930.360 
1930.381 
1930.401 
1930.422 
1930.442 
1930.462 
1930.483 
1930.503 
1930.524 
1930.544 
1930.564 
1930.585 
1930.605 
1930.626 
1930.646 
1930.667 
1930.687 
1930.707 
1930.728 
1930.748 
1930.768 
1930.789 
1930.809 
1930.830 
1930.850 
1930.870 
1930.891 
1930.911 
1930.932 
1930.952 
1930.972 
1930.993 
1931.013 
1931.034 
1931.054 
1931.074 
1931.095 
1931.115 
1931.136 
1931.156 
1931.176 
1931.197 
1931.217 
1931.237 
1931.258 
1931.278 
1931.299 
1931.319 
1931.339 
1931.360 
1931.380 
1931.400 
1931.421 
1931.441 
1931.462 
1931.482 
1931.502 
1931.523 
1931.543 
1931.563 
1931.584 
1931.604 
1931.625 
1931.645 
1931.665 
1931.686 
1931.706 
1931.726 
1931.747 
1931.767 
1931.787 
1931.808 
1931.828 
1931.848 
1931.869 
1931.889 
1931.910 
1931.930 
1931.950 
1931.971 
1931.991 
1932.011 
1932.032 
1932.052 
1932.072 
1932.093 
1932.113 
1932.133 
1932.154 
1932.174 
1932.194 
1932.215 
1932.235 
1932.256 
1932.276 
1932.296 
1932.317 
1932.337 
1932.357 
1932.378 
1932.398 
1932.418 
1932.439 
1932.459 
1932.479 
1932.500 
1932.520 
1932.540 
1932.561 
1932.581 
1932.601 
1932.622 
1932.642 
1932.662 
1932.683 
1932.703 
1932.723 
1932.744 
1932.764 
1932.784 
1932.805 
1932.825 
1932.845 
1932.865 
1932.886 
1932.906 
1932.926 
1932.947 
1932.967 
1932.987 
1933.008 
1933.028 
1933.048 
1933.069 
1933.089 
1933.109 
1933.130 
1933.150 
1933.170 
1933.191 
1933.211 
1933.231 
1933.251 
1933.272 
1933.292 
1933.312 
1933.333 
1933.353 
1933.373 
1933.394 
1933.414 
1933.434 
1933.454 
1933.475 
1933.495 
1933.515 
1933.536 
1933.556 
1933.576 
1933.597 
1933.617 
1933.637 
1933.657 
1933.678 
1933.698 
1933.718 
1933.739 
1933.759 
1933.779 
1933.799 
1933.820 
1933.840 
1933.860 
1933.881 
1933.901 
1933.921 
1933.941 
1933.962 
1933.982 
1934.002 
1934.023 
1934.043 
1934.063 
1934.083 
1934.104 
1934.124 
1934.144 
1934.165 
1934.185 
1934.205 
1934.225 
1934.246 
1934.266 
1934.286 
1934.306 
1934.327 
1934.347 
1934.367 
1934.388 
1934.408 
1934.428 
1934.448 
1934.469 
1934.489 
1934.509 
1934.529 
1934.550 
1934.570 
1934.590 
1934.610 
1934.631 
1934.651 
1934.671 
1934.691 
1934.712 
1934.732 
1934.752 
1934.772 
1934.793 
1934.813 
1934.833 
1934.853 
1934.874 
1934.894 
1934.914 
1934.934 
1934.955 
1934.975 
1934.995 
1935.015 
1935.036 
1935.056 
1935.076 
1935.096 
1935.117 
1935.137 
1935.157 
1935.177 
1935.198 
1935.218 
1935.238 
1935.258 
1935.279 
1935.299 
1935.319 
1935.339 
1935.359 
1935.380 
1935.400 
1935.420 
1935.440 
1935.461 
1935.481 
1935.501 
1935.521 
1935.542 
1935.562 
1935.582 
1935.602 
1935.622 
1935.643 
1935.663 
1935.683 
1935.703 
1935.724 
1935.744 
1935.764 
1935.784 
1935.804 
1935.825 
1935.845 
1935.865 
1935.885 
1935.905 
1935.926 
1935.946 
1935.966 
1935.986 
1936.006 
1936.027 
1936.047 
1936.067 
1936.087 
1936.108 
1936.128 
1936.148 
1936.168 
1936.188 
1936.209 
1936.229 
1936.249 
1936.269 
1936.289 
1936.310 
1936.330 
1936.350 
1936.370 
1936.390 
1936.411 
1936.431 
1936.451 
1936.471 
1936.491 
1936.511 
1936.532 
1936.552 
1936.572 
1936.592 
1936.612 
1936.633 
1936.653 
1936.673 
1936.693 
1936.713 
1936.734 
1936.754 
1936.774 
1936.794 
1936.814 
1936.834 
1936.855 
1936.875 
1936.895 
1936.915 
1936.935 
1936.955 
1936.976 
1936.996 
1937.016 
1937.036 
1937.056 
1937.076 
1937.097 
1937.117 
1937.137 
1937.157 
1937.177 
1937.197 
1937.218 
1937.238 
1937.258 
1937.278 
1937.298 
1937.318 
1937.339 
1937.359 
1937.379 
1937.399 
1937.419 
1937.439 
1937.460 
1937.480 
1937.500 
1937.520 
1937.540 
1937.560 
1937.580 
1937.601 
1937.621 
1937.641 
1937.661 
1937.681 
1937.701 
1937.722 
1937.742 
1937.762 
1937.782 
1937.802 
1937.822 
1937.842 
1937.863 
1937.883 
1937.903 
1937.923 
1937.943 
1937.963 
1937.983 
1938.004 
1938.024 
1938.044 
1938.064 
1938.084 
1938.104 
1938.124 
1938.144 
1938.165 
1938.185 
1938.205 
1938.225 
1938.245 
1938.265 
1938.285 
1938.305 
1938.326 
1938.346 
1938.366 
1938.386 
1938.406 
1938.426 
1938.446 
1938.466 
1938.487 
1938.507 
1938.527 
1938.547 
1938.567 
1938.587 
1938.607 
1938.627 
1938.647 
1938.668 
1938.688 
1938.708 
1938.728 
1938.748 
1938.768 
1938.788 
1938.808 
1938.828 
1938.849 
1938.869 
1938.889 
1938.909 
1938.929 
1938.949 
1938.969 
1938.989 
1939.009 
1939.029 
1939.050 
1939.070 
1939.090 
1939.110 
1939.130 
1939.150 
1939.170 
1939.190 
1939.210 
1939.230 
1939.251 
1939.271 
1939.291 
1939.311 
1939.331 
1939.351 
1939.371 
1939.391 
1939.411 
1939.431 
1939.451 
1939.471 
1939.492 
1939.512 
1939.532 
1939.552 
1939.572 
1939.592 
1939.612 
1939.632 
1939.652 
1939.672 
1939.692 
1939.712 
1939.732 
1939.753 
1939.773 
1939.793 
1939.813 
1939.833 
1939.853 
1939.873 
1939.893 
1939.913 
1939.933 
1939.953 
1939.973 
1939.993 
1940.013 
1940.033 
1940.054 
1940.074 
1940.094 
1940.114 
1940.134 
1940.154 
1940.174 
1940.194 
1940.214 
1940.234 
1940.254 
1940.274 
1940.294 
1940.314 
1940.334 
1940.354 
1940.374 
1940.394 
1940.415 
1940.435 
1940.455 
1940.475 
1940.495 
1940.515 
1940.535 
1940.555 
1940.575 
1940.595 
1940.615 
1940.635 
1940.655 
1940.675 
1940.695 
1940.715 
1940.735 
1940.755 
1940.775 
1940.795 
1940.815 
1940.835 
1940.855 
1940.875 
1940.895 
1940.915 
1940.936 
1940.956 
1940.976 
1940.996 
1941.016 
1941.036 
1941.056 
1941.076 
1941.096 
1941.116 
1941.136 
1941.156 
1941.176 
1941.196 
1941.216 
1941.236 
1941.256 
1941.276 
1941.296 
1941.316 
1941.336 
1941.356 
1941.376 
1941.396 
1941.416 
1941.436 
1941.456 
1941.476 
1941.496 
1941.516 
1941.536 
1941.556 
1941.576 
1941.596 
1941.616 
1941.636 
1941.656 
1941.676 
1941.696 
1941.716 
1941.736 
1941.756 
1941.776 
1941.796 
1941.816 
1941.836 
1941.856 
1941.876 
1941.896 
1941.916 
1941.936 
1941.956 
1941.976 
1941.996 
1942.016 
1942.036 
1942.056 
1942.076 
1942.096 
1942.116 
1942.136 
1942.156 
1942.176 
1942.196 
1942.216 
1942.236 
1942.256 
1942.276 
1942.296 
1942.316 
1942.336 
1942.356 
1942.376 
1942.396 
1942.416 
1942.436 
1942.456 
1942.476 
1942.496 
1942.516 
1942.535 
1942.555 
1942.575 
1942.595 
1942.615 
1942.635 
1942.655 
1942.675 
1942.695 
1942.715 
1942.735 
1942.755 
1942.775 
1942.795 
1942.815 
1942.835 
1942.855 
1942.875 
1942.895 
1942.915 
1942.935 
1942.955 
1942.975 
1942.995 
1943.015 
1943.035 
1943.054 
1943.074 
1943.094 
1943.114 
1943.134 
1943.154 
1943.174 
1943.194 
1943.214 
1943.234 
1943.254 
1943.274 
1943.294 
1943.314 
1943.334 
1943.354 
1943.374 
1943.394 
1943.413 
1943.433 
1943.453 
1943.473 
1943.493 
1943.513 
1943.533 
1943.553 
1943.573 
1943.593 
1943.613 
1943.633 
1943.653 
1943.673 
1943.693 
1943.712 
1943.732 
1943.752 
1943.772 
1943.792 
1943.812 
1943.832 
1943.852 
1943.872 
1943.892 
1943.912 
1943.932 
1943.952 
1943.971 
1943.991 
1944.011 
1944.031 
1944.051 
1944.071 
1944.091 
1944.111 
1944.131 
1944.151 
1944.171 
1944.191 
1944.210 
1944.230 
1944.250 
1944.270 
1944.290 
1944.310 
1944.330 
1944.350 
1944.370 
1944.390 
1944.409 
1944.429 
1944.449 
1944.469 
1944.489 
1944.509 
1944.529 
1944.549 
1944.569 
1944.589 
1944.608 
1944.628 
1944.648 
1944.668 
1944.688 
1944.708 
1944.728 
1944.748 
1944.768 
1944.787 
1944.807 
1944.827 
1944.847 
1944.867 
1944.887 
1944.907 
1944.927 
1944.947 
1944.966 
1944.986 
1945.006 
1945.026 
1945.046 
1945.066 
1945.086 
1945.106 
1945.125 
1945.145 
1945.165 
1945.185 
1945.205 
1945.225 
1945.245 
1945.265 
1945.284 
1945.304 
1945.324 
1945.344 
1945.364 
1945.384 
1945.404 
1945.424 
1945.443 
1945.463 
1945.483 
1945.503 
1945.523 
1945.543 
1945.563 
1945.582 
1945.602 
1945.622 
1945.642 
1945.662 
1945.682 
1945.702 
1945.721 
1945.741 
1945.761 
1945.781 
1945.801 
1945.821 
1945.841 
1945.860 
1945.880 
1945.900 
1945.920 
1945.940 
1945.960 
1945.979 
1945.999 
1946.019 
1946.039 
1946.059 
1946.079 
1946.099 
1946.118 
1946.138 
1946.158 
1946.178 
1946.198 
1946.218 
1946.237 
1946.257 
1946.277 
1946.297 
1946.317 
1946.337 
1946.356 
1946.376 
1946.396 
1946.416 
1946.436 
1946.455 
1946.475 
1946.495 
1946.515 
1946.535 
1946.555 
1946.574 
1946.594 
1946.614 
1946.634 
1946.654 
1946.674 
1946.693 
1946.713 
1946.733 
1946.753 
1946.773 
1946.792 
1946.812 
1946.832 
1946.852 
1946.872 
1946.892 
1946.911 
1946.931 
1946.951 
1946.971 
1946.991 
1947.010 
1947.030 
1947.050 
1947.070 
1947.090 
1947.109 
1947.129 
1947.149 
1947.169 
1947.189 
1947.208 
1947.228 
1947.248 
1947.268 
1947.288 
1947.307 
1947.327 
1947.347 
1947.367 
1947.387 
1947.406 
1947.426 
1947.446 
1947.466 
1947.485 
1947.505 
1947.525 
1947.545 
1947.565 
1947.584 
1947.604 
1947.624 
1947.644 
1947.664 
1947.683 
1947.703 
1947.723 
1947.743 
1947.762 
1947.782 
1947.802 
1947.822 
1947.842 
1947.861 
1947.881 
1947.901 
1947.921 
1947.940 
1947.960 
1947.980 
1948.000 
1948.020 
1948.039 
1948.059 
1948.079 
1948.099 
1948.118 
1948.138 
1948.158 
1948.178 
1948.197 
1948.217 
1948.237 
1948.257 
1948.276 
1948.296 
1948.316 
1948.336 
1948.355 
1948.375 
1948.395 
1948.415 
1948.434 
1948.454 
1948.474 
1948.494 
1948.514 
1948.533 
1948.553 
1948.573 
1948.592 
1948.612 
1948.632 
1948.652 
1948.671 
1948.691 
1948.711 
1948.731 
1948.750 
1948.770 
1948.790 
1948.810 
1948.829 
1948.849 
1948.869 
1948.889 
1948.908 
1948.928 
1948.948 
1948.968 
1948.987 
1949.007 
1949.027 
1949.046 
1949.066 
1949.086 
1949.106 
1949.125 
1949.145 
1949.165 
1949.185 
1949.204 
1949.224 
1949.244 
1949.263 
1949.283 
1949.303 
1949.323 
1949.342 
1949.362 
1949.382 
1949.402 
1949.421 
1949.441 
1949.461 
1949.480 
1949.500 
1949.520 
1949.540 
1949.559 
1949.579 
1949.599 
1949.618 
1949.638 
1949.658 
1949.678 
1949.697 
1949.717 
1949.737 
1949.756 
1949.776 
1949.796 
1949.815 
1949.835 
1949.855 
1949.875 
1949.894 
1949.914 
1949.934 
1949.953 
1949.973 
1949.993 
1950.012 
1950.032 
1950.052 
1950.072 
1950.091 
1950.111 
1950.131 
1950.150 
1950.170 
1950.190 
1950.209 
1950.229 
1950.249 
1950.268 
1950.288 
1950.308 
1950.327 
1950.347 
1950.367 
1950.386 
1950.406 
1950.426 
1950.446 
1950.465 
1950.485 
1950.505 
1950.524 
1950.544 
1950.564 
1950.583 
1950.603 
1950.623 
1950.642 
1950.662 
1950.682 
1950.701 
1950.721 
1950.741 
1950.760 
1950.780 
1950.800 
1950.819 
1950.839 
1950.859 
1950.878 
1950.898 
1950.918 
1950.937 
1950.957 
1950.977 
1950.996 
1951.016 
1951.036 
1951.055 
1951.075 
1951.095 
1951.114 
1951.134 
1951.154 
1951.173 
1951.193 
1951.212 
1951.232 
1951.252 
1951.271 
1951.291 
1951.311 
1951.330 
1951.350 
1951.370 
1951.389 
1951.409 
1951.429 
1951.448 
1951.468 
1951.487 
1951.507 
1951.527 
1951.546 
1951.566 
1951.586 
1951.605 
1951.625 
1951.645 
1951.664 
1951.684 
1951.703 
1951.723 
1951.743 
1951.762 
1951.782 
1951.802 
1951.821 
1951.841 
1951.861 
1951.880 
1951.900 
1951.919 
1951.939 
1951.959 
1951.978 
1951.998 
1952.018 
1952.037 
1952.057 
1952.076 
1952.096 
1952.116 
1952.135 
1952.155 
1952.174 
1952.194 
1952.214 
1952.233 
1952.253 
1952.273 
1952.292 
1952.312 
1952.331 
1952.351 
1952.371 
1952.390 
1952.410 
1952.429 
1952.449 
1952.469 
1952.488 
1952.508 
1952.527 
1952.547 
1952.567 
1952.586 
1952.606 
1952.625 
1952.645 
1952.665 
1952.684 
1952.704 
1952.723 
1952.743 
1952.763 
1952.782 
1952.802 
1952.821 
1952.841 
1952.861 
1952.880 
1952.900 
1952.919 
1952.939 
1952.958 
1952.978 
1952.998 
1953.017 
1953.037 
1953.056 
1953.076 
1953.096 
1953.115 
1953.135 
1953.154 
1953.174 
1953.193 
1953.213 
1953.233 
1953.252 
1953.272 
1953.291 
1953.311 
1953.330 
1953.350 
1953.370 
1953.389 
1953.409 
1953.428 
1953.448 
1953.467 
1953.487 
1953.507 
1953.526 
1953.546 
1953.565 
1953.585 
1953.604 
1953.624 
1953.643 
1953.663 
1953.683 
1953.702 
1953.722 
1953.741 
1953.761 
1953.780 
1953.800 
1953.819 
1953.839 
1953.859 
1953.878 
1953.898 
1953.917 
1953.937 
1953.956 
1953.976 
1953.995 
1954.015 
1954.035 
1954.054 
1954.074 
1954.093 
1954.113 
1954.132 
1954.152 
1954.171 
1954.191 
1954.210 
1954.230 
1954.249 
1954.269 
1954.289 
1954.308 
1954.328 
1954.347 
1954.367 
1954.386 
1954.406 
1954.425 
1954.445 
1954.464 
1954.484 
1954.503 
1954.523 
1954.542 
1954.562 
1954.582 
1954.601 
1954.621 
1954.640 
1954.660 
1954.679 
1954.699 
1954.718 
1954.738 
1954.757 
1954.777 
1954.796 
1954.816 
1954.835 
1954.855 
1954.874 
1954.894 
1954.913 
1954.933 
1954.952 
1954.972 
1954.991 
1955.011 
1955.030 
1955.050 
1955.069 
1955.089 
1955.108 
1955.128 
1955.147 
1955.167 
1955.186 
1955.206 
1955.225 
1955.245 
1955.264 
1955.284 
1955.303 
1955.323 
1955.342 
1955.362 
1955.381 
1955.401 
1955.420 
1955.440 
1955.459 
1955.479 
1955.498 
1955.518 
1955.537 
1955.557 
1955.576 
1955.596 
1955.615 
1955.635 
1955.654 
1955.674 
1955.693 
1955.713 
1955.732 
1955.752 
1955.771 
1955.791 
1955.810 
1955.830 
1955.849 
1955.869 
1955.888 
1955.907 
1955.927 
1955.946 
1955.966 
1955.985 
1956.005 
1956.024 
1956.044 
1956.063 
1956.083 
1956.102 
1956.122 
1956.141 
1956.161 
1956.180 
1956.200 
1956.219 
1956.238 
1956.258 
1956.277 
1956.297 
1956.316 
1956.336 
1956.355 
1956.375 
1956.394 
1956.414 
1956.433 
1956.452 
1956.472 
1956.491 
1956.511 
1956.530 
1956.550 
1956.569 
1956.589 
1956.608 
1956.628 
1956.647 
1956.666 
1956.686 
1956.705 
1956.725 
1956.744 
1956.764 
1956.783 
1956.803 
1956.822 
1956.841 
1956.861 
1956.880 
1956.900 
1956.919 
1956.939 
1956.958 
1956.978 
1956.997 
1957.016 
1957.036 
1957.055 
1957.075 
1957.094 
1957.114 
1957.133 
1957.152 
1957.172 
1957.191 
1957.211 
1957.230 
1957.250 
1957.269 
1957.288 
1957.308 
1957.327 
1957.347 
1957.366 
1957.385 
1957.405 
1957.424 
1957.444 
1957.463 
1957.483 
1957.502 
1957.521 
1957.541 
1957.560 
1957.580 
1957.599 
1957.618 
1957.638 
1957.657 
1957.677 
1957.696 
1957.715 
1957.735 
1957.754 
1957.774 
1957.793 
1957.813 
1957.832 
1957.851 
1957.871 
1957.890 
1957.910 
1957.929 
1957.948 
1957.968 
1957.987 
1958.007 
1958.026 
1958.045 
1958.065 
1958.084 
1958.103 
1958.123 
1958.142 
1958.162 
1958.181 
1958.200 
1958.220 
1958.239 
1958.259 
1958.278 
1958.297 
1958.317 
1958.336 
1958.356 
1958.375 
1958.394 
1958.414 
1958.433 
1958.452 
1958.472 
1958.491 
1958.511 
1958.530 
1958.549 
1958.569 
1958.588 
1958.607 
1958.627 
1958.646 
1958.666 
1958.685 
1958.704 
1958.724 
1958.743 
1958.762 
1958.782 
1958.801 
1958.821 
1958.840 
1958.859 
1958.879 
1958.898 
1958.917 
1958.937 
1958.956 
1958.975 
1958.995 
1959.014 
1959.033 
1959.053 
1959.072 
1959.092 
1959.111 
1959.130 
1959.150 
1959.169 
1959.188 
1959.208 
1959.227 
1959.246 
1959.266 
1959.285 
1959.304 
1959.324 
1959.343 
1959.362 
1959.382 
1959.401 
1959.420 
1959.440 
1959.459 
1959.479 
1959.498 
1959.517 
1959.537 
1959.556 
1959.575 
1959.595 
1959.614 
1959.633 
1959.653 
1959.672 
1959.691 
1959.711 
1959.730 
1959.749 
1959.769 
1959.788 
1959.807 
1959.827 
1959.846 
1959.865 
1959.884 
1959.904 
1959.923 
1959.942 
1959.962 
1959.981 
1960.000 
1960.020 
1960.039 
1960.058 
1960.078 
1960.097 
1960.116 
1960.136 
1960.155 
1960.174 
1960.194 
1960.213 
1960.232 
1960.252 
1960.271 
1960.290 
1960.309 
1960.329 
1960.348 
1960.367 
1960.387 
1960.406 
1960.425 
1960.445 
1960.464 
1960.483 
1960.503 
1960.522 
1960.541 
1960.560 
1960.580 
1960.599 
1960.618 
1960.638 
1960.657 
1960.676 
1960.695 
1960.715 
1960.734 
1960.753 
1960.773 
1960.792 
1960.811 
1960.831 
1960.850 
1960.869 
1960.888 
1960.908 
1960.927 
1960.946 
1960.966 
1960.985 
1961.004 
1961.023 
1961.043 
1961.062 
1961.081 
1961.101 
1961.120 
1961.139 
1961.158 
1961.178 
1961.197 
1961.216 
1961.235 
1961.255 
1961.274 
1961.293 
1961.313 
1961.332 
1961.351 
1961.370 
1961.390 
1961.409 
1961.428 
1961.447 
1961.467 
1961.486 
1961.505 
1961.524 
1961.544 
1961.563 
1961.582 
1961.602 
1961.621 
1961.640 
1961.659 
1961.679 
1961.698 
1961.717 
1961.736 
1961.756 
1961.775 
1961.794 
1961.813 
1961.833 
1961.852 
1961.871 
1961.890 
1961.910 
1961.929 
1961.948 
1961.967 
1961.987 
1962.006 
1962.025 
1962.044 
1962.064 
1962.083 
1962.102 
1962.121 
1962.141 
1962.160 
1962.179 
1962.198 
1962.217 
1962.237 
1962.256 
1962.275 
1962.294 
1962.314 
1962.333 
1962.352 
1962.371 
1962.391 
1962.410 
1962.429 
1962.448 
1962.467 
1962.487 
1962.506 
1962.525 
1962.544 
1962.564 
1962.583 
1962.602 
1962.621 
1962.641 
1962.660 
1962.679 
1962.698 
1962.717 
1962.737 
1962.756 
1962.775 
1962.794 
1962.813 
1962.833 
1962.852 
1962.871 
1962.890 
1962.910 
1962.929 
1962.948 
1962.967 
1962.986 
1963.006 
1963.025 
1963.044 
1963.063 
1963.082 
1963.102 
1963.121 
1963.140 
1963.159 
1963.178 
1963.198 
1963.217 
1963.236 
1963.255 
1963.274 
1963.294 
1963.313 
1963.332 
1963.351 
1963.370 
1963.390 
1963.409 
1963.428 
1963.447 
1963.466 
1963.485 
1963.505 
1963.524 
1963.543 
1963.562 
1963.581 
1963.601 
1963.620 
1963.639 
1963.658 
1963.677 
1963.697 
1963.716 
1963.735 
1963.754 
1963.773 
1963.792 
1963.812 
1963.831 
1963.850 
1963.869 
1963.888 
1963.907 
1963.927 
1963.946 
1963.965 
1963.984 
1964.003 
1964.022 
1964.042 
1964.061 
1964.080 
1964.099 
1964.118 
1964.137 
1964.157 
1964.176 
1964.195 
1964.214 
1964.233 
1964.252 
1964.272 
1964.291 
1964.310 
1964.329 
1964.348 
1964.367 
1964.387 
1964.406 
1964.425 
1964.444 
1964.463 
1964.482 
1964.501 
1964.521 
1964.540 
1964.559 
1964.578 
1964.597 
1964.616 
1964.635 
1964.655 
1964.674 
1964.693 
1964.712 
1964.731 
1964.750 
1964.769 
1964.789 
1964.808 
1964.827 
1964.846 
1964.865 
1964.884 
1964.903 
1964.923 
1964.942 
1964.961 
1964.980 
1964.999 
1965.018 
1965.037 
1965.056 
1965.076 
1965.095 
1965.114 
1965.133 
1965.152 
1965.171 
1965.190 
1965.209 
1965.229 
1965.248 
1965.267 
1965.286 
1965.305 
1965.324 
1965.343 
1965.362 
1965.382 
1965.401 
1965.420 
1965.439 
1965.458 
1965.477 
1965.496 
1965.515 
1965.534 
1965.554 
1965.573 
1965.592 
1965.611 
1965.630 
1965.649 
1965.668 
1965.687 
1965.706 
1965.726 
1965.745 
1965.764 
1965.783 
1965.802 
1965.821 
1965.840 
1965.859 
1965.878 
1965.897 
1965.917 
1965.936 
1965.955 
1965.974 
1965.993 
1966.012 
1966.031 
1966.050 
1966.069 
1966.088 
1966.107 
1966.127 
1966.146 
1966.165 
1966.184 
1966.203 
1966.222 
1966.241 
1966.260 
1966.279 
1966.298 
1966.317 
1966.336 
1966.356 
1966.375 
1966.394 
1966.413 
1966.432 
1966.451 
1966.470 
1966.489 
1966.508 
1966.527 
1966.546 
1966.565 
1966.584 
1966.603 
1966.623 
1966.642 
1966.661 
1966.680 
1966.699 
1966.718 
1966.737 
1966.756 
1966.775 
1966.794 
1966.813 
1966.832 
1966.851 
1966.870 
1966.889 
1966.909 
1966.928 
1966.947 
1966.966 
1966.985 
1967.004 
1967.023 
1967.042 
1967.061 
1967.080 
1967.099 
1967.118 
1967.137 
1967.156 
1967.175 
1967.194 
1967.213 
1967.232 
1967.251 
1967.270 
1967.290 
1967.309 
1967.328 
1967.347 
1967.366 
1967.385 
1967.404 
1967.423 
1967.442 
1967.461 
1967.480 
1967.499 
1967.518 
1967.537 
1967.556 
1967.575 
1967.594 
1967.613 
1967.632 
1967.651 
1967.670 
1967.689 
1967.708 
1967.727 
1967.746 
1967.765 
1967.784 
1967.803 
1967.822 
1967.841 
1967.860 
1967.879 
1967.899 
1967.918 
1967.937 
1967.956 
1967.975 
1967.994 
1968.013 
1968.032 
1968.051 
1968.070 
1968.089 
1968.108 
1968.127 
1968.146 
1968.165 
1968.184 
1968.203 
1968.222 
1968.241 
1968.260 
1968.279 
1968.298 
1968.317 
1968.336 
1968.355 
1968.374 
1968.393 
1968.412 
1968.431 
1968.450 
1968.469 
1968.488 
1968.507 
1968.526 
1968.545 
1968.564 
1968.583 
1968.602 
1968.621 
1968.640 
1968.659 
1968.678 
1968.697 
1968.716 
1968.735 
1968.754 
1968.773 
1968.792 
1968.811 
1968.830 
1968.849 
1968.868 
1968.887 
1968.906 
1968.925 
1968.943 
1968.962 
1968.981 
1969.000 
1969.019 
1969.038 
1969.057 
1969.076 
1969.095 
1969.114 
1969.133 
1969.152 
1969.171 
1969.190 
1969.209 
1969.228 
1969.247 
1969.266 
1969.285 
1969.304 
1969.323 
1969.342 
1969.361 
1969.380 
1969.399 
1969.418 
1969.437 
1969.456 
1969.475 
1969.494 
1969.513 
1969.531 
1969.550 
1969.569 
1969.588 
1969.607 
1969.626 
1969.645 
1969.664 
1969.683 
1969.702 
1969.721 
1969.740 
1969.759 
1969.778 
1969.797 
1969.816 
1969.835 
1969.854 
1969.873 
1969.892 
1969.910 
1969.929 
1969.948 
1969.967 
1969.986 
1970.005 
1970.024 
1970.043 
1970.062 
1970.081 
1970.100 
1970.119 
1970.138 
1970.157 
1970.176 
1970.195 
1970.213 
1970.232 
1970.251 
1970.270 
1970.289 
1970.308 
1970.327 
1970.346 
1970.365 
1970.384 
1970.403 
1970.422 
1970.441 
1970.459 
1970.478 
1970.497 
1970.516 
1970.535 
1970.554 
1970.573 
1970.592 
1970.611 
1970.630 
1970.649 
1970.668 
1970.686 
1970.705 
1970.724 
1970.743 
1970.762 
1970.781 
1970.800 
1970.819 
1970.838 
1970.857 
1970.876 
1970.894 
1970.913 
1970.932 
1970.951 
1970.970 
1970.989 
