1235.000
1235.013
1235.027
1235.040
1235.054
1235.067
1235.080
1235.094
1235.107
1235.121
1235.134
1235.147
1235.161
1235.174
1235.188
1235.201
1235.214
1235.228
1235.241
1235.255
1235.268
1235.281
1235.295
1235.308
1235.321
1235.335
1235.348
1235.362
1235.375
1235.388
1235.402
1235.415
1235.429
1235.442
1235.455
1235.469
1235.482
1235.496
1235.509
1235.522
1235.536
1235.549
1235.562
1235.576
1235.589
1235.603
1235.616
1235.629
1235.643
1235.656
1235.669
1235.683
1235.696
1235.710
1235.723
1235.736
1235.750
1235.763
1235.776
1235.790
1235.803
1235.817
1235.830
1235.843
1235.857
1235.870
1235.883
1235.897
1235.910
1235.924
1235.937
1235.950
1235.964
1235.977
1235.990
1236.004
1236.017
1236.031
1236.044
1236.057
1236.071
1236.084
1236.097
1236.111
1236.124
1236.137
1236.151
1236.164
1236.178
1236.191
1236.204
1236.218
1236.231
1236.244
1236.258
1236.271
1236.284
1236.298
1236.311
1236.325
1236.338
1236.351
1236.365
1236.378
1236.391
1236.405
1236.418
1236.431
1236.445
1236.458
1236.471
1236.485
1236.498
1236.511
1236.525
1236.538
1236.552
1236.565
1236.578
1236.592
1236.605
1236.618
1236.632
1236.645
1236.658
1236.672
1236.685
1236.698
1236.712
1236.725
1236.738
1236.752
1236.765
1236.778
1236.792
1236.805
1236.818
1236.832
1236.845
1236.858
1236.872
1236.885
1236.898
1236.912
1236.925
1236.939
1236.952
1236.965
1236.979
1236.992
1237.005
1237.019
1237.032
1237.045
1237.059
1237.072
1237.085
1237.099
1237.112
1237.125
1237.139
1237.152
1237.165
1237.179
1237.192
1237.205
1237.219
1237.232
1237.245
1237.258
1237.272
1237.285
1237.298
1237.312
1237.325
1237.338
1237.352
1237.365
1237.378
1237.392
1237.405
1237.418
1237.432
1237.445
1237.458
1237.472
1237.485
1237.498
1237.512
1237.525
1237.538
1237.552
1237.565
1237.578
1237.592
1237.605
1237.618
1237.632
1237.645
1237.658
1237.671
1237.685
1237.698
1237.711
1237.725
1237.738
1237.751
1237.765
1237.778
1237.791
1237.805
1237.818
1237.831
1237.844
1237.858
1237.871
1237.884
1237.898
1237.911
1237.924
1237.938
1237.951
1237.964
1237.978
1237.991
1238.004
1238.017
1238.031
1238.044
1238.057
1238.071
1238.084
1238.097
1238.111
1238.124
1238.137
1238.150
1238.164
1238.177
1238.190
1238.204
1238.217
1238.230
1238.244
1238.257
1238.270
1238.283
1238.297
1238.310
1238.323
1238.337
1238.350
1238.363
1238.377
1238.390
1238.403
1238.416
1238.430
1238.443
1238.456
1238.470
1238.483
1238.496
1238.509
1238.523
1238.536
1238.549
1238.563
1238.576
1238.589
1238.602
1238.616
1238.629
1238.642
1238.656
1238.669
1238.682
1238.695
1238.709
1238.722
1238.735
1238.749
1238.762
1238.775
1238.788
1238.802
1238.815
1238.828
1238.841
1238.855
1238.868
1238.881
1238.895
1238.908
1238.921
1238.934
1238.948
1238.961
1238.974
1238.987
1239.001
1239.014
1239.027
1239.041
1239.054
1239.067
1239.080
1239.094
1239.107
1239.120
1239.133
1239.147
1239.160
1239.173
1239.187
1239.200
1239.213
1239.226
1239.240
1239.253
1239.266
1239.279
1239.293
1239.306
1239.319
1239.332
1239.346
1239.359
1239.372
1239.385
1239.399
1239.412
1239.425
1239.438
1239.452
1239.465
1239.478
1239.492
1239.505
1239.518
1239.531
1239.545
1239.558
1239.571
1239.584
1239.598
1239.611
1239.624
1239.637
1239.651
1239.664
1239.677
1239.690
1239.704
1239.717
1239.730
1239.743
1239.757
1239.770
1239.783
1239.796
1239.810
1239.823
1239.836
1239.849
1239.862
1239.876
1239.889
1239.902
1239.915
1239.929
1239.942
1239.955
1239.968
1239.982
1239.995
1240.008
1240.021
1240.035
1240.048
1240.061
1240.074
1240.088
1240.101
1240.114
1240.127
1240.141
1240.154
1240.167
1240.180
1240.193
1240.207
1240.220
1240.233
1240.246
1240.260
1240.273
1240.286
1240.299
1240.313
1240.326
1240.339
1240.352
1240.365
1240.379
1240.392
1240.405
1240.418
1240.432
1240.445
1240.458
1240.471
1240.484
1240.498
1240.511
1240.524
1240.537
1240.551
1240.564
1240.577
1240.590
1240.603
1240.617
1240.630
1240.643
1240.656
1240.670
1240.683
1240.696
1240.709
1240.722
1240.736
1240.749
1240.762
1240.775
1240.789
1240.802
1240.815
1240.828
1240.841
1240.855
1240.868
1240.881
1240.894
1240.907
1240.921
1240.934
1240.947
1240.960
1240.973
1240.987
1241.000
1241.013
1241.026
1241.040
1241.053
1241.066
1241.079
1241.092
1241.106
1241.119
1241.132
1241.145
1241.158
1241.172
1241.185
1241.198
1241.211
1241.224
1241.238
1241.251
1241.264
1241.277
1241.290
1241.304
1241.317
1241.330
1241.343
1241.356
1241.370
1241.383
1241.396
1241.409
1241.422
1241.436
1241.449
1241.462
1241.475
1241.488
1241.501
1241.515
1241.528
1241.541
1241.554
1241.567
1241.581
1241.594
1241.607
1241.620
1241.633
1241.647
1241.660
1241.673
1241.686
1241.699
1241.712
1241.726
1241.739
1241.752
1241.765
1241.778
1241.792
1241.805
1241.818
1241.831
1241.844
1241.857
1241.871
1241.884
1241.897
1241.910
1241.923
1241.937
1241.950
1241.963
1241.976
1241.989
1242.002
1242.016
1242.029
1242.042
1242.055
1242.068
1242.081
1242.095
1242.108
1242.121
1242.134
1242.147
1242.161
1242.174
1242.187
1242.200
1242.213
1242.226
1242.240
1242.253
1242.266
1242.279
1242.292
1242.305
1242.319
1242.332
1242.345
1242.358
1242.371
1242.384
1242.398
1242.411
1242.424
1242.437
1242.450
1242.463
1242.476
1242.490
1242.503
1242.516
1242.529
1242.542
1242.555
1242.569
1242.582
1242.595
1242.608
1242.621
1242.634
1242.648
1242.661
1242.674
1242.687
1242.700
1242.713
1242.726
1242.740
1242.753
1242.766
1242.779
1242.792
1242.805
1242.818
1242.832
1242.845
1242.858
1242.871
1242.884
1242.897
1242.911
1242.924
1242.937
1242.950
1242.963
1242.976
1242.989
1243.003
1243.016
1243.029
1243.042
1243.055
1243.068
1243.081
1243.095
1243.108
1243.121
1243.134
1243.147
1243.160
1243.173
1243.186
1243.200
1243.213
1243.226
1243.239
1243.252
1243.265
1243.278
1243.292
1243.305
1243.318
1243.331
1243.344
1243.357
1243.370
1243.383
1243.397
1243.410
1243.423
1243.436
1243.449
1243.462
1243.475
1243.489
1243.502
1243.515
1243.528
1243.541
1243.554
1243.567
1243.580
1243.594
1243.607
1243.620
1243.633
1243.646
1243.659
1243.672
1243.685
1243.699
1243.712
1243.725
1243.738
1243.751
1243.764
1243.777
1243.790
1243.803
1243.817
1243.830
1243.843
1243.856
1243.869
1243.882
1243.895
1243.908
1243.921
1243.935
1243.948
1243.961
1243.974
1243.987
1244.000
1244.013
1244.026
1244.040
1244.053
1244.066
1244.079
1244.092
1244.105
1244.118
1244.131
1244.144
1244.157
1244.171
1244.184
1244.197
1244.210
1244.223
1244.236
1244.249
1244.262
1244.275
1244.289
1244.302
1244.315
1244.328
1244.341
1244.354
1244.367
1244.380
1244.393
1244.406
1244.420
1244.433
1244.446
1244.459
1244.472
1244.485
1244.498
1244.511
1244.524
1244.537
1244.550
1244.564
1244.577
1244.590
1244.603
1244.616
1244.629
1244.642
1244.655
1244.668
1244.681
1244.694
1244.708
1244.721
1244.734
1244.747
1244.760
1244.773
1244.786
1244.799
1244.812
1244.825
1244.838
1244.851
1244.865
1244.878
1244.891
1244.904
1244.917
1244.930
1244.943
1244.956
1244.969
1244.982
1244.995
1245.008
1245.022
1245.035
1245.048
1245.061
1245.074
1245.087
1245.100
1245.113
1245.126
1245.139
1245.152
1245.165
1245.178
1245.192
1245.205
1245.218
1245.231
1245.244
1245.257
1245.270
1245.283
1245.296
1245.309
1245.322
1245.335
1245.348
1245.361
1245.374
1245.388
1245.401
1245.414
1245.427
1245.440
1245.453
1245.466
1245.479
1245.492
1245.505
1245.518
1245.531
1245.544
1245.557
1245.570
1245.584
1245.597
1245.610
1245.623
1245.636
1245.649
1245.662
1245.675
1245.688
1245.701
1245.714
1245.727
1245.740
1245.753
1245.766
1245.779
1245.792
1245.805
1245.819
1245.832
1245.845
1245.858
1245.871
1245.884
1245.897
1245.910
1245.923
1245.936
1245.949
1245.962
1245.975
1245.988
1246.001
1246.014
1246.027
1246.040
1246.053
1246.066
1246.079
1246.093
1246.106
1246.119
1246.132
1246.145
1246.158
1246.171
1246.184
1246.197
1246.210
1246.223
1246.236
1246.249
1246.262
1246.275
1246.288
1246.301
1246.314
1246.327
1246.340
1246.353
1246.366
1246.379
1246.392
1246.405
1246.418
1246.432
1246.445
1246.458
1246.471
1246.484
1246.497
1246.510
1246.523
1246.536
1246.549
1246.562
1246.575
1246.588
1246.601
1246.614
1246.627
1246.640
1246.653
1246.666
1246.679
1246.692
1246.705
1246.718
1246.731
1246.744
1246.757
1246.770
1246.783
1246.796
1246.809
1246.822
1246.835
1246.848
1246.861
1246.874
1246.887
1246.900
1246.913
1246.926
1246.939
1246.953
1246.966
1246.979
1246.992
1247.005
1247.018
1247.031
1247.044
1247.057
1247.070
1247.083
1247.096
1247.109
1247.122
1247.135
1247.148
1247.161
1247.174
1247.187
1247.200
1247.213
1247.226
1247.239
1247.252
1247.265
1247.278
1247.291
1247.304
1247.317
1247.330
1247.343
1247.356
1247.369
1247.382
1247.395
1247.408
1247.421
1247.434
1247.447
1247.460
1247.473
1247.486
1247.499
1247.512
1247.525
1247.538
1247.551
1247.564
1247.577
1247.590
1247.603
1247.616
1247.629
1247.642
1247.655
1247.668
1247.681
1247.694
1247.707
1247.720
1247.733
1247.746
1247.759
1247.772
1247.785
1247.798
1247.811
1247.824
1247.837
1247.850
1247.863
1247.876
1247.889
1247.902
1247.915
1247.928
1247.941
1247.953
1247.966
1247.979
1247.992
1248.005
1248.018
1248.031
1248.044
1248.057
1248.070
1248.083
1248.096
1248.109
1248.122
1248.135
1248.148
1248.161
1248.174
1248.187
1248.200
1248.213
1248.226
1248.239
1248.252
1248.265
1248.278
1248.291
1248.304
1248.317
1248.330
1248.343
1248.356
1248.369
1248.382
1248.395
1248.408
1248.421
1248.434
1248.447
1248.460
1248.473
1248.485
1248.498
1248.511
1248.524
1248.537
1248.550
1248.563
1248.576
1248.589
1248.602
1248.615
1248.628
1248.641
1248.654
1248.667
1248.680
1248.693
1248.706
1248.719
1248.732
1248.745
1248.758
1248.771
1248.784
1248.797
1248.810
1248.822
1248.835
1248.848
1248.861
1248.874
1248.887
1248.900
1248.913
1248.926
1248.939
1248.952
1248.965
1248.978
1248.991
1249.004
1249.017
1249.030
1249.043
1249.056
1249.069
1249.082
1249.094
1249.107
1249.120
1249.133
1249.146
1249.159
1249.172
1249.185
1249.198
1249.211
1249.224
1249.237
1249.250
1249.263
1249.276
1249.289
1249.302
1249.315
1249.327
1249.340
1249.353
1249.366
1249.379
1249.392
1249.405
1249.418
1249.431
1249.444
1249.457
1249.470
1249.483
1249.496
1249.509
1249.521
1249.534
1249.547
1249.560
1249.573
1249.586
1249.599
1249.612
1249.625
1249.638
1249.651
1249.664
1249.677
1249.690
1249.703
1249.715
1249.728
1249.741
1249.754
1249.767
1249.780
1249.793
1249.806
1249.819
1249.832
1249.845
1249.858
1249.871
1249.883
1249.896
1249.909
1249.922
1249.935
1249.948
1249.961
1249.974
1249.987
1250.000
1250.013
1250.026
1250.038
1250.051
1250.064
1250.077
1250.090
1250.103
1250.116
1250.129
1250.142
1250.155
1250.168
1250.181
1250.193
1250.206
1250.219
1250.232
1250.245
1250.258
1250.271
1250.284
1250.297
1250.310
1250.323
1250.335
1250.348
1250.361
1250.374
1250.387
1250.400
1250.413
1250.426
1250.439
1250.452
1250.465
1250.477
1250.490
1250.503
1250.516
1250.529
1250.542
1250.555
1250.568
1250.581
1250.594
1250.606
1250.619
1250.632
1250.645
1250.658
1250.671
1250.684
1250.697
1250.710
1250.723
1250.735
1250.748
1250.761
1250.774
1250.787
1250.800
1250.813
1250.826
1250.839
1250.851
1250.864
1250.877
1250.890
1250.903
1250.916
1250.929
1250.942
1250.955
1250.967
1250.980
1250.993
1251.006
1251.019
1251.032
1251.045
1251.058
1251.071
1251.083
1251.096
1251.109
1251.122
1251.135
1251.148
1251.161
1251.174
1251.186
1251.199
1251.212
1251.225
1251.238
1251.251
1251.264
1251.277
1251.289
1251.302
1251.315
1251.328
1251.341
1251.354
1251.367
1251.380
1251.392
1251.405
1251.418
1251.431
1251.444
1251.457
1251.470
1251.483
1251.495
1251.508
1251.521
1251.534
1251.547
1251.560
1251.573
1251.586
1251.598
1251.611
1251.624
1251.637
1251.650
1251.663
1251.676
1251.688
1251.701
1251.714
1251.727
1251.740
1251.753
1251.766
1251.778
1251.791
1251.804
1251.817
1251.830
1251.843
1251.856
1251.869
1251.881
1251.894
1251.907
1251.920
1251.933
1251.946
1251.959
1251.971
1251.984
1251.997
1252.010
1252.023
1252.036
1252.048
1252.061
1252.074
1252.087
1252.100
1252.113
1252.126
1252.138
1252.151
1252.164
1252.177
1252.190
1252.203
1252.216
1252.228
1252.241
1252.254
1252.267
1252.280
1252.293
1252.305
1252.318
1252.331
1252.344
1252.357
1252.370
1252.382
1252.395
1252.408
1252.421
1252.434
1252.447
1252.460
1252.472
1252.485
1252.498
1252.511
1252.524
1252.537
1252.549
1252.562
1252.575
1252.588
1252.601
1252.614
1252.626
1252.639
1252.652
1252.665
1252.678
1252.691
1252.703
1252.716
1252.729
1252.742
1252.755
1252.768
1252.780
1252.793
1252.806
1252.819
1252.832
1252.845
1252.857
1252.870
1252.883
1252.896
1252.909
1252.921
1252.934
1252.947
1252.960
1252.973
1252.986
1252.998
1253.011
1253.024
1253.037
1253.050
1253.063
1253.075
1253.088
1253.101
1253.114
1253.127
1253.139
1253.152
1253.165
1253.178
1253.191
1253.204
1253.216
1253.229
1253.242
1253.255
1253.268
1253.280
1253.293
1253.306
1253.319
1253.332
1253.344
1253.357
1253.370
1253.383
1253.396
1253.408
1253.421
1253.434
1253.447
1253.460
1253.473
1253.485
1253.498
1253.511
1253.524
1253.537
1253.549
1253.562
1253.575
1253.588
1253.601
1253.613
1253.626
1253.639
1253.652
1253.665
1253.677
1253.690
1253.703
1253.716
1253.729
1253.741
1253.754
1253.767
1253.780
1253.793
1253.805
1253.818
1253.831
1253.844
1253.857
1253.869
1253.882
1253.895
1253.908
1253.921
1253.933
1253.946
1253.959
1253.972
1253.984
1253.997
1254.010
1254.023
1254.036
1254.048
1254.061
1254.074
1254.087
1254.100
1254.112
1254.125
1254.138
1254.151
1254.163
1254.176
1254.189
1254.202
1254.215
1254.227
1254.240
1254.253
1254.266
1254.279
1254.291
1254.304
1254.317
1254.330
1254.342
1254.355
1254.368
1254.381
1254.394
1254.406
1254.419
1254.432
1254.445
1254.457
1254.470
1254.483
1254.496
1254.509
1254.521
1254.534
1254.547
1254.560
1254.572
1254.585
1254.598
1254.611
1254.623
1254.636
1254.649
1254.662
1254.675
1254.687
1254.700
1254.713
1254.726
1254.738
1254.751
1254.764
1254.777
1254.789
1254.802
1254.815
1254.828
1254.840
1254.853
1254.866
1254.879
1254.892
1254.904
1254.917
1254.930
1254.943
1254.955
1254.968
1254.981
1254.994
1255.006
1255.019
1255.032
1255.045
1255.057
1255.070
1255.083
1255.096
1255.108
1255.121
1255.134
1255.147
1255.159
1255.172
1255.185
1255.198
1255.210
1255.223
1255.236
1255.249
1255.261
1255.274
1255.287
1255.300
1255.312
1255.325
1255.338
1255.351
1255.363
1255.376
1255.389
1255.402
1255.414
1255.427
1255.440
1255.453
1255.465
1255.478
1255.491
1255.504
1255.516
1255.529
1255.542
1255.555
1255.567
1255.580
1255.593
1255.605
1255.618
1255.631
1255.644
1255.656
1255.669
1255.682
1255.695
1255.707
1255.720
1255.733
1255.746
1255.758
1255.771
1255.784
1255.797
1255.809
1255.822
1255.835
1255.847
1255.860
1255.873
1255.886
1255.898
1255.911
1255.924
1255.937
1255.949
1255.962
1255.975
1255.987
1256.000
1256.013
1256.026
1256.038
1256.051
1256.064
1256.077
1256.089
1256.102
1256.115
1256.127
1256.140
1256.153
1256.166
1256.178
1256.191
1256.204
1256.216
1256.229
1256.242
1256.255
1256.267
1256.280
1256.293
1256.305
1256.318
1256.331
1256.344
1256.356
1256.369
1256.382
1256.394
1256.407
1256.420
1256.433
1256.445
1256.458
1256.471
1256.483
1256.496
1256.509
1256.522
1256.534
1256.547
1256.560
1256.572
1256.585
1256.598
1256.610
1256.623
1256.636
1256.649
1256.661
1256.674
1256.687
1256.699
1256.712
1256.725
1256.738
1256.750
1256.763
1256.776
1256.788
1256.801
1256.814
1256.826
1256.839
1256.852
1256.865
1256.877
1256.890
1256.903
1256.915
1256.928
1256.941
1256.953
1256.966
1256.979
1256.991
1257.004
1257.017
1257.030
1257.042
1257.055
1257.068
1257.080
1257.093
1257.106
1257.118
1257.131
1257.144
1257.156
1257.169
1257.182
1257.195
1257.207
1257.220
1257.233
1257.245
1257.258
1257.271
1257.283
1257.296
1257.309
1257.321
1257.334
1257.347
1257.359
1257.372
1257.385
1257.397
1257.410
1257.423
1257.435
1257.448
1257.461
1257.474
1257.486
1257.499
1257.512
1257.524
1257.537
1257.550
1257.562
1257.575
1257.588
1257.600
1257.613
1257.626
1257.638
1257.651
1257.664
1257.676
1257.689
1257.702
1257.714
1257.727
1257.740
1257.752
1257.765
1257.778
1257.790
1257.803
1257.816
1257.828
1257.841
1257.854
1257.866
1257.879
1257.892
1257.904
1257.917
1257.930
1257.942
1257.955
1257.968
1257.980
1257.993
1258.006
1258.018
1258.031
1258.044
1258.056
1258.069
1258.082
1258.094
1258.107
1258.120
1258.132
1258.145
1258.158
1258.170
1258.183
1258.196
1258.208
1258.221
1258.233
1258.246
1258.259
1258.271
1258.284
1258.297
1258.309
1258.322
1258.335
1258.347
1258.360
1258.373
1258.385
1258.398
1258.411
1258.423
1258.436
1258.449
1258.461
1258.474
1258.486
1258.499
1258.512
1258.524
1258.537
1258.550
1258.562
1258.575
1258.588
1258.600
1258.613
1258.626
1258.638
1258.651
1258.663
1258.676
1258.689
1258.701
1258.714
1258.727
1258.739
1258.752
1258.765
1258.777
1258.790
1258.802
1258.815
1258.828
1258.840
1258.853
1258.866
1258.878
1258.891
1258.904
1258.916
1258.929
1258.941
1258.954
1258.967
1258.979
1258.992
1259.005
1259.017
1259.030
1259.042
1259.055
1259.068
1259.080
1259.093
1259.106
1259.118
1259.131
1259.143
1259.156
1259.169
1259.181
1259.194
1259.207
1259.219
1259.232
1259.244
1259.257
1259.270
1259.282
1259.295
1259.308
1259.320
1259.333
1259.345
1259.358
1259.371
1259.383
1259.396
1259.408
1259.421
1259.434
1259.446
1259.459
1259.472
1259.484
1259.497
1259.509
1259.522
1259.535
1259.547
1259.560
1259.572
1259.585
1259.598
1259.610
1259.623
1259.635
1259.648
1259.661
1259.673
1259.686
1259.699
1259.711
1259.724
1259.736
1259.749
1259.762
1259.774
1259.787
1259.799
1259.812
1259.825
1259.837
1259.850
1259.862
1259.875
1259.888
1259.900
1259.913
1259.925
1259.938
1259.951
1259.963
1259.976
1259.988
1260.001
1260.014
1260.026
1260.039
1260.051
1260.064
1260.077
1260.089
1260.102
1260.114
1260.127
1260.140
1260.152
1260.165
1260.177
1260.190
1260.202
1260.215
1260.228
1260.240
1260.253
1260.265
1260.278
1260.291
1260.303
1260.316
1260.328
1260.341
1260.354
1260.366
1260.379
1260.391
1260.404
1260.416
1260.429
1260.442
1260.454
1260.467
1260.479
1260.492
1260.505
1260.517
1260.530
1260.542
1260.555
1260.567
1260.580
1260.593
1260.605
1260.618
1260.630
1260.643
1260.655
1260.668
1260.681
1260.693
1260.706
1260.718
1260.731
1260.743
1260.756
1260.769
1260.781
1260.794
1260.806
1260.819
1260.831
1260.844
1260.857
1260.869
1260.882
1260.894
1260.907
1260.919
1260.932
1260.945
1260.957
1260.970
1260.982
1260.995
1261.007
1261.020
1261.033
1261.045
1261.058
1261.070
1261.083
1261.095
1261.108
1261.120
1261.133
1261.146
1261.158
1261.171
1261.183
1261.196
1261.208
1261.221
1261.233
1261.246
1261.259
1261.271
1261.284
1261.296
1261.309
1261.321
1261.334
1261.346
1261.359
1261.372
1261.384
1261.397
1261.409
1261.422
1261.434
1261.447
1261.459
1261.472
1261.485
1261.497
1261.510
1261.522
1261.535
1261.547
1261.560
1261.572
1261.585
1261.597
1261.610
1261.623
1261.635
1261.648
1261.660
1261.673
1261.685
1261.698
1261.710
1261.723
1261.735
1261.748
1261.761
1261.773
1261.786
1261.798
1261.811
1261.823
1261.836
1261.848
1261.861
1261.873
1261.886
1261.898
1261.911
1261.924
1261.936
1261.949
1261.961
1261.974
1261.986
1261.999
1262.011
1262.024
1262.036
1262.049
1262.061
1262.074
1262.086
1262.099
1262.111
1262.124
1262.137
1262.149
1262.162
1262.174
1262.187
1262.199
1262.212
1262.224
1262.237
1262.249
1262.262
1262.274
1262.287
1262.299
1262.312
1262.324
1262.337
1262.349
1262.362
1262.375
1262.387
1262.400
1262.412
1262.425
1262.437
1262.450
1262.462
1262.475
1262.487
1262.500
1262.512
1262.525
1262.537
1262.550
1262.562
1262.575
1262.587
1262.600
1262.612
1262.625
1262.637
1262.650
1262.662
1262.675
1262.687
1262.700
1262.712
1262.725
1262.737
1262.750
1262.762
1262.775
1262.787
1262.800
1262.812
1262.825
1262.837
1262.850
1262.862
1262.875
1262.888
1262.900
1262.913
1262.925
1262.938
1262.950
1262.963
1262.975
1262.988
