1113.000
1113.012
1113.024
1113.036
1113.048
1113.060
1113.073
1113.085
1113.097
1113.109
1113.121
1113.133
1113.145
1113.157
1113.169
1113.181
1113.194
1113.206
1113.218
1113.230
1113.242
1113.254
1113.266
1113.278
1113.290
1113.302
1113.314
1113.327
1113.339
1113.351
1113.363
1113.375
1113.387
1113.399
1113.411
1113.423
1113.435
1113.447
1113.459
1113.472
1113.484
1113.496
1113.508
1113.520
1113.532
1113.544
1113.556
1113.568
1113.580
1113.592
1113.604
1113.617
1113.629
1113.641
1113.653
1113.665
1113.677
1113.689
1113.701
1113.713
1113.725
1113.737
1113.749
1113.761
1113.774
1113.786
1113.798
1113.810
1113.822
1113.834
1113.846
1113.858
1113.870
1113.882
1113.894
1113.906
1113.918
1113.930
1113.942
1113.955
1113.967
1113.979
1113.991
1114.003
1114.015
1114.027
1114.039
1114.051
1114.063
1114.075
1114.087
1114.099
1114.111
1114.123
1114.135
1114.148
1114.160
1114.172
1114.184
1114.196
1114.208
1114.220
1114.232
1114.244
1114.256
1114.268
1114.280
1114.292
1114.304
1114.316
1114.328
1114.340
1114.352
1114.365
1114.377
1114.389
1114.401
1114.413
1114.425
1114.437
1114.449
1114.461
1114.473
1114.485
1114.497
1114.509
1114.521
1114.533
1114.545
1114.557
1114.569
1114.581
1114.593
1114.605
1114.617
1114.630
1114.642
1114.654
1114.666
1114.678
1114.690
1114.702
1114.714
1114.726
1114.738
1114.750
1114.762
1114.774
1114.786
1114.798
1114.810
1114.822
1114.834
1114.846
1114.858
1114.870
1114.882
1114.894
1114.906
1114.918
1114.930
1114.942
1114.954
1114.967
1114.979
1114.991
1115.003
1115.015
1115.027
1115.039
1115.051
1115.063
1115.075
1115.087
1115.099
1115.111
1115.123
1115.135
1115.147
1115.159
1115.171
1115.183
1115.195
1115.207
1115.219
1115.231
1115.243
1115.255
1115.267
1115.279
1115.291
1115.303
1115.315
1115.327
1115.339
1115.351
1115.363
1115.375
1115.387
1115.399
1115.411
1115.423
1115.435
1115.447
1115.459
1115.471
1115.483
1115.495
1115.507
1115.519
1115.531
1115.543
1115.555
1115.567
1115.579
1115.591
1115.603
1115.615
1115.627
1115.639
1115.651
1115.663
1115.675
1115.687
1115.699
1115.711
1115.723
1115.735
1115.747
1115.759
1115.771
1115.783
1115.795
1115.807
1115.819
1115.831
1115.843
1115.855
1115.867
1115.879
1115.891
1115.903
1115.915
1115.927
1115.939
1115.951
1115.963
1115.975
1115.987
1115.999
1116.011
1116.023
1116.035
1116.047
1116.059
1116.071
1116.083
1116.095
1116.107
1116.119
1116.131
1116.143
1116.155
1116.167
1116.179
1116.191
1116.203
1116.215
1116.227
1116.239
1116.251
1116.263
1116.275
1116.287
1116.299
1116.311
1116.323
1116.335
1116.347
1116.359
1116.371
1116.383
1116.395
1116.407
1116.419
1116.431
1116.443
1116.455
1116.467
1116.479
1116.491
1116.503
1116.515
1116.527
1116.539
1116.550
1116.562
1116.574
1116.586
1116.598
1116.610
1116.622
1116.634
1116.646
1116.658
1116.670
1116.682
1116.694
1116.706
1116.718
1116.730
1116.742
1116.754
1116.766
1116.778
1116.790
1116.802
1116.814
1116.826
1116.838
1116.850
1116.862
1116.874
1116.886
1116.897
1116.909
1116.921
1116.933
1116.945
1116.957
1116.969
1116.981
1116.993
1117.005
1117.017
1117.029
1117.041
1117.053
1117.065
1117.077
1117.089
1117.101
1117.113
1117.125
1117.137
1117.148
1117.160
1117.172
1117.184
1117.196
1117.208
1117.220
1117.232
1117.244
1117.256
1117.268
1117.280
1117.292
1117.304
1117.316
1117.328
1117.340
1117.352
1117.364
1117.375
1117.387
1117.399
1117.411
1117.423
1117.435
1117.447
1117.459
1117.471
1117.483
1117.495
1117.507
1117.519
1117.531
1117.543
1117.555
1117.566
1117.578
1117.590
1117.602
1117.614
1117.626
1117.638
1117.650
1117.662
1117.674
1117.686
1117.698
1117.710
1117.722
1117.733
1117.745
1117.757
1117.769
1117.781
1117.793
1117.805
1117.817
1117.829
1117.841
1117.853
1117.865
1117.877
1117.889
1117.900
1117.912
1117.924
1117.936
1117.948
1117.960
1117.972
1117.984
1117.996
1118.008
1118.020
1118.032
1118.043
1118.055
1118.067
1118.079
1118.091
1118.103
1118.115
1118.127
1118.139
1118.151
1118.163
1118.175
1118.186
1118.198
1118.210
1118.222
1118.234
1118.246
1118.258
1118.270
1118.282
1118.294
1118.306
1118.317
1118.329
1118.341
1118.353
1118.365
1118.377
1118.389
1118.401
1118.413
1118.425
1118.436
1118.448
1118.460
1118.472
1118.484
1118.496
1118.508
1118.520
1118.532
1118.544
1118.556
1118.567
1118.579
1118.591
1118.603
1118.615
1118.627
1118.639
1118.651
1118.663
1118.674
1118.686
1118.698
1118.710
1118.722
1118.734
1118.746
1118.758
1118.770
1118.781
1118.793
1118.805
1118.817
1118.829
1118.841
1118.853
1118.865
1118.877
1118.888
1118.900
1118.912
1118.924
1118.936
1118.948
1118.960
1118.972
1118.984
1118.995
1119.007
1119.019
1119.031
1119.043
1119.055
1119.067
1119.079
1119.090
1119.102
1119.114
1119.126
1119.138
1119.150
1119.162
1119.174
1119.185
1119.197
1119.209
1119.221
1119.233
1119.245
1119.257
1119.269
1119.280
1119.292
1119.304
1119.316
1119.328
1119.340
1119.352
1119.364
1119.375
1119.387
1119.399
1119.411
1119.423
1119.435
1119.447
1119.459
1119.470
1119.482
1119.494
1119.506
1119.518
1119.530
1119.542
1119.553
1119.565
1119.577
1119.589
1119.601
1119.613
1119.625
1119.636
1119.648
1119.660
1119.672
1119.684
1119.696
1119.708
1119.719
1119.731
1119.743
1119.755
1119.767
1119.779
1119.791
1119.802
1119.814
1119.826
1119.838
1119.850
1119.862
1119.874
1119.885
1119.897
1119.909
1119.921
1119.933
1119.945
1119.956
1119.968
1119.980
1119.992
1120.004
1120.016
1120.028
1120.039
1120.051
1120.063
1120.075
1120.087
1120.099
1120.110
1120.122
1120.134
1120.146
1120.158
1120.170
1120.182
1120.193
1120.205
1120.217
1120.229
1120.241
1120.253
1120.264
1120.276
1120.288
1120.300
1120.312
1120.324
1120.335
1120.347
1120.359
1120.371
1120.383
1120.395
1120.406
1120.418
1120.430
1120.442
1120.454
1120.466
1120.477
1120.489
1120.501
1120.513
1120.525
1120.536
1120.548
1120.560
1120.572
1120.584
1120.596
1120.607
1120.619
1120.631
1120.643
1120.655
1120.667
1120.678
1120.690
1120.702
1120.714
1120.726
1120.737
1120.749
1120.761
1120.773
1120.785
1120.797
1120.808
1120.820
1120.832
1120.844
1120.856
1120.867
1120.879
1120.891
1120.903
1120.915
1120.927
1120.938
1120.950
1120.962
1120.974
1120.986
1120.997
1121.009
1121.021
1121.033
1121.045
1121.056
1121.068
1121.080
1121.092
1121.104
1121.115
1121.127
1121.139
1121.151
1121.163
1121.174
1121.186
1121.198
1121.210
1121.222
1121.233
1121.245
1121.257
1121.269
1121.281
1121.292
1121.304
1121.316
1121.328
1121.340
1121.351
1121.363
1121.375
1121.387
1121.399
1121.410
1121.422
1121.434
1121.446
1121.458
1121.469
1121.481
1121.493
1121.505
1121.517
1121.528
1121.540
1121.552
1121.564
1121.576
1121.587
1121.599
1121.611
1121.623
1121.634
1121.646
1121.658
1121.670
1121.682
1121.693
1121.705
1121.717
1121.729
1121.741
1121.752
1121.764
1121.776
1121.788
1121.799
1121.811
1121.823
1121.835
1121.847
1121.858
1121.870
1121.882
1121.894
1121.905
1121.917
1121.929
1121.941
1121.953
1121.964
1121.976
1121.988
1122.000
1122.011
1122.023
1122.035
1122.047
1122.058
1122.070
1122.082
1122.094
1122.106
1122.117
1122.129
1122.141
1122.153
1122.164
1122.176
1122.188
1122.200
1122.211
1122.223
1122.235
1122.247
1122.259
1122.270
1122.282
1122.294
1122.306
1122.317
1122.329
1122.341
1122.353
1122.364
1122.376
1122.388
1122.400
1122.411
1122.423
1122.435
1122.447
1122.458
1122.470
1122.482
1122.494
1122.505
1122.517
1122.529
1122.541
1122.552
1122.564
1122.576
1122.588
1122.599
1122.611
1122.623
1122.635
1122.646
1122.658
1122.670
1122.682
1122.693
1122.705
1122.717
1122.729
1122.740
1122.752
1122.764
1122.776
1122.787
1122.799
1122.811
1122.823
1122.834
1122.846
1122.858
1122.870
1122.881
1122.893
1122.905
1122.917
1122.928
1122.940
1122.952
1122.964
1122.975
1122.987
1122.999
1123.011
1123.022
1123.034
1123.046
1123.057
1123.069
1123.081
1123.093
1123.104
1123.116
1123.128
1123.140
1123.151
1123.163
1123.175
1123.187
1123.198
1123.210
1123.222
1123.233
1123.245
1123.257
1123.269
1123.280
1123.292
1123.304
1123.316
1123.327
1123.339
1123.351
1123.362
1123.374
1123.386
1123.398
1123.409
1123.421
1123.433
1123.444
1123.456
1123.468
1123.480
1123.491
1123.503
1123.515
1123.526
1123.538
1123.550
1123.562
1123.573
1123.585
1123.597
1123.609
1123.620
1123.632
1123.644
1123.655
1123.667
1123.679
1123.690
1123.702
1123.714
1123.726
1123.737
1123.749
1123.761
1123.772
1123.784
1123.796
1123.808
1123.819
1123.831
1123.843
1123.854
1123.866
1123.878
1123.890
1123.901
1123.913
1123.925
1123.936
1123.948
1123.960
1123.971
1123.983
1123.995
1124.007
1124.018
1124.030
1124.042
1124.053
1124.065
1124.077
1124.088
1124.100
1124.112
1124.124
1124.135
1124.147
1124.159
1124.170
1124.182
1124.194
1124.205
1124.217
1124.229
1124.240
1124.252
1124.264
1124.276
1124.287
1124.299
1124.311
1124.322
1124.334
1124.346
1124.357
1124.369
1124.381
1124.392
1124.404
1124.416
1124.427
1124.439
1124.451
1124.463
1124.474
1124.486
1124.498
1124.509
1124.521
1124.533
1124.544
1124.556
1124.568
1124.579
1124.591
1124.603
1124.614
1124.626
1124.638
1124.649
1124.661
1124.673
1124.684
1124.696
1124.708
1124.719
1124.731
1124.743
1124.754
1124.766
1124.778
1124.789
1124.801
1124.813
1124.825
1124.836
1124.848
1124.860
1124.871
1124.883
1124.895
1124.906
1124.918
1124.930
1124.941
1124.953
1124.965
1124.976
1124.988
1125.000
1125.011
1125.023
1125.035
1125.046
1125.058
1125.069
1125.081
1125.093
1125.104
1125.116
1125.128
1125.139
1125.151
1125.163
1125.174
1125.186
1125.198
1125.209
1125.221
1125.233
1125.244
1125.256
1125.268
1125.279
1125.291
1125.303
1125.314
1125.326
1125.338
1125.349
1125.361
1125.373
1125.384
1125.396
1125.407
1125.419
1125.431
1125.442
1125.454
1125.466
1125.477
1125.489
1125.501
1125.512
1125.524
1125.536
1125.547
1125.559
1125.571
1125.582
1125.594
1125.605
1125.617
1125.629
1125.640
1125.652
1125.664
1125.675
1125.687
1125.699
1125.710
1125.722
1125.733
1125.745
1125.757
1125.768
1125.780
1125.792
1125.803
1125.815
1125.827
1125.838
1125.850
1125.861
1125.873
1125.885
1125.896
1125.908
1125.920
1125.931
1125.943
1125.955
1125.966
1125.978
1125.989
1126.001
1126.013
1126.024
1126.036
1126.048
1126.059
1126.071
1126.082
1126.094
1126.106
1126.117
1126.129
1126.141
1126.152
1126.164
1126.175
1126.187
1126.199
1126.210
1126.222
1126.234
1126.245
1126.257
1126.268
1126.280
1126.292
1126.303
1126.315
1126.326
1126.338
1126.350
1126.361
1126.373
1126.385
1126.396
1126.408
1126.419
1126.431
1126.443
1126.454
1126.466
1126.477
1126.489
1126.501
1126.512
1126.524
1126.535
1126.547
1126.559
1126.570
1126.582
1126.593
1126.605
1126.617
1126.628
1126.640
1126.652
1126.663
1126.675
1126.686
1126.698
1126.710
1126.721
1126.733
1126.744
1126.756
1126.768
1126.779
1126.791
1126.802
1126.814
1126.826
1126.837
1126.849
1126.860
1126.872
1126.884
1126.895
1126.907
1126.918
1126.930
1126.941
1126.953
1126.965
1126.976
1126.988
1126.999
1127.011
1127.023
1127.034
1127.046
1127.057
1127.069
1127.081
1127.092
1127.104
1127.115
1127.127
1127.139
1127.150
1127.162
1127.173
1127.185
1127.196
1127.208
1127.220
1127.231
1127.243
1127.254
1127.266
1127.278
1127.289
1127.301
1127.312
1127.324
1127.335
1127.347
1127.359
1127.370
1127.382
1127.393
1127.405
1127.416
1127.428
1127.440
1127.451
1127.463
1127.474
1127.486
1127.497
1127.509
1127.521
1127.532
1127.544
1127.555
1127.567
1127.578
1127.590
1127.602
1127.613
1127.625
1127.636
1127.648
1127.659
1127.671
1127.683
1127.694
1127.706
1127.717
1127.729
1127.740
1127.752
1127.764
1127.775
1127.787
1127.798
1127.810
1127.821
1127.833
1127.844
1127.856
1127.868
1127.879
1127.891
1127.902
1127.914
1127.925
1127.937
1127.948
1127.960
1127.972
1127.983
1127.995
1128.006
1128.018
1128.029
1128.041
1128.052
1128.064
1128.076
1128.087
1128.099
1128.110
1128.122
1128.133
1128.145
1128.156
1128.168
1128.180
1128.191
1128.203
1128.214
1128.226
1128.237
1128.249
1128.260
1128.272
1128.283
1128.295
1128.307
1128.318
1128.330
1128.341
1128.353
1128.364
1128.376
1128.387
1128.399
1128.410
1128.422
1128.434
1128.445
1128.457
1128.468
1128.480
1128.491
1128.503
1128.514
1128.526
1128.537
1128.549
1128.560
1128.572
1128.583
1128.595
1128.607
1128.618
1128.630
1128.641
1128.653
1128.664
1128.676
1128.687
1128.699
1128.710
1128.722
1128.733
1128.745
1128.756
1128.768
1128.779
1128.791
1128.803
1128.814
1128.826
1128.837
1128.849
1128.860
1128.872
1128.883
1128.895
1128.906
1128.918
1128.929
1128.941
1128.952
1128.964
1128.975
1128.987
1128.998
1129.010
1129.021
1129.033
1129.044
1129.056
1129.068
1129.079
1129.091
1129.102
1129.114
1129.125
1129.137
1129.148
1129.160
1129.171
1129.183
1129.194
1129.206
1129.217
1129.229
1129.240
1129.252
1129.263
1129.275
1129.286
1129.298
1129.309
1129.321
1129.332
1129.344
1129.355
1129.367
1129.378
1129.390
1129.401
1129.413
1129.424
1129.436
1129.447
1129.459
1129.470
1129.482
1129.493
1129.505
1129.516
1129.528
1129.539
1129.551
1129.562
1129.574
1129.585
1129.597
1129.608
1129.620
1129.631
1129.643
1129.654
1129.666
1129.677
1129.689
1129.700
1129.712
1129.723
1129.735
1129.746
1129.758
1129.769
1129.781
1129.792
1129.804
1129.815
1129.827
1129.838
1129.850
1129.861
1129.873
1129.884
1129.896
1129.907
1129.919
1129.930
1129.942
1129.953
1129.964
1129.976
1129.987
1129.999
1130.010
1130.022
1130.033
1130.045
1130.056
1130.068
1130.079
1130.091
1130.102
1130.114
1130.125
1130.137
1130.148
1130.160
1130.171
1130.183
1130.194
1130.206
1130.217
1130.228
1130.240
1130.251
1130.263
1130.274
1130.286
1130.297
1130.309
1130.320
1130.332
1130.343
1130.355
1130.366
1130.378
1130.389
1130.401
1130.412
1130.423
1130.435
1130.446
1130.458
1130.469
1130.481
1130.492
1130.504
1130.515
1130.527
1130.538
1130.550
1130.561
1130.573
1130.584
1130.595
1130.607
1130.618
1130.630
1130.641
1130.653
1130.664
1130.676
1130.687
1130.699
1130.710
1130.721
1130.733
1130.744
1130.756
1130.767
1130.779
1130.790
1130.802
1130.813
1130.825
1130.836
1130.847
1130.859
1130.870
1130.882
1130.893
1130.905
1130.916
1130.928
1130.939
1130.951
1130.962
1130.973
1130.985
1130.996
1131.008
1131.019
1131.031
1131.042
1131.054
1131.065
1131.076
1131.088
1131.099
1131.111
1131.122
1131.134
1131.145
1131.156
1131.168
1131.179
1131.191
1131.202
1131.214
1131.225
1131.237
1131.248
1131.259
1131.271
1131.282
1131.294
1131.305
1131.317
1131.328
1131.339
1131.351
1131.362
1131.374
1131.385
1131.397
1131.408
1131.420
1131.431
1131.442
1131.454
1131.465
1131.477
1131.488
1131.500
1131.511
1131.522
1131.534
1131.545
1131.557
1131.568
1131.579
1131.591
1131.602
1131.614
1131.625
1131.637
1131.648
1131.659
1131.671
1131.682
1131.694
1131.705
1131.717
1131.728
1131.739
1131.751
1131.762
1131.774
1131.785
1131.796
1131.808
1131.819
1131.831
1131.842
1131.854
1131.865
1131.876
1131.888
1131.899
1131.911
1131.922
1131.933
1131.945
1131.956
1131.968
1131.979
1131.991
1132.002
1132.013
1132.025
1132.036
1132.048
1132.059
1132.070
1132.082
1132.093
1132.105
1132.116
1132.127
1132.139
1132.150
1132.162
1132.173
1132.184
1132.196
1132.207
1132.219
1132.230
1132.241
1132.253
1132.264
1132.276
1132.287
1132.298
1132.310
1132.321
1132.333
1132.344
1132.355
1132.367
1132.378
1132.390
1132.401
1132.412
1132.424
1132.435
1132.447
1132.458
1132.469
1132.481
1132.492
1132.504
1132.515
1132.526
1132.538
1132.549
1132.560
1132.572
1132.583
1132.595
1132.606
1132.617
1132.629
1132.640
1132.652
1132.663
1132.674
1132.686
1132.697
1132.708
1132.720
1132.731
1132.743
1132.754
1132.765
1132.777
1132.788
1132.800
1132.811
1132.822
1132.834
1132.845
1132.856
1132.868
1132.879
1132.891
1132.902
1132.913
1132.925
1132.936
1132.947
1132.959
1132.970
1132.982
1132.993
1133.004
1133.016
1133.027
1133.038
1133.050
1133.061
1133.073
1133.084
1133.095
1133.107
1133.118
1133.129
1133.141
1133.152
1133.164
1133.175
1133.186
1133.198
1133.209
1133.220
1133.232
1133.243
1133.254
1133.266
1133.277
1133.289
1133.300
1133.311
1133.323
1133.334
1133.345
1133.357
1133.368
1133.379
1133.391
1133.402
1133.413
1133.425
1133.436
1133.448
1133.459
1133.470
1133.482
1133.493
1133.504
1133.516
1133.527
1133.538
1133.550
1133.561
1133.572
1133.584
1133.595
1133.606
1133.618
1133.629
1133.641
1133.652
1133.663
1133.675
1133.686
1133.697
1133.709
1133.720
1133.731
1133.743
1133.754
1133.765
1133.777
1133.788
1133.799
1133.811
1133.822
1133.833
1133.845
1133.856
1133.867
1133.879
1133.890
1133.901
1133.913
1133.924
1133.936
1133.947
1133.958
1133.970
1133.981
1133.992
1134.004
1134.015
1134.026
1134.038
1134.049
1134.060
1134.072
1134.083
1134.094
1134.106
1134.117
1134.128
1134.140
1134.151
1134.162
1134.174
1134.185
1134.196
1134.208
1134.219
1134.230
1134.242
1134.253
1134.264
1134.275
1134.287
1134.298
1134.309
1134.321
1134.332
1134.343
1134.355
1134.366
1134.377
1134.389
1134.400
1134.411
1134.423
1134.434
1134.445
1134.457
1134.468
1134.479
1134.491
1134.502
1134.513
1134.525
1134.536
1134.547
1134.559
1134.570
1134.581
1134.592
1134.604
1134.615
1134.626
1134.638
1134.649
1134.660
1134.672
1134.683
1134.694
1134.706
1134.717
1134.728
1134.740
1134.751
1134.762
1134.773
1134.785
1134.796
1134.807
1134.819
1134.830
1134.841
1134.853
1134.864
1134.875
1134.887
1134.898
1134.909
1134.920
1134.932
1134.943
1134.954
1134.966
1134.977
1134.988
1135.000
