1677.000
1677.019
1677.037
1677.055
1677.074
1677.092
1677.111
1677.129
1677.148
1677.166
1677.185
1677.203
1677.222
1677.240
1677.259
1677.277
1677.296
1677.314
1677.333
1677.351
1677.370
1677.388
1677.407
1677.425
1677.444
1677.462
1677.481
1677.499
1677.518
1677.536
1677.555
1677.573
1677.592
1677.610
1677.629
1677.647
1677.666
1677.684
1677.703
1677.721
1677.740
1677.758
1677.776
1677.795
1677.813
1677.832
1677.850
1677.869
1677.887
1677.906
1677.924
1677.943
1677.961
1677.980
1677.998
1678.017
1678.035
1678.054
1678.072
1678.090
1678.109
1678.127
1678.146
1678.164
1678.183
1678.201
1678.220
1678.238
1678.257
1678.275
1678.294
1678.312
1678.330
1678.349
1678.367
1678.386
1678.404
1678.423
1678.441
1678.460
1678.478
1678.497
1678.515
1678.533
1678.552
1678.570
1678.589
1678.607
1678.626
1678.644
1678.663
1678.681
1678.699
1678.718
1678.736
1678.755
1678.773
1678.792
1678.810
1678.829
1678.847
1678.865
1678.884
1678.902
1678.921
1678.939
1678.958
1678.976
1678.995
1679.013
1679.031
1679.050
1679.068
1679.087
1679.105
1679.124
1679.142
1679.160
1679.179
1679.197
1679.216
1679.234
1679.253
1679.271
1679.289
1679.308
1679.326
1679.345
1679.363
1679.382
1679.400
1679.418
1679.437
1679.455
1679.474
1679.492
1679.510
1679.529
1679.547
1679.566
1679.584
1679.603
1679.621
1679.639
1679.658
1679.676
1679.695
1679.713
1679.731
1679.750
1679.768
1679.787
1679.805
1679.823
1679.842
1679.860
1679.879
1679.897
1679.916
1679.934
1679.952
1679.971
1679.989
1680.008
1680.026
1680.044
1680.063
1680.081
1680.100
1680.118
1680.136
1680.155
1680.173
1680.192
1680.210
1680.228
1680.247
1680.265
1680.283
1680.302
1680.320
1680.339
1680.357
1680.375
1680.394
1680.412
1680.431
1680.449
1680.467
1680.486
1680.504
1680.523
1680.541
1680.559
1680.578
1680.596
1680.614
1680.633
1680.651
1680.670
1680.688
1680.706
1680.725
1680.743
1680.762
1680.780
1680.798
1680.817
1680.835
1680.853
1680.872
1680.890
1680.909
1680.927
1680.945
1680.964
1680.982
1681.000
1681.019
1681.037
1681.055
1681.074
1681.092
1681.111
1681.129
1681.147
1681.166
1681.184
1681.202
1681.221
1681.239
1681.257
1681.276
1681.294
1681.313
1681.331
1681.349
1681.368
1681.386
1681.404
1681.423
1681.441
1681.459
1681.478
1681.496
1681.514
1681.533
1681.551
1681.570
1681.588
1681.606
1681.625
1681.643
1681.661
1681.680
1681.698
1681.716
1681.735
1681.753
1681.771
1681.790
1681.808
1681.826
1681.845
1681.863
1681.881
1681.900
1681.918
1681.936
1681.955
1681.973
1681.991
1682.010
1682.028
1682.046
1682.065
1682.083
1682.101
1682.120
1682.138
1682.156
1682.175
1682.193
1682.211
1682.230
1682.248
1682.266
1682.285
1682.303
1682.321
1682.340
1682.358
1682.376
1682.395
1682.413
1682.431
1682.450
1682.468
1682.486
1682.505
1682.523
1682.541
1682.560
1682.578
1682.596
1682.615
1682.633
1682.651
1682.670
1682.688
1682.706
1682.724
1682.743
1682.761
1682.779
1682.798
1682.816
1682.834
1682.853
1682.871
1682.889
1682.908
1682.926
1682.944
1682.962
1682.981
1682.999
1683.017
1683.036
1683.054
1683.072
1683.091
1683.109
1683.127
1683.145
1683.164
1683.182
1683.200
1683.219
1683.237
1683.255
1683.274
1683.292
1683.310
1683.328
1683.347
1683.365
1683.383
1683.402
1683.420
1683.438
1683.456
1683.475
1683.493
1683.511
1683.530
1683.548
1683.566
1683.585
1683.603
1683.621
1683.639
1683.658
1683.676
1683.694
1683.712
1683.731
1683.749
1683.767
1683.786
1683.804
1683.822
1683.840
1683.859
1683.877
1683.895
1683.914
1683.932
1683.950
1683.968
1683.987
1684.005
1684.023
1684.041
1684.060
1684.078
1684.096
1684.115
1684.133
1684.151
1684.169
1684.188
1684.206
1684.224
1684.242
1684.261
1684.279
1684.297
1684.315
1684.334
1684.352
1684.370
1684.388
1684.407
1684.425
1684.443
1684.461
1684.480
1684.498
1684.516
1684.535
1684.553
1684.571
1684.589
1684.608
1684.626
1684.644
1684.662
1684.681
1684.699
1684.717
1684.735
1684.754
1684.772
1684.790
1684.808
1684.827
1684.845
1684.863
1684.881
1684.899
1684.918
1684.936
1684.954
1684.972
1684.991
1685.009
1685.027
1685.045
1685.064
1685.082
1685.100
1685.118
1685.137
1685.155
1685.173
1685.191
1685.210
1685.228
1685.246
1685.264
1685.282
1685.301
1685.319
1685.337
1685.355
1685.374
1685.392
1685.410
1685.428
1685.446
1685.465
1685.483
1685.501
1685.519
1685.538
1685.556
1685.574
1685.592
1685.610
1685.629
1685.647
1685.665
1685.683
1685.702
1685.720
1685.738
1685.756
1685.774
1685.793
1685.811
1685.829
1685.847
1685.865
1685.884
1685.902
1685.920
1685.938
1685.957
1685.975
1685.993
1686.011
1686.029
1686.048
1686.066
1686.084
1686.102
1686.120
1686.139
1686.157
1686.175
1686.193
1686.211
1686.230
1686.248
1686.266
1686.284
1686.302
1686.321
1686.339
1686.357
1686.375
1686.393
1686.412
1686.430
1686.448
1686.466
1686.484
1686.502
1686.521
1686.539
1686.557
1686.575
1686.593
1686.612
1686.630
1686.648
1686.666
1686.684
1686.703
1686.721
1686.739
1686.757
1686.775
1686.793
1686.812
1686.830
1686.848
1686.866
1686.884
1686.902
1686.921
1686.939
1686.957
1686.975
1686.993
1687.012
1687.030
1687.048
1687.066
1687.084
1687.102
1687.121
1687.139
1687.157
1687.175
1687.193
1687.211
1687.230
1687.248
1687.266
1687.284
1687.302
1687.320
1687.339
1687.357
1687.375
1687.393
1687.411
1687.429
1687.448
1687.466
1687.484
1687.502
1687.520
1687.538
1687.556
1687.575
1687.593
1687.611
1687.629
1687.647
1687.665
1687.684
1687.702
1687.720
1687.738
1687.756
1687.774
1687.792
1687.811
1687.829
1687.847
1687.865
1687.883
1687.901
1687.919
1687.938
1687.956
1687.974
1687.992
1688.010
1688.028
1688.046
1688.065
1688.083
1688.101
1688.119
1688.137
1688.155
1688.173
1688.192
1688.210
1688.228
1688.246
1688.264
1688.282
1688.300
1688.318
1688.337
1688.355
1688.373
1688.391
1688.409
1688.427
1688.445
1688.463
1688.482
1688.500
1688.518
1688.536
1688.554
1688.572
1688.590
1688.608
1688.627
1688.645
1688.663
1688.681
1688.699
1688.717
1688.735
1688.753
1688.772
1688.790
1688.808
1688.826
1688.844
1688.862
1688.880
1688.898
1688.916
1688.935
1688.953
1688.971
1688.989
1689.007
1689.025
1689.043
1689.061
1689.079
1689.098
1689.116
1689.134
1689.152
1689.170
1689.188
1689.206
1689.224
1689.242
1689.260
1689.279
1689.297
1689.315
1689.333
1689.351
1689.369
1689.387
1689.405
1689.423
1689.441
1689.459
1689.478
1689.496
1689.514
1689.532
1689.550
1689.568
1689.586
1689.604
1689.622
1689.640
1689.658
1689.677
1689.695
1689.713
1689.731
1689.749
1689.767
1689.785
1689.803
1689.821
1689.839
1689.857
1689.875
1689.894
1689.912
1689.930
1689.948
1689.966
1689.984
1690.002
1690.020
1690.038
1690.056
1690.074
1690.092
1690.110
1690.129
1690.147
1690.165
1690.183
1690.201
1690.219
1690.237
1690.255
1690.273
1690.291
1690.309
1690.327
1690.345
1690.363
1690.381
1690.400
1690.418
1690.436
1690.454
1690.472
1690.490
1690.508
1690.526
1690.544
1690.562
1690.580
1690.598
1690.616
1690.634
1690.652
1690.670
1690.688
1690.707
1690.725
1690.743
1690.761
1690.779
1690.797
1690.815
1690.833
1690.851
1690.869
1690.887
1690.905
1690.923
1690.941
1690.959
1690.977
1690.995
1691.013
1691.031
1691.049
1691.067
1691.085
1691.104
1691.122
1691.140
1691.158
1691.176
1691.194
1691.212
1691.230
1691.248
1691.266
1691.284
1691.302
1691.320
1691.338
1691.356
1691.374
1691.392
1691.410
1691.428
1691.446
1691.464
1691.482
1691.500
1691.518
1691.536
1691.554
1691.572
1691.590
1691.608
1691.626
1691.644
1691.662
1691.680
1691.698
1691.716
1691.735
1691.753
1691.771
1691.789
1691.807
1691.825
1691.843
1691.861
1691.879
1691.897
1691.915
1691.933
1691.951
1691.969
1691.987
1692.005
1692.023
1692.041
1692.059
1692.077
1692.095
1692.113
1692.131
1692.149
1692.167
1692.185
1692.203
1692.221
1692.239
1692.257
1692.275
1692.293
1692.311
1692.329
1692.347
1692.365
1692.383
1692.401
1692.419
1692.437
1692.455
1692.473
1692.491
1692.509
1692.527
1692.545
1692.563
1692.581
1692.599
1692.617
1692.635
1692.653
1692.671
1692.689
1692.707
1692.725
1692.743
1692.761
1692.779
1692.797
1692.815
1692.833
1692.851
1692.869
1692.887
1692.904
1692.922
1692.940
1692.958
1692.976
1692.994
1693.012
1693.030
1693.048
1693.066
1693.084
1693.102
1693.120
1693.138
1693.156
1693.174
1693.192
1693.210
1693.228
1693.246
1693.264
1693.282
1693.300
1693.318
1693.336
1693.354
1693.372
1693.390
1693.408
1693.426
1693.444
1693.462
1693.480
1693.498
1693.515
1693.533
1693.551
1693.569
1693.587
1693.605
1693.623
1693.641
1693.659
1693.677
1693.695
1693.713
1693.731
1693.749
1693.767
1693.785
1693.803
1693.821
1693.839
1693.857
1693.875
1693.893
1693.910
1693.928
1693.946
1693.964
1693.982
1694.000
1694.018
1694.036
1694.054
1694.072
1694.090
1694.108
1694.126
1694.144
1694.162
1694.180
1694.198
1694.215
1694.233
1694.251
1694.269
1694.287
1694.305
1694.323
1694.341
1694.359
1694.377
1694.395
1694.413
1694.431
1694.449
1694.467
1694.484
1694.502
1694.520
1694.538
1694.556
1694.574
1694.592
1694.610
1694.628
1694.646
1694.664
1694.682
1694.700
1694.718
1694.735
1694.753
1694.771
1694.789
1694.807
1694.825
1694.843
1694.861
1694.879
1694.897
1694.915
1694.933
1694.950
1694.968
1694.986
1695.004
1695.022
1695.040
1695.058
1695.076
1695.094
1695.112
1695.130
1695.147
1695.165
1695.183
1695.201
1695.219
1695.237
1695.255
1695.273
1695.291
1695.309
1695.326
1695.344
1695.362
1695.380
1695.398
1695.416
1695.434
1695.452
1695.470
1695.488
1695.505
1695.523
1695.541
1695.559
1695.577
1695.595
1695.613
1695.631
1695.649
1695.666
1695.684
1695.702
1695.720
1695.738
1695.756
1695.774
1695.792
1695.810
1695.827
1695.845
1695.863
1695.881
1695.899
1695.917
1695.935
1695.953
1695.971
1695.988
1696.006
1696.024
1696.042
1696.060
1696.078
1696.096
1696.114
1696.131
1696.149
1696.167
1696.185
1696.203
1696.221
1696.239
1696.257
1696.274
1696.292
1696.310
1696.328
1696.346
1696.364
1696.382
1696.399
1696.417
1696.435
1696.453
1696.471
1696.489
1696.507
1696.525
1696.542
1696.560
1696.578
1696.596
1696.614
1696.632
1696.650
1696.667
1696.685
1696.703
1696.721
1696.739
1696.757
1696.775
1696.792
1696.810
1696.828
1696.846
1696.864
1696.882
1696.900
1696.917
1696.935
1696.953
1696.971
1696.989
1697.007
1697.024
1697.042
1697.060
1697.078
1697.096
1697.114
1697.132
1697.149
1697.167
1697.185
1697.203
1697.221
1697.239
1697.256
1697.274
1697.292
1697.310
1697.328
1697.346
1697.363
1697.381
1697.399
1697.417
1697.435
1697.453
1697.470
1697.488
1697.506
1697.524
1697.542
1697.560
1697.577
1697.595
1697.613
1697.631
1697.649
1697.667
1697.684
1697.702
1697.720
1697.738
1697.756
1697.773
1697.791
1697.809
1697.827
1697.845
1697.863
1697.880
1697.898
1697.916
1697.934
1697.952
1697.969
1697.987
1698.005
1698.023
1698.041
1698.059
1698.076
1698.094
1698.112
1698.130
1698.148
1698.165
1698.183
1698.201
1698.219
1698.237
1698.254
1698.272
1698.290
1698.308
1698.326
1698.343
1698.361
1698.379
1698.397
1698.415
1698.432
1698.450
1698.468
1698.486
1698.504
1698.521
1698.539
1698.557
1698.575
1698.593
1698.610
1698.628
1698.646
1698.664
1698.682
1698.699
1698.717
1698.735
1698.753
1698.771
1698.788
1698.806
1698.824
1698.842
1698.859
1698.877
1698.895
1698.913
1698.931
1698.948
1698.966
1698.984
1699.002
1699.020
1699.037
1699.055
1699.073
1699.091
1699.108
1699.126
1699.144
1699.162
1699.180
1699.197
1699.215
1699.233
1699.251
1699.268
1699.286
1699.304
1699.322
1699.339
1699.357
1699.375
1699.393
1699.411
1699.428
1699.446
1699.464
1699.482
1699.499
1699.517
1699.535
1699.553
1699.570
1699.588
1699.606
1699.624
1699.641
1699.659
1699.677
1699.695
1699.713
1699.730
1699.748
1699.766
1699.784
1699.801
1699.819
1699.837
1699.855
1699.872
1699.890
1699.908
1699.926
1699.943
1699.961
1699.979
1699.997
1700.014
1700.032
1700.050
1700.068
1700.085
1700.103
1700.121
1700.139
1700.156
1700.174
1700.192
1700.209
1700.227
1700.245
1700.263
1700.280
1700.298
1700.316
1700.334
1700.351
1700.369
1700.387
1700.405
1700.422
1700.440
1700.458
1700.476
1700.493
1700.511
1700.529
1700.546
1700.564
1700.582
1700.600
1700.617
1700.635
1700.653
1700.671
1700.688
1700.706
1700.724
1700.741
1700.759
1700.777
1700.795
1700.812
1700.830
1700.848
1700.866
1700.883
1700.901
1700.919
1700.936
1700.954
1700.972
1700.990
1701.007
1701.025
1701.043
1701.060
1701.078
1701.096
1701.114
1701.131
1701.149
1701.167
1701.184
1701.202
1701.220
1701.238
1701.255
1701.273
1701.291
1701.308
1701.326
1701.344
1701.361
1701.379
1701.397
1701.415
1701.432
1701.450
1701.468
1701.485
1701.503
1701.521
1701.538
1701.556
1701.574
1701.592
1701.609
1701.627
1701.645
1701.662
1701.680
1701.698
1701.715
1701.733
1701.751
1701.769
1701.786
1701.804
1701.822
1701.839
1701.857
1701.875
1701.892
1701.910
1701.928
1701.945
1701.963
1701.981
1701.998
1702.016
1702.034
1702.051
1702.069
1702.087
1702.105
1702.122
1702.140
1702.158
1702.175
1702.193
1702.211
1702.228
1702.246
1702.264
1702.281
1702.299
1702.317
1702.334
1702.352
1702.370
1702.387
1702.405
1702.423
1702.440
1702.458
1702.476
1702.493
1702.511
1702.529
1702.546
1702.564
1702.582
1702.599
1702.617
1702.635
1702.652
1702.670
1702.688
1702.705
1702.723
1702.741
1702.758
1702.776
1702.794
1702.811
1702.829
1702.847
1702.864
1702.882
1702.900
1702.917
1702.935
1702.952
1702.970
1702.988
1703.005
1703.023
1703.041
1703.058
1703.076
1703.094
1703.111
1703.129
1703.147
1703.164
1703.182
1703.200
1703.217
1703.235
1703.252
1703.270
1703.288
1703.305
1703.323
1703.341
1703.358
1703.376
1703.394
1703.411
1703.429
1703.446
1703.464
1703.482
1703.499
1703.517
1703.535
1703.552
1703.570
1703.588
1703.605
1703.623
1703.640
1703.658
1703.676
1703.693
1703.711
1703.729
1703.746
1703.764
1703.781
1703.799
1703.817
1703.834
1703.852
1703.870
1703.887
1703.905
1703.922
1703.940
1703.958
1703.975
1703.993
1704.011
1704.028
1704.046
1704.063
1704.081
1704.099
1704.116
1704.134
1704.151
1704.169
1704.187
1704.204
1704.222
1704.240
1704.257
1704.275
1704.292
1704.310
1704.328
1704.345
1704.363
1704.380
1704.398
1704.416
1704.433
1704.451
1704.468
1704.486
1704.504
1704.521
1704.539
1704.556
1704.574
1704.592
1704.609
1704.627
1704.644
1704.662
1704.680
1704.697
1704.715
1704.732
1704.750
1704.768
1704.785
1704.803
1704.820
1704.838
1704.856
1704.873
1704.891
1704.908
1704.926
1704.943
1704.961
1704.979
1704.996
1705.014
1705.031
1705.049
1705.067
1705.084
1705.102
1705.119
1705.137
1705.154
1705.172
1705.190
1705.207
1705.225
1705.242
1705.260
1705.277
1705.295
1705.313
1705.330
1705.348
1705.365
1705.383
1705.401
1705.418
1705.436
1705.453
1705.471
1705.488
1705.506
1705.524
1705.541
1705.559
1705.576
1705.594
1705.611
1705.629
1705.646
1705.664
1705.682
1705.699
1705.717
1705.734
1705.752
1705.769
1705.787
1705.805
1705.822
1705.840
1705.857
1705.875
1705.892
1705.910
1705.927
1705.945
1705.963
1705.980
1705.998
1706.015
1706.033
1706.050
1706.068
1706.085
1706.103
1706.120
1706.138
1706.156
1706.173
1706.191
1706.208
1706.226
1706.243
1706.261
1706.278
1706.296
1706.313
1706.331
1706.349
1706.366
1706.384
1706.401
1706.419
1706.436
1706.454
1706.471
1706.489
1706.506
1706.524
1706.541
1706.559
1706.577
1706.594
1706.612
1706.629
1706.647
1706.664
1706.682
1706.699
1706.717
1706.734
1706.752
1706.769
1706.787
1706.804
1706.822
1706.839
1706.857
1706.875
1706.892
1706.910
1706.927
1706.945
1706.962
1706.980
1706.997
1707.015
1707.032
1707.050
1707.067
1707.085
1707.102
1707.120
1707.137
1707.155
1707.172
1707.190
1707.207
1707.225
1707.242
1707.260
1707.277
1707.295
1707.312
1707.330
1707.347
1707.365
1707.382
1707.400
1707.417
1707.435
1707.452
1707.470
1707.487
1707.505
1707.523
1707.540
1707.558
1707.575
1707.593
1707.610
1707.628
1707.645
1707.663
1707.680
1707.697
1707.715
1707.732
1707.750
1707.767
1707.785
1707.802
1707.820
1707.837
1707.855
1707.872
1707.890
1707.907
1707.925
1707.942
1707.960
1707.977
1707.995
1708.012
1708.030
1708.047
1708.065
1708.082
1708.100
1708.117
1708.135
1708.152
1708.170
1708.187
1708.205
1708.222
1708.240
1708.257
1708.275
1708.292
1708.310
1708.327
1708.344
1708.362
1708.379
1708.397
1708.414
1708.432
1708.449
1708.467
1708.484
1708.502
1708.519
1708.537
1708.554
1708.572
1708.589
1708.607
1708.624
1708.641
1708.659
1708.676
1708.694
1708.711
1708.729
1708.746
1708.764
1708.781
1708.799
1708.816
1708.834
1708.851
1708.868
1708.886
1708.903
1708.921
1708.938
1708.956
1708.973
1708.991
1709.008
1709.026
1709.043
1709.061
1709.078
1709.095
1709.113
1709.130
1709.148
1709.165
1709.183
1709.200
1709.218
1709.235
1709.252
1709.270
1709.287
1709.305
1709.322
1709.340
1709.357
1709.375
1709.392
1709.409
1709.427
1709.444
1709.462
1709.479
1709.497
1709.514
1709.532
1709.549
1709.566
1709.584
1709.601
1709.619
1709.636
1709.654
1709.671
1709.688
1709.706
1709.723
1709.741
1709.758
1709.776
1709.793
1709.810
1709.828
1709.845
1709.863
1709.880
1709.898
1709.915
1709.932
1709.950
1709.967
1709.985
1710.002
1710.020
1710.037
1710.054
1710.072
1710.089
1710.107
1710.124
1710.141
1710.159
1710.176
1710.194
1710.211
1710.229
1710.246
1710.263
1710.281
1710.298
1710.316
1710.333
1710.350
1710.368
1710.385
1710.403
1710.420
1710.437
1710.455
1710.472
1710.490
1710.507
1710.524
1710.542
1710.559
1710.577
1710.594
1710.611
1710.629
1710.646
1710.664
1710.681
1710.698
1710.716
1710.733
1710.751
1710.768
1710.785
1710.803
1710.820
1710.838
1710.855
1710.872
1710.890
1710.907
1710.925
1710.942
1710.959
1710.977
1710.994
1711.012
1711.029
1711.046
1711.064
1711.081
1711.099
1711.116
1711.133
1711.151
1711.168
1711.185
1711.203
1711.220
1711.238
1711.255
1711.272
1711.290
1711.307
1711.324
1711.342
1711.359
1711.377
1711.394
1711.411
1711.429
1711.446
1711.463
1711.481
1711.498
1711.516
1711.533
1711.550
1711.568
1711.585
1711.602
1711.620
1711.637
1711.655
1711.672
1711.689
1711.707
1711.724
1711.741
1711.759
1711.776
1711.793
1711.811
1711.828
1711.846
1711.863
1711.880
1711.898
1711.915
1711.932
1711.950
1711.967
1711.984
1712.002
1712.019
1712.036
1712.054
1712.071
1712.089
1712.106
1712.123
1712.141
1712.158
1712.175
1712.193
1712.210
1712.227
1712.245
1712.262
1712.279
1712.297
1712.314
1712.331
1712.349
1712.366
1712.383
1712.401
1712.418
1712.436
1712.453
1712.470
1712.488
1712.505
1712.522
1712.540
1712.557
1712.574
1712.592
1712.609
1712.626
1712.644
1712.661
1712.678
1712.696
1712.713
1712.730
1712.748
1712.765
1712.782
1712.800
1712.817
1712.834
1712.852
1712.869
1712.886
1712.904
1712.921
1712.938
1712.956
1712.973
1712.990
1713.007
1713.025
1713.042
1713.059
1713.077
1713.094
1713.111
1713.129
1713.146
1713.163
1713.181
1713.198
1713.215
1713.233
1713.250
1713.267
1713.285
1713.302
1713.319
1713.337
1713.354
1713.371
1713.388
1713.406
1713.423
1713.440
1713.458
1713.475
1713.492
1713.510
1713.527
1713.544
1713.562
1713.579
1713.596
1713.613
1713.631
1713.648
1713.665
1713.683
1713.700
1713.717
1713.735
1713.752
1713.769
1713.786
1713.804
1713.821
1713.838
1713.856
1713.873
1713.890
1713.908
1713.925
1713.942
1713.959
1713.977
1713.994
1714.011
1714.029
1714.046
1714.063
1714.080
1714.098
1714.115
1714.132
1714.150
1714.167
1714.184
1714.201
1714.219
1714.236
1714.253
1714.271
1714.288
1714.305
1714.322
1714.340
1714.357
1714.374
1714.392
1714.409
1714.426
1714.443
1714.461
1714.478
1714.495
1714.512
1714.530
1714.547
1714.564
1714.582
1714.599
1714.616
1714.633
1714.651
1714.668
1714.685
1714.702
1714.720
1714.737
1714.754
1714.771
1714.789
1714.806
1714.823
1714.841
1714.858
1714.875
1714.892
1714.910
1714.927
1714.944
1714.961
1714.979
1714.996
1715.013
1715.030
1715.048
1715.065
1715.082
1715.099
1715.117
1715.134
1715.151
1715.168
1715.186
1715.203
1715.220
1715.237
1715.255
1715.272
1715.289
1715.306
1715.324
1715.341
1715.358
1715.375
1715.393
1715.410
1715.427
1715.444
1715.462
1715.479
1715.496
1715.513
1715.531
1715.548
1715.565
1715.582
1715.600
1715.617
1715.634
1715.651
1715.669
1715.686
1715.703
1715.720
1715.737
1715.755
1715.772
1715.789
1715.806
1715.824
1715.841
1715.858
1715.875
1715.893
1715.910
1715.927
1715.944
1715.961
1715.979
1715.996
1716.013
1716.030
1716.048
1716.065
1716.082
1716.099
1716.116
1716.134
1716.151
1716.168
1716.185
1716.203
1716.220
1716.237
1716.254
1716.271
1716.289
1716.306
1716.323
1716.340
1716.358
1716.375
1716.392
1716.409
1716.426
1716.444
1716.461
1716.478
1716.495
1716.512
1716.530
1716.547
1716.564
1716.581
1716.598
1716.616
1716.633
1716.650
1716.667
1716.684
1716.702
1716.719
1716.736
1716.753
1716.770
1716.788
1716.805
1716.822
1716.839
1716.856
1716.874
1716.891
1716.908
1716.925
1716.942
1716.960
1716.977
1716.994
1717.011
1717.028
1717.046
1717.063
1717.080
1717.097
1717.114
1717.132
1717.149
1717.166
1717.183
1717.200
1717.218
1717.235
1717.252
1717.269
1717.286
1717.303
1717.321
1717.338
1717.355
1717.372
1717.389
1717.407
1717.424
1717.441
1717.458
1717.475
1717.492
1717.510
1717.527
1717.544
1717.561
1717.578
1717.595
1717.613
1717.630
1717.647
1717.664
1717.681
1717.698
1717.716
1717.733
1717.750
1717.767
1717.784
1717.801
1717.819
1717.836
1717.853
1717.870
1717.887
1717.904
1717.922
1717.939
1717.956
1717.973
1717.990
1718.007
1718.025
1718.042
1718.059
1718.076
1718.093
1718.110
1718.128
1718.145
1718.162
1718.179
1718.196
1718.213
1718.230
1718.248
1718.265
1718.282
1718.299
1718.316
1718.333
1718.351
1718.368
1718.385
1718.402
1718.419
1718.436
1718.453
1718.471
1718.488
1718.505
1718.522
1718.539
1718.556
1718.573
1718.591
1718.608
1718.625
1718.642
1718.659
1718.676
1718.693
1718.711
1718.728
1718.745
1718.762
1718.779
1718.796
1718.813
1718.830
1718.848
1718.865
1718.882
1718.899
1718.916
1718.933
1718.950
1718.968
1718.985
1719.002
1719.019
1719.036
1719.053
1719.070
1719.087
1719.105
1719.122
1719.139
1719.156
1719.173
1719.190
1719.207
1719.224
1719.241
1719.259
1719.276
1719.293
1719.310
1719.327
1719.344
1719.361
1719.378
1719.396
1719.413
1719.430
1719.447
1719.464
1719.481
1719.498
1719.515
1719.532
1719.550
1719.567
1719.584
1719.601
1719.618
1719.635
1719.652
1719.669
1719.686
1719.704
1719.721
1719.738
1719.755
1719.772
1719.789
1719.806
1719.823
1719.840
1719.857
1719.875
1719.892
1719.909
1719.926
1719.943
1719.960
1719.977
1719.994
1720.011
1720.028
1720.045
1720.063
1720.080
1720.097
1720.114
1720.131
1720.148
1720.165
1720.182
1720.199
1720.216
1720.233
1720.251
1720.268
1720.285
1720.302
1720.319
1720.336
1720.353
1720.370
1720.387
1720.404
1720.421
1720.438
1720.456
1720.473
1720.490
1720.507
1720.524
1720.541
1720.558
1720.575
1720.592
1720.609
1720.626
1720.643
1720.660
1720.678
1720.695
1720.712
1720.729
1720.746
1720.763
1720.780
1720.797
1720.814
1720.831
1720.848
1720.865
1720.882
1720.899
1720.916
1720.934
1720.951
1720.968
1720.985
1721.002
1721.019
1721.036
1721.053
1721.070
1721.087
1721.104
1721.121
1721.138
1721.155
1721.172
1721.189
1721.207
1721.224
1721.241
1721.258
1721.275
1721.292
1721.309
1721.326
1721.343
1721.360
1721.377
1721.394
1721.411
1721.428
1721.445
1721.462
1721.479
1721.496
1721.513
1721.530
1721.547
1721.565
1721.582
1721.599
1721.616
1721.633
1721.650
1721.667
1721.684
1721.701
1721.718
1721.735
1721.752
1721.769
1721.786
1721.803
1721.820
1721.837
1721.854
1721.871
1721.888
1721.905
1721.922
1721.939
1721.956
1721.973
1721.990
1722.007
1722.025
1722.042
1722.059
1722.076
1722.093
1722.110
1722.127
1722.144
1722.161
1722.178
1722.195
1722.212
1722.229
1722.246
1722.263
1722.280
1722.297
1722.314
1722.331
1722.348
1722.365
1722.382
1722.399
1722.416
1722.433
1722.450
1722.467
1722.484
1722.501
1722.518
1722.535
1722.552
1722.569
1722.586
1722.603
1722.620
1722.637
1722.654
1722.671
1722.688
1722.705
1722.722
1722.739
1722.756
1722.773
1722.790
1722.807
1722.824
1722.841
1722.858
1722.875
1722.892
1722.909
1722.926
1722.943
1722.960
1722.977
1722.994
1723.011
1723.028
1723.045
1723.062
1723.079
1723.096
1723.113
1723.130
1723.147
1723.164
1723.181
1723.198
1723.215
1723.232
1723.249
1723.266
1723.283
1723.300
1723.317
1723.334
1723.351
1723.368
1723.385
1723.402
1723.419
1723.436
1723.453
1723.470
1723.487
1723.504
1723.521
1723.538
1723.555
1723.572
1723.589
1723.606
1723.623
1723.640
1723.657
1723.674
1723.691
1723.708
1723.725
1723.742
1723.759
1723.775
1723.792
1723.809
1723.826
1723.843
1723.860
1723.877
1723.894
1723.911
1723.928
1723.945
1723.962
1723.979
1723.996
1724.013
1724.030
1724.047
1724.064
1724.081
1724.098
1724.115
1724.132
1724.149
1724.166
1724.183
1724.200
1724.217
1724.233
1724.250
1724.267
1724.284
1724.301
1724.318
1724.335
1724.352
1724.369
1724.386
1724.403
1724.420
1724.437
1724.454
1724.471
1724.488
1724.505
1724.522
1724.539
1724.556
1724.573
1724.589
1724.606
1724.623
1724.640
1724.657
1724.674
1724.691
1724.708
1724.725
1724.742
1724.759
1724.776
1724.793
1724.810
1724.827
1724.844
1724.860
1724.877
1724.894
1724.911
1724.928
1724.945
1724.962
1724.979
1724.996
1725.013
1725.030
1725.047
1725.064
1725.081
1725.098
1725.114
1725.131
1725.148
1725.165
1725.182
1725.199
1725.216
1725.233
1725.250
1725.267
1725.284
1725.301
1725.318
1725.334
1725.351
1725.368
1725.385
1725.402
1725.419
1725.436
1725.453
1725.470
1725.487
1725.504
1725.521
1725.537
1725.554
1725.571
1725.588
1725.605
1725.622
1725.639
1725.656
1725.673
1725.690
1725.707
1725.723
1725.740
1725.757
1725.774
1725.791
1725.808
1725.825
1725.842
1725.859
1725.876
1725.893
1725.909
1725.926
1725.943
1725.960
1725.977
1725.994
1726.011
1726.028
1726.045
1726.062
1726.078
1726.095
1726.112
1726.129
1726.146
1726.163
1726.180
1726.197
1726.214
1726.230
1726.247
1726.264
1726.281
1726.298
1726.315
1726.332
1726.349
1726.366
1726.382
1726.399
1726.416
1726.433
1726.450
1726.467
1726.484
1726.501
1726.518
1726.534
1726.551
1726.568
1726.585
1726.602
1726.619
1726.636
1726.653
1726.669
1726.686
1726.703
1726.720
1726.737
1726.754
1726.771
1726.788
1726.804
1726.821
1726.838
1726.855
1726.872
1726.889
1726.906
1726.923
1726.939
1726.956
1726.973
1726.990
1727.007
1727.024
1727.041
1727.057
1727.074
1727.091
1727.108
1727.125
1727.142
1727.159
1727.175
1727.192
1727.209
1727.226
1727.243
1727.260
1727.277
1727.293
1727.310
1727.327
1727.344
1727.361
1727.378
1727.395
1727.411
1727.428
1727.445
1727.462
1727.479
1727.496
1727.513
1727.529
1727.546
1727.563
1727.580
1727.597
1727.614
1727.630
1727.647
1727.664
1727.681
1727.698
1727.715
1727.732
1727.748
1727.765
1727.782
1727.799
1727.816
1727.833
1727.849
1727.866
1727.883
1727.900
1727.917
1727.934
1727.950
1727.967
1727.984
1728.001
1728.018
1728.035
1728.051
1728.068
1728.085
1728.102
1728.119
1728.136
1728.152
1728.169
1728.186
1728.203
1728.220
1728.237
1728.253
1728.270
1728.287
1728.304
1728.321
1728.338
1728.354
1728.371
1728.388
1728.405
1728.422
1728.438
1728.455
1728.472
1728.489
1728.506
1728.523
1728.539
1728.556
1728.573
1728.590
1728.607
1728.623
1728.640
1728.657
1728.674
1728.691
1728.707
1728.724
1728.741
1728.758
1728.775
1728.791
1728.808
1728.825
1728.842
1728.859
1728.876
1728.892
1728.909
1728.926
1728.943
1728.960
1728.976
1728.993
