# Wavelength table for hrs,echb,19
2880.000 
2880.033 
2880.067 
2880.100 
2880.134 
2880.167 
2880.200 
2880.234 
2880.267 
2880.301 
2880.334 
2880.367 
2880.401 
2880.434 
2880.467 
2880.501 
2880.534 
2880.568 
2880.601 
2880.634 
2880.668 
2880.701 
2880.735 
2880.768 
2880.801 
2880.835 
2880.868 
2880.901 
2880.935 
2880.968 
2881.002 
2881.035 
2881.068 
2881.102 
2881.135 
2881.168 
2881.202 
2881.235 
2881.268 
2881.302 
2881.335 
2881.368 
2881.402 
2881.435 
2881.469 
2881.502 
2881.535 
2881.569 
2881.602 
2881.635 
2881.669 
2881.702 
2881.735 
2881.769 
2881.802 
2881.835 
2881.869 
2881.902 
2881.935 
2881.969 
2882.002 
2882.035 
2882.069 
2882.102 
2882.135 
2882.169 
2882.202 
2882.235 
2882.269 
2882.302 
2882.335 
2882.369 
2882.402 
2882.435 
2882.469 
2882.502 
2882.535 
2882.569 
2882.602 
2882.635 
2882.668 
2882.702 
2882.735 
2882.768 
2882.802 
2882.835 
2882.868 
2882.902 
2882.935 
2882.968 
2883.002 
2883.035 
2883.068 
2883.101 
2883.135 
2883.168 
2883.201 
2883.235 
2883.268 
2883.301 
2883.335 
2883.368 
2883.401 
2883.434 
2883.468 
2883.501 
2883.534 
2883.568 
2883.601 
2883.634 
2883.667 
2883.701 
2883.734 
2883.767 
2883.800 
2883.834 
2883.867 
2883.900 
2883.934 
2883.967 
2884.000 
2884.033 
2884.067 
2884.100 
2884.133 
2884.166 
2884.200 
2884.233 
2884.266 
2884.299 
2884.333 
2884.366 
2884.399 
2884.432 
2884.466 
2884.499 
2884.532 
2884.565 
2884.599 
2884.632 
2884.665 
2884.698 
2884.732 
2884.765 
2884.798 
2884.831 
2884.865 
2884.898 
2884.931 
2884.964 
2884.998 
2885.031 
2885.064 
2885.097 
2885.131 
2885.164 
2885.197 
2885.230 
2885.263 
2885.297 
2885.330 
2885.363 
2885.396 
2885.430 
2885.463 
2885.496 
2885.529 
2885.562 
2885.596 
2885.629 
2885.662 
2885.695 
2885.729 
2885.762 
2885.795 
2885.828 
2885.861 
2885.895 
2885.928 
2885.961 
2885.994 
2886.027 
2886.061 
2886.094 
2886.127 
2886.160 
2886.193 
2886.227 
2886.260 
2886.293 
2886.326 
2886.359 
2886.393 
2886.426 
2886.459 
2886.492 
2886.525 
2886.558 
2886.592 
2886.625 
2886.658 
2886.691 
2886.724 
2886.758 
2886.791 
2886.824 
2886.857 
2886.890 
2886.923 
2886.957 
2886.990 
2887.023 
2887.056 
2887.089 
2887.122 
2887.156 
2887.189 
2887.222 
2887.255 
2887.288 
2887.321 
2887.355 
2887.388 
2887.421 
2887.454 
2887.487 
2887.520 
2887.553 
2887.587 
2887.620 
2887.653 
2887.686 
2887.719 
2887.752 
2887.786 
2887.819 
2887.852 
2887.885 
2887.918 
2887.951 
2887.984 
2888.018 
2888.051 
2888.084 
2888.117 
2888.150 
2888.183 
2888.216 
2888.249 
2888.283 
2888.316 
2888.349 
2888.382 
2888.415 
2888.448 
2888.481 
2888.514 
2888.548 
2888.581 
2888.614 
2888.647 
2888.680 
2888.713 
2888.746 
2888.779 
2888.812 
2888.846 
2888.879 
2888.912 
2888.945 
2888.978 
2889.011 
2889.044 
2889.077 
2889.110 
2889.143 
2889.177 
2889.210 
2889.243 
2889.276 
2889.309 
2889.342 
2889.375 
2889.408 
2889.441 
2889.474 
2889.507 
2889.541 
2889.574 
2889.607 
2889.640 
2889.673 
2889.706 
2889.739 
2889.772 
2889.805 
2889.838 
2889.871 
2889.904 
2889.937 
2889.971 
2890.004 
2890.037 
2890.070 
2890.103 
2890.136 
2890.169 
2890.202 
2890.235 
2890.268 
2890.301 
2890.334 
2890.367 
2890.400 
2890.433 
2890.467 
2890.500 
2890.533 
2890.566 
2890.599 
2890.632 
2890.665 
2890.698 
2890.731 
2890.764 
2890.797 
2890.830 
2890.863 
2890.896 
2890.929 
2890.962 
2890.995 
2891.028 
2891.061 
2891.094 
2891.127 
2891.160 
2891.193 
2891.226 
2891.259 
2891.293 
2891.326 
2891.359 
2891.392 
2891.425 
2891.458 
2891.491 
2891.524 
2891.557 
2891.590 
2891.623 
2891.656 
2891.689 
2891.722 
2891.755 
2891.788 
2891.821 
2891.854 
2891.887 
2891.920 
2891.953 
2891.986 
2892.019 
2892.052 
2892.085 
2892.118 
2892.151 
2892.184 
2892.217 
2892.250 
2892.283 
2892.316 
2892.349 
2892.382 
2892.415 
2892.448 
2892.481 
2892.514 
2892.547 
2892.580 
2892.613 
2892.646 
2892.679 
2892.712 
2892.745 
2892.778 
2892.811 
2892.844 
2892.877 
2892.909 
2892.942 
2892.975 
2893.008 
2893.041 
2893.074 
2893.107 
2893.140 
2893.173 
2893.206 
2893.239 
2893.272 
2893.305 
2893.338 
2893.371 
2893.404 
2893.437 
2893.470 
2893.503 
2893.536 
2893.569 
2893.602 
2893.635 
2893.668 
2893.701 
2893.733 
2893.766 
2893.799 
2893.832 
2893.865 
2893.898 
2893.931 
2893.964 
2893.997 
2894.030 
2894.063 
2894.096 
2894.129 
2894.162 
2894.195 
2894.228 
2894.260 
2894.293 
2894.326 
2894.359 
2894.392 
2894.425 
2894.458 
2894.491 
2894.524 
2894.557 
2894.590 
2894.623 
2894.656 
2894.688 
2894.721 
2894.754 
2894.787 
2894.820 
2894.853 
2894.886 
2894.919 
2894.952 
2894.985 
2895.017 
2895.050 
2895.083 
2895.116 
2895.149 
2895.182 
2895.215 
2895.248 
2895.281 
2895.314 
2895.346 
2895.379 
2895.412 
2895.445 
2895.478 
2895.511 
2895.544 
2895.577 
2895.610 
2895.642 
2895.675 
2895.708 
2895.741 
2895.774 
2895.807 
2895.840 
2895.873 
2895.905 
2895.938 
2895.971 
2896.004 
2896.037 
2896.070 
2896.103 
2896.136 
2896.168 
2896.201 
2896.234 
2896.267 
2896.300 
2896.333 
2896.366 
2896.398 
2896.431 
2896.464 
2896.497 
2896.530 
2896.563 
2896.596 
2896.628 
2896.661 
2896.694 
2896.727 
2896.760 
2896.793 
2896.825 
2896.858 
2896.891 
2896.924 
2896.957 
2896.990 
2897.022 
2897.055 
2897.088 
2897.121 
2897.154 
2897.187 
2897.219 
2897.252 
2897.285 
2897.318 
2897.351 
2897.384 
2897.416 
2897.449 
2897.482 
2897.515 
2897.548 
2897.581 
2897.613 
2897.646 
2897.679 
2897.712 
2897.745 
2897.777 
2897.810 
2897.843 
2897.876 
2897.909 
2897.941 
2897.974 
2898.007 
2898.040 
2898.073 
2898.105 
2898.138 
2898.171 
2898.204 
2898.237 
2898.269 
2898.302 
2898.335 
2898.368 
2898.401 
2898.433 
2898.466 
2898.499 
2898.532 
2898.565 
2898.597 
2898.630 
2898.663 
2898.696 
2898.728 
2898.761 
2898.794 
2898.827 
2898.860 
2898.892 
2898.925 
2898.958 
2898.991 
2899.023 
2899.056 
2899.089 
2899.122 
2899.154 
2899.187 
2899.220 
2899.253 
2899.286 
2899.318 
2899.351 
2899.384 
2899.417 
2899.449 
2899.482 
2899.515 
2899.548 
2899.580 
2899.613 
2899.646 
2899.679 
2899.711 
2899.744 
2899.777 
2899.810 
2899.842 
2899.875 
2899.908 
2899.940 
2899.973 
2900.006 
2900.039 
2900.071 
2900.104 
2900.137 
2900.170 
2900.202 
2900.235 
2900.268 
2900.301 
2900.333 
2900.366 
2900.399 
2900.431 
2900.464 
2900.497 
2900.530 
2900.562 
2900.595 
2900.628 
2900.660 
2900.693 
2900.726 
2900.759 
2900.791 
2900.824 
2900.857 
2900.889 
2900.922 
2900.955 
2900.988 
2901.020 
2901.053 
2901.086 
2901.118 
2901.151 
2901.184 
2901.216 
2901.249 
2901.282 
2901.315 
2901.347 
2901.380 
2901.413 
2901.445 
2901.478 
2901.511 
2901.543 
2901.576 
2901.609 
2901.641 
2901.674 
2901.707 
2901.739 
2901.772 
2901.805 
2901.837 
2901.870 
2901.903 
2901.935 
2901.968 
2902.001 
2902.033 
2902.066 
2902.099 
2902.131 
2902.164 
2902.197 
2902.229 
2902.262 
2902.295 
2902.327 
2902.360 
2902.393 
2902.425 
2902.458 
2902.491 
2902.523 
2902.556 
2902.589 
2902.621 
2902.654 
2902.687 
2902.719 
2902.752 
2902.785 
2902.817 
2902.850 
2902.882 
2902.915 
2902.948 
2902.980 
2903.013 
2903.046 
2903.078 
2903.111 
2903.144 
2903.176 
2903.209 
2903.241 
2903.274 
2903.307 
2903.339 
2903.372 
2903.405 
2903.437 
2903.470 
2903.502 
2903.535 
2903.568 
2903.600 
2903.633 
2903.665 
2903.698 
2903.731 
2903.763 
2903.796 
2903.828 
2903.861 
2903.894 
2903.926 
2903.959 
2903.992 
2904.024 
2904.057 
2904.089 
2904.122 
2904.155 
2904.187 
2904.220 
2904.252 
2904.285 
2904.317 
2904.350 
2904.383 
2904.415 
2904.448 
2904.480 
2904.513 
2904.546 
2904.578 
2904.611 
2904.643 
2904.676 
2904.708 
2904.741 
2904.774 
2904.806 
2904.839 
2904.871 
2904.904 
2904.936 
2904.969 
2905.002 
2905.034 
2905.067 
2905.099 
2905.132 
2905.164 
2905.197 
2905.230 
2905.262 
2905.295 
2905.327 
2905.360 
2905.392 
2905.425 
2905.457 
2905.490 
2905.523 
2905.555 
2905.588 
2905.620 
2905.653 
2905.685 
2905.718 
2905.750 
2905.783 
2905.815 
2905.848 
2905.881 
2905.913 
2905.946 
2905.978 
2906.011 
2906.043 
2906.076 
2906.108 
2906.141 
2906.173 
2906.206 
2906.238 
2906.271 
2906.303 
2906.336 
2906.368 
2906.401 
2906.434 
2906.466 
2906.499 
2906.531 
2906.564 
2906.596 
2906.629 
2906.661 
2906.694 
2906.726 
2906.759 
2906.791 
2906.824 
2906.856 
2906.889 
2906.921 
2906.954 
2906.986 
2907.019 
2907.051 
2907.084 
2907.116 
2907.149 
2907.181 
2907.214 
2907.246 
2907.279 
2907.311 
2907.344 
2907.376 
2907.409 
2907.441 
2907.474 
2907.506 
2907.539 
2907.571 
2907.604 
2907.636 
2907.668 
2907.701 
2907.733 
2907.766 
2907.798 
2907.831 
2907.863 
2907.896 
2907.928 
2907.961 
2907.993 
2908.026 
2908.058 
2908.091 
2908.123 
2908.155 
2908.188 
2908.220 
2908.253 
2908.285 
2908.318 
2908.350 
2908.383 
2908.415 
2908.448 
2908.480 
2908.513 
2908.545 
2908.577 
2908.610 
2908.642 
2908.675 
2908.707 
2908.740 
2908.772 
2908.804 
2908.837 
2908.869 
2908.902 
2908.934 
2908.967 
2908.999 
2909.032 
2909.064 
2909.096 
2909.129 
2909.161 
2909.194 
2909.226 
2909.259 
2909.291 
2909.323 
2909.356 
2909.388 
2909.421 
2909.453 
2909.485 
2909.518 
2909.550 
2909.583 
2909.615 
2909.648 
2909.680 
2909.712 
2909.745 
2909.777 
2909.810 
2909.842 
2909.874 
2909.907 
2909.939 
2909.972 
2910.004 
2910.036 
2910.069 
2910.101 
2910.134 
2910.166 
2910.198 
2910.231 
2910.263 
2910.296 
2910.328 
2910.360 
2910.393 
2910.425 
2910.457 
2910.490 
2910.522 
2910.555 
2910.587 
2910.619 
2910.652 
2910.684 
2910.716 
2910.749 
2910.781 
2910.814 
2910.846 
2910.878 
2910.911 
2910.943 
2910.975 
2911.008 
2911.040 
2911.073 
2911.105 
2911.137 
2911.170 
2911.202 
2911.234 
2911.267 
2911.299 
2911.331 
2911.364 
2911.396 
2911.428 
2911.461 
2911.493 
2911.525 
2911.558 
2911.590 
2911.623 
2911.655 
2911.687 
2911.720 
2911.752 
2911.784 
2911.817 
2911.849 
2911.881 
2911.914 
2911.946 
2911.978 
2912.011 
2912.043 
2912.075 
2912.108 
2912.140 
2912.172 
2912.205 
2912.237 
2912.269 
2912.301 
2912.334 
2912.366 
2912.398 
2912.431 
2912.463 
2912.495 
2912.528 
2912.560 
2912.592 
2912.625 
2912.657 
2912.689 
2912.722 
2912.754 
2912.786 
2912.818 
2912.851 
2912.883 
2912.915 
2912.948 
2912.980 
2913.012 
2913.045 
2913.077 
2913.109 
2913.141 
2913.174 
2913.206 
2913.238 
2913.271 
2913.303 
2913.335 
2913.367 
2913.400 
2913.432 
2913.464 
2913.497 
2913.529 
2913.561 
2913.593 
2913.626 
2913.658 
2913.690 
2913.723 
2913.755 
2913.787 
2913.819 
2913.852 
2913.884 
2913.916 
2913.948 
2913.981 
2914.013 
2914.045 
2914.077 
2914.110 
2914.142 
2914.174 
2914.206 
2914.239 
2914.271 
2914.303 
2914.335 
2914.368 
2914.400 
2914.432 
2914.464 
2914.497 
2914.529 
2914.561 
2914.593 
2914.626 
2914.658 
2914.690 
2914.722 
2914.755 
2914.787 
2914.819 
2914.851 
2914.884 
2914.916 
2914.948 
2914.980 
2915.013 
2915.045 
2915.077 
2915.109 
2915.141 
2915.174 
2915.206 
2915.238 
2915.270 
2915.303 
2915.335 
2915.367 
2915.399 
2915.431 
2915.464 
2915.496 
2915.528 
2915.560 
2915.592 
2915.625 
2915.657 
2915.689 
2915.721 
2915.753 
2915.786 
2915.818 
2915.850 
2915.882 
2915.914 
2915.947 
2915.979 
2916.011 
2916.043 
2916.075 
2916.108 
2916.140 
2916.172 
2916.204 
2916.236 
2916.269 
2916.301 
2916.333 
2916.365 
2916.397 
2916.429 
2916.462 
2916.494 
2916.526 
2916.558 
2916.590 
2916.623 
2916.655 
2916.687 
2916.719 
2916.751 
2916.783 
2916.816 
2916.848 
2916.880 
2916.912 
2916.944 
2916.976 
2917.009 
2917.041 
2917.073 
2917.105 
2917.137 
2917.169 
2917.201 
2917.234 
2917.266 
2917.298 
2917.330 
2917.362 
2917.394 
2917.427 
2917.459 
2917.491 
2917.523 
2917.555 
2917.587 
2917.619 
2917.652 
2917.684 
2917.716 
2917.748 
2917.780 
2917.812 
2917.844 
2917.876 
2917.909 
2917.941 
2917.973 
2918.005 
2918.037 
2918.069 
2918.101 
2918.133 
2918.166 
2918.198 
2918.230 
2918.262 
2918.294 
2918.326 
2918.358 
2918.390 
2918.422 
2918.455 
2918.487 
2918.519 
2918.551 
2918.583 
2918.615 
2918.647 
2918.679 
2918.711 
2918.744 
2918.776 
2918.808 
2918.840 
2918.872 
2918.904 
2918.936 
2918.968 
2919.000 
2919.032 
2919.065 
2919.097 
2919.129 
2919.161 
2919.193 
2919.225 
2919.257 
2919.289 
2919.321 
2919.353 
2919.385 
2919.417 
2919.450 
2919.482 
2919.514 
2919.546 
2919.578 
2919.610 
2919.642 
2919.674 
2919.706 
2919.738 
2919.770 
2919.802 
2919.834 
2919.866 
2919.898 
2919.931 
2919.963 
2919.995 
2920.027 
2920.059 
2920.091 
2920.123 
2920.155 
2920.187 
2920.219 
2920.251 
2920.283 
2920.315 
2920.347 
2920.379 
2920.411 
2920.443 
2920.475 
2920.507 
2920.539 
2920.572 
2920.604 
2920.636 
2920.668 
2920.700 
2920.732 
2920.764 
2920.796 
2920.828 
2920.860 
2920.892 
2920.924 
2920.956 
2920.988 
2921.020 
2921.052 
2921.084 
2921.116 
2921.148 
2921.180 
2921.212 
2921.244 
2921.276 
2921.308 
2921.340 
2921.372 
2921.404 
2921.436 
2921.468 
2921.500 
2921.532 
2921.564 
2921.596 
2921.628 
2921.660 
2921.692 
2921.724 
2921.756 
2921.788 
2921.820 
2921.852 
2921.884 
2921.916 
2921.948 
2921.980 
2922.012 
2922.044 
2922.076 
2922.108 
2922.140 
2922.172 
2922.204 
2922.236 
2922.268 
2922.300 
2922.332 
2922.364 
2922.396 
2922.428 
2922.460 
2922.492 
2922.524 
2922.556 
2922.588 
2922.620 
2922.652 
2922.684 
2922.716 
2922.748 
2922.780 
2922.811 
2922.843 
2922.875 
2922.907 
2922.939 
2922.971 
2923.003 
2923.035 
2923.067 
2923.099 
2923.131 
2923.163 
2923.195 
2923.227 
2923.259 
2923.291 
2923.323 
2923.355 
2923.387 
2923.419 
2923.450 
2923.482 
2923.514 
2923.546 
2923.578 
2923.610 
2923.642 
2923.674 
2923.706 
2923.738 
2923.770 
2923.802 
2923.834 
2923.866 
2923.898 
2923.929 
2923.961 
2923.993 
2924.025 
2924.057 
2924.089 
2924.121 
2924.153 
2924.185 
2924.217 
2924.249 
2924.281 
2924.312 
2924.344 
2924.376 
2924.408 
2924.440 
2924.472 
2924.504 
2924.536 
2924.568 
2924.600 
2924.631 
2924.663 
2924.695 
2924.727 
2924.759 
2924.791 
2924.823 
2924.855 
2924.887 
2924.918 
2924.950 
2924.982 
2925.014 
2925.046 
2925.078 
2925.110 
2925.142 
2925.174 
2925.205 
2925.237 
2925.269 
2925.301 
2925.333 
2925.365 
2925.397 
2925.429 
2925.460 
2925.492 
2925.524 
2925.556 
2925.588 
2925.620 
2925.652 
2925.684 
2925.715 
2925.747 
2925.779 
2925.811 
2925.843 
2925.875 
2925.907 
2925.938 
2925.970 
2926.002 
2926.034 
2926.066 
2926.098 
2926.129 
2926.161 
2926.193 
2926.225 
2926.257 
2926.289 
2926.321 
2926.352 
2926.384 
2926.416 
2926.448 
2926.480 
2926.512 
2926.543 
2926.575 
2926.607 
2926.639 
2926.671 
2926.703 
2926.734 
2926.766 
2926.798 
2926.830 
2926.862 
2926.893 
2926.925 
2926.957 
2926.989 
2927.021 
2927.053 
2927.084 
2927.116 
2927.148 
2927.180 
2927.212 
2927.243 
2927.275 
2927.307 
2927.339 
2927.371 
2927.402 
2927.434 
2927.466 
2927.498 
2927.530 
2927.561 
2927.593 
2927.625 
2927.657 
2927.689 
2927.720 
2927.752 
2927.784 
2927.816 
2927.848 
2927.879 
2927.911 
2927.943 
2927.975 
2928.007 
2928.038 
2928.070 
2928.102 
2928.134 
2928.165 
2928.197 
2928.229 
2928.261 
2928.293 
2928.324 
2928.356 
2928.388 
2928.420 
2928.451 
2928.483 
2928.515 
2928.547 
2928.578 
2928.610 
2928.642 
2928.674 
2928.705 
2928.737 
2928.769 
2928.801 
2928.832 
2928.864 
2928.896 
2928.928 
2928.959 
2928.991 
2929.023 
2929.055 
2929.086 
2929.118 
2929.150 
2929.182 
2929.213 
2929.245 
2929.277 
2929.309 
2929.340 
2929.372 
2929.404 
2929.436 
2929.467 
2929.499 
2929.531 
2929.563 
2929.594 
2929.626 
2929.658 
2929.689 
2929.721 
2929.753 
2929.785 
2929.816 
2929.848 
2929.880 
2929.911 
2929.943 
2929.975 
2930.007 
2930.038 
2930.070 
2930.102 
2930.133 
2930.165 
2930.197 
2930.229 
2930.260 
2930.292 
2930.324 
2930.355 
2930.387 
2930.419 
2930.450 
2930.482 
2930.514 
2930.546 
2930.577 
2930.609 
2930.641 
2930.672 
2930.704 
2930.736 
2930.767 
2930.799 
2930.831 
2930.862 
2930.894 
2930.926 
2930.957 
2930.989 
2931.021 
2931.053 
2931.084 
2931.116 
2931.148 
2931.179 
2931.211 
2931.243 
2931.274 
2931.306 
2931.338 
2931.369 
2931.401 
2931.433 
2931.464 
2931.496 
2931.528 
2931.559 
2931.591 
2931.623 
2931.654 
2931.686 
2931.717 
2931.749 
2931.781 
2931.812 
2931.844 
2931.876 
2931.907 
2931.939 
2931.971 
2932.002 
2932.034 
2932.066 
2932.097 
2932.129 
2932.161 
2932.192 
2932.224 
2932.255 
2932.287 
2932.319 
2932.350 
2932.382 
2932.414 
2932.445 
2932.477 
2932.508 
2932.540 
2932.572 
2932.603 
2932.635 
2932.667 
2932.698 
2932.730 
2932.761 
2932.793 
2932.825 
2932.856 
2932.888 
2932.920 
2932.951 
2932.983 
2933.014 
2933.046 
2933.078 
2933.109 
2933.141 
2933.172 
2933.204 
2933.236 
2933.267 
2933.299 
2933.330 
2933.362 
2933.394 
2933.425 
2933.457 
2933.488 
2933.520 
2933.552 
2933.583 
2933.615 
2933.646 
2933.678 
2933.709 
2933.741 
2933.773 
2933.804 
2933.836 
2933.867 
2933.899 
2933.931 
2933.962 
2933.994 
2934.025 
2934.057 
2934.088 
2934.120 
2934.152 
2934.183 
2934.215 
2934.246 
2934.278 
2934.309 
2934.341 
2934.373 
2934.404 
2934.436 
2934.467 
2934.499 
2934.530 
2934.562 
2934.593 
2934.625 
2934.657 
2934.688 
2934.720 
2934.751 
2934.783 
2934.814 
2934.846 
2934.877 
2934.909 
2934.940 
2934.972 
2935.004 
2935.035 
2935.067 
2935.098 
2935.130 
2935.161 
2935.193 
2935.224 
2935.256 
2935.287 
2935.319 
2935.350 
2935.382 
2935.413 
2935.445 
2935.476 
2935.508 
2935.540 
2935.571 
2935.603 
2935.634 
2935.666 
2935.697 
2935.729 
2935.760 
2935.792 
2935.823 
2935.855 
2935.886 
2935.918 
2935.949 
2935.981 
2936.012 
2936.044 
2936.075 
2936.107 
2936.138 
2936.170 
2936.201 
2936.233 
2936.264 
2936.296 
2936.327 
2936.359 
2936.390 
2936.422 
2936.453 
2936.485 
2936.516 
2936.548 
2936.579 
2936.611 
2936.642 
2936.674 
2936.705 
2936.737 
2936.768 
2936.799 
2936.831 
2936.862 
2936.894 
2936.925 
2936.957 
2936.988 
2937.020 
2937.051 
2937.083 
2937.114 
2937.146 
2937.177 
2937.209 
2937.240 
2937.271 
2937.303 
2937.334 
2937.366 
2937.397 
2937.429 
2937.460 
2937.492 
2937.523 
2937.555 
2937.586 
2937.617 
2937.649 
2937.680 
2937.712 
2937.743 
2937.775 
2937.806 
2937.838 
2937.869 
2937.900 
2937.932 
2937.963 
2937.995 
2938.026 
2938.058 
2938.089 
2938.121 
2938.152 
2938.183 
2938.215 
2938.246 
2938.278 
2938.309 
2938.340 
2938.372 
2938.403 
2938.435 
2938.466 
2938.498 
2938.529 
2938.560 
2938.592 
2938.623 
2938.655 
2938.686 
2938.717 
2938.749 
2938.780 
2938.812 
2938.843 
2938.875 
2938.906 
2938.937 
2938.969 
2939.000 
2939.032 
2939.063 
2939.094 
2939.126 
2939.157 
2939.189 
2939.220 
2939.251 
2939.283 
2939.314 
2939.345 
2939.377 
2939.408 
2939.440 
2939.471 
2939.502 
2939.534 
2939.565 
2939.597 
2939.628 
2939.659 
2939.691 
2939.722 
2939.753 
2939.785 
2939.816 
2939.848 
2939.879 
2939.910 
2939.942 
2939.973 
2940.004 
2940.036 
2940.067 
2940.098 
2940.130 
2940.161 
2940.193 
2940.224 
2940.255 
2940.287 
2940.318 
2940.349 
2940.381 
2940.412 
2940.443 
2940.475 
2940.506 
2940.537 
2940.569 
2940.600 
2940.631 
2940.663 
2940.694 
2940.725 
2940.757 
2940.788 
2940.819 
2940.851 
2940.882 
2940.913 
2940.945 
2940.976 
2941.007 
2941.039 
2941.070 
2941.101 
2941.133 
2941.164 
2941.195 
2941.227 
2941.258 
2941.289 
2941.321 
2941.352 
2941.383 
2941.415 
2941.446 
2941.477 
2941.509 
2941.540 
2941.571 
2941.603 
2941.634 
2941.665 
2941.696 
2941.728 
2941.759 
2941.790 
2941.822 
2941.853 
2941.884 
2941.916 
2941.947 
2941.978 
2942.009 
2942.041 
2942.072 
2942.103 
2942.135 
2942.166 
2942.197 
2942.228 
2942.260 
2942.291 
2942.322 
2942.354 
2942.385 
2942.416 
2942.447 
2942.479 
2942.510 
2942.541 
2942.573 
2942.604 
2942.635 
2942.666 
2942.698 
2942.729 
2942.760 
2942.791 
2942.823 
2942.854 
2942.885 
2942.917 
2942.948 
2942.979 
2943.010 
2943.042 
2943.073 
2943.104 
2943.135 
2943.167 
2943.198 
2943.229 
2943.260 
2943.292 
2943.323 
2943.354 
2943.385 
2943.417 
2943.448 
2943.479 
2943.510 
2943.542 
2943.573 
2943.604 
2943.635 
2943.666 
2943.698 
2943.729 
2943.760 
2943.791 
2943.823 
2943.854 
2943.885 
2943.916 
2943.948 
2943.979 
2944.010 
2944.041 
2944.072 
2944.104 
2944.135 
2944.166 
2944.197 
2944.229 
2944.260 
2944.291 
2944.322 
2944.353 
2944.385 
2944.416 
2944.447 
2944.478 
2944.509 
2944.541 
2944.572 
2944.603 
2944.634 
2944.665 
2944.697 
2944.728 
2944.759 
2944.790 
2944.821 
2944.853 
2944.884 
2944.915 
2944.946 
2944.977 
2945.009 
2945.040 
2945.071 
2945.102 
2945.133 
2945.165 
2945.196 
2945.227 
2945.258 
2945.289 
2945.320 
2945.352 
2945.383 
2945.414 
2945.445 
2945.476 
2945.508 
2945.539 
2945.570 
2945.601 
2945.632 
2945.663 
2945.695 
2945.726 
2945.757 
2945.788 
2945.819 
2945.850 
2945.881 
2945.913 
2945.944 
2945.975 
2946.006 
2946.037 
2946.068 
2946.100 
2946.131 
2946.162 
2946.193 
2946.224 
2946.255 
2946.286 
2946.318 
2946.349 
2946.380 
2946.411 
2946.442 
2946.473 
2946.504 
2946.536 
2946.567 
2946.598 
2946.629 
2946.660 
2946.691 
2946.722 
2946.753 
2946.785 
2946.816 
2946.847 
2946.878 
2946.909 
2946.940 
2946.971 
2947.002 
2947.034 
2947.065 
2947.096 
2947.127 
2947.158 
2947.189 
2947.220 
2947.251 
2947.282 
2947.314 
2947.345 
2947.376 
2947.407 
2947.438 
2947.469 
2947.500 
2947.531 
2947.562 
2947.594 
2947.625 
2947.656 
2947.687 
2947.718 
2947.749 
2947.780 
2947.811 
2947.842 
2947.873 
2947.904 
2947.936 
2947.967 
2947.998 
2948.029 
2948.060 
2948.091 
2948.122 
2948.153 
2948.184 
2948.215 
2948.246 
2948.277 
2948.308 
2948.340 
2948.371 
2948.402 
2948.433 
2948.464 
2948.495 
2948.526 
2948.557 
2948.588 
2948.619 
2948.650 
2948.681 
2948.712 
2948.743 
2948.774 
2948.805 
2948.837 
2948.868 
2948.899 
2948.930 
2948.961 
2948.992 
2949.023 
2949.054 
2949.085 
2949.116 
2949.147 
2949.178 
2949.209 
2949.240 
2949.271 
2949.302 
2949.333 
2949.364 
2949.395 
2949.426 
2949.457 
2949.488 
2949.519 
2949.550 
2949.582 
2949.613 
2949.644 
2949.675 
2949.706 
2949.737 
2949.768 
2949.799 
2949.830 
2949.861 
2949.892 
2949.923 
2949.954 
2949.985 
2950.016 
2950.047 
2950.078 
2950.109 
2950.140 
2950.171 
2950.202 
2950.233 
2950.264 
2950.295 
2950.326 
2950.357 
2950.388 
2950.419 
2950.450 
2950.481 
2950.512 
2950.543 
2950.574 
2950.605 
2950.636 
2950.667 
2950.698 
2950.729 
2950.760 
2950.791 
2950.822 
2950.853 
2950.884 
2950.915 
2950.946 
2950.977 
2951.008 
2951.039 
2951.070 
2951.101 
2951.132 
2951.162 
2951.193 
2951.224 
2951.255 
2951.286 
2951.317 
2951.348 
2951.379 
2951.410 
2951.441 
2951.472 
2951.503 
2951.534 
2951.565 
2951.596 
2951.627 
2951.658 
2951.689 
2951.720 
2951.751 
2951.782 
2951.813 
2951.844 
2951.875 
2951.905 
2951.936 
2951.967 
2951.998 
2952.029 
2952.060 
2952.091 
2952.122 
2952.153 
2952.184 
2952.215 
2952.246 
2952.277 
2952.308 
2952.339 
2952.370 
2952.400 
2952.431 
2952.462 
2952.493 
2952.524 
2952.555 
2952.586 
2952.617 
2952.648 
2952.679 
2952.710 
2952.741 
2952.771 
2952.802 
2952.833 
2952.864 
2952.895 
2952.926 
2952.957 
2952.988 
2953.019 
2953.050 
2953.081 
2953.111 
2953.142 
2953.173 
2953.204 
2953.235 
2953.266 
2953.297 
2953.328 
2953.359 
2953.390 
2953.420 
2953.451 
2953.482 
2953.513 
2953.544 
2953.575 
2953.606 
2953.637 
2953.668 
2953.698 
2953.729 
2953.760 
2953.791 
2953.822 
2953.853 
2953.884 
2953.915 
2953.945 
2953.976 
2954.007 
2954.038 
2954.069 
2954.100 
2954.131 
2954.162 
2954.192 
2954.223 
2954.254 
2954.285 
2954.316 
2954.347 
2954.378 
2954.408 
2954.439 
2954.470 
2954.501 
2954.532 
2954.563 
2954.594 
2954.624 
2954.655 
2954.686 
2954.717 
2954.748 
2954.779 
2954.809 
2954.840 
2954.871 
2954.902 
2954.933 
2954.964 
2954.994 
2955.025 
2955.056 
2955.087 
2955.118 
2955.149 
2955.179 
2955.210 
2955.241 
2955.272 
2955.303 
2955.334 
2955.364 
2955.395 
2955.426 
2955.457 
2955.488 
2955.519 
2955.549 
2955.580 
2955.611 
2955.642 
2955.673 
2955.703 
2955.734 
2955.765 
2955.796 
2955.827 
2955.857 
2955.888 
2955.919 
2955.950 
2955.981 
2956.011 
2956.042 
2956.073 
2956.104 
2956.135 
2956.165 
2956.196 
2956.227 
2956.258 
2956.289 
2956.319 
2956.350 
2956.381 
2956.412 
2956.443 
2956.473 
2956.504 
2956.535 
2956.566 
2956.596 
2956.627 
2956.658 
2956.689 
2956.720 
2956.750 
2956.781 
2956.812 
2956.843 
2956.873 
2956.904 
2956.935 
2956.966 
2956.996 
2957.027 
2957.058 
2957.089 
2957.119 
2957.150 
2957.181 
2957.212 
2957.243 
2957.273 
2957.304 
2957.335 
2957.366 
2957.396 
2957.427 
2957.458 
2957.489 
2957.519 
2957.550 
2957.581 
2957.611 
2957.642 
2957.673 
2957.704 
2957.734 
2957.765 
2957.796 
2957.827 
2957.857 
2957.888 
2957.919 
2957.950 
2957.980 
2958.011 
2958.042 
2958.072 
2958.103 
2958.134 
2958.165 
2958.195 
2958.226 
2958.257 
2958.288 
2958.318 
2958.349 
2958.380 
2958.410 
2958.441 
2958.472 
2958.503 
2958.533 
2958.564 
2958.595 
2958.625 
2958.656 
2958.687 
2958.717 
2958.748 
2958.779 
2958.810 
2958.840 
2958.871 
2958.902 
2958.932 
2958.963 
2958.994 
2959.024 
2959.055 
2959.086 
2959.117 
2959.147 
2959.178 
2959.209 
2959.239 
2959.270 
2959.301 
2959.331 
2959.362 
2959.393 
2959.423 
2959.454 
2959.485 
2959.515 
2959.546 
2959.577 
2959.607 
2959.638 
2959.669 
2959.699 
2959.730 
2959.761 
2959.791 
2959.822 
2959.853 
2959.883 
2959.914 
2959.945 
2959.975 
2960.006 
2960.037 
2960.067 
2960.098 
2960.129 
2960.159 
2960.190 
2960.221 
2960.251 
2960.282 
2960.313 
2960.343 
2960.374 
2960.404 
2960.435 
2960.466 
2960.496 
2960.527 
2960.558 
2960.588 
2960.619 
2960.650 
2960.680 
2960.711 
2960.741 
2960.772 
2960.803 
2960.833 
2960.864 
2960.895 
2960.925 
2960.956 
2960.986 
2961.017 
2961.048 
2961.078 
2961.109 
2961.140 
2961.170 
2961.201 
2961.231 
2961.262 
2961.293 
2961.323 
2961.354 
2961.384 
2961.415 
2961.446 
2961.476 
2961.507 
2961.537 
2961.568 
2961.599 
2961.629 
2961.660 
2961.690 
2961.721 
2961.752 
2961.782 
2961.813 
2961.843 
2961.874 
2961.905 
2961.935 
2961.966 
2961.996 
2962.027 
2962.057 
2962.088 
2962.119 
2962.149 
2962.180 
2962.210 
2962.241 
2962.272 
2962.302 
2962.333 
2962.363 
2962.394 
2962.424 
2962.455 
2962.486 
2962.516 
2962.547 
2962.577 
2962.608 
2962.638 
2962.669 
2962.699 
2962.730 
2962.761 
2962.791 
2962.822 
2962.852 
2962.883 
2962.913 
2962.944 
2962.974 
2963.005 
2963.036 
2963.066 
2963.097 
2963.127 
2963.158 
2963.188 
2963.219 
2963.249 
2963.280 
2963.310 
2963.341 
2963.372 
2963.402 
2963.433 
2963.463 
2963.494 
2963.524 
2963.555 
2963.585 
2963.616 
2963.646 
2963.677 
2963.707 
2963.738 
2963.768 
2963.799 
2963.829 
2963.860 
2963.890 
2963.921 
2963.951 
2963.982 
2964.013 
2964.043 
2964.074 
2964.104 
2964.135 
2964.165 
2964.196 
2964.226 
2964.257 
2964.287 
2964.318 
2964.348 
2964.379 
2964.409 
2964.440 
2964.470 
2964.501 
2964.531 
2964.562 
2964.592 
2964.623 
2964.653 
2964.684 
2964.714 
2964.744 
2964.775 
2964.805 
2964.836 
2964.866 
2964.897 
2964.927 
2964.958 
2964.988 
2965.019 
2965.049 
2965.080 
2965.110 
2965.141 
2965.171 
2965.202 
2965.232 
2965.263 
2965.293 
2965.324 
2965.354 
2965.384 
2965.415 
2965.445 
2965.476 
2965.506 
2965.537 
2965.567 
2965.598 
2965.628 
2965.659 
2965.689 
2965.719 
2965.750 
2965.780 
2965.811 
2965.841 
2965.872 
2965.902 
2965.933 
2965.963 
2965.993 
2966.024 
2966.054 
2966.085 
2966.115 
2966.146 
2966.176 
2966.207 
2966.237 
2966.267 
2966.298 
2966.328 
2966.359 
2966.389 
2966.420 
2966.450 
2966.480 
2966.511 
2966.541 
2966.572 
2966.602 
2966.632 
2966.663 
2966.693 
2966.724 
2966.754 
2966.785 
2966.815 
2966.845 
2966.876 
2966.906 
2966.937 
2966.967 
2966.997 
2967.028 
2967.058 
2967.089 
2967.119 
2967.149 
2967.180 
2967.210 
2967.241 
2967.271 
2967.301 
2967.332 
2967.362 
2967.393 
2967.423 
2967.453 
2967.484 
2967.514 
2967.545 
2967.575 
2967.605 
2967.636 
2967.666 
2967.696 
2967.727 
2967.757 
2967.788 
2967.818 
2967.848 
2967.879 
2967.909 
2967.939 
2967.970 
2968.000 
2968.031 
2968.061 
2968.091 
2968.122 
2968.152 
2968.182 
2968.213 
2968.243 
2968.273 
2968.304 
2968.334 
2968.365 
2968.395 
2968.425 
2968.456 
2968.486 
2968.516 
2968.547 
2968.577 
2968.607 
2968.638 
2968.668 
2968.698 
2968.729 
2968.759 
2968.789 
2968.820 
2968.850 
2968.880 
2968.911 
2968.941 
2968.971 
2969.002 
2969.032 
2969.062 
2969.093 
2969.123 
2969.153 
2969.184 
2969.214 
2969.244 
2969.275 
2969.305 
2969.335 
2969.366 
2969.396 
2969.426 
2969.457 
2969.487 
2969.517 
2969.548 
2969.578 
2969.608 
2969.638 
2969.669 
2969.699 
2969.729 
2969.760 
2969.790 
2969.820 
2969.851 
2969.881 
2969.911 
2969.941 
2969.972 
2970.002 
2970.032 
2970.063 
2970.093 
2970.123 
2970.154 
2970.184 
2970.214 
2970.244 
2970.275 
2970.305 
2970.335 
2970.366 
2970.396 
2970.426 
2970.456 
2970.487 
2970.517 
2970.547 
2970.578 
2970.608 
2970.638 
2970.668 
2970.699 
2970.729 
2970.759 
2970.789 
2970.820 
2970.850 
2970.880 
2970.910 
2970.941 
2970.971 
2971.001 
2971.032 
2971.062 
2971.092 
2971.122 
2971.153 
2971.183 
2971.213 
2971.243 
2971.274 
2971.304 
2971.334 
2971.364 
2971.395 
2971.425 
2971.455 
2971.485 
2971.516 
2971.546 
2971.576 
2971.606 
2971.636 
2971.667 
2971.697 
2971.727 
2971.757 
2971.788 
2971.818 
2971.848 
2971.878 
2971.909 
2971.939 
2971.969 
2971.999 
2972.029 
2972.060 
2972.090 
2972.120 
2972.150 
2972.181 
2972.211 
2972.241 
2972.271 
2972.301 
2972.332 
2972.362 
2972.392 
2972.422 
2972.452 
2972.483 
2972.513 
2972.543 
2972.573 
2972.603 
2972.634 
2972.664 
2972.694 
2972.724 
2972.754 
2972.785 
2972.815 
2972.845 
2972.875 
2972.905 
2972.936 
2972.966 
2972.996 
2973.026 
2973.056 
2973.087 
2973.117 
2973.147 
2973.177 
2973.207 
2973.237 
2973.268 
2973.298 
2973.328 
2973.358 
2973.388 
2973.418 
2973.449 
2973.479 
2973.509 
2973.539 
2973.569 
2973.600 
2973.630 
2973.660 
2973.690 
2973.720 
2973.750 
2973.780 
2973.811 
2973.841 
2973.871 
2973.901 
2973.931 
2973.961 
2973.992 
2974.022 
2974.052 
2974.082 
2974.112 
2974.142 
2974.172 
2974.203 
2974.233 
2974.263 
2974.293 
2974.323 
2974.353 
2974.383 
2974.414 
2974.444 
2974.474 
2974.504 
2974.534 
2974.564 
2974.594 
2974.624 
2974.655 
2974.685 
2974.715 
2974.745 
2974.775 
2974.805 
2974.835 
2974.865 
2974.896 
2974.926 
2974.956 
2974.986 
2975.016 
2975.046 
2975.076 
2975.106 
2975.136 
2975.167 
2975.197 
2975.227 
2975.257 
2975.287 
2975.317 
2975.347 
2975.377 
2975.407 
2975.438 
2975.468 
2975.498 
2975.528 
2975.558 
2975.588 
2975.618 
2975.648 
2975.678 
2975.708 
2975.738 
2975.769 
2975.799 
2975.829 
2975.859 
2975.889 
2975.919 
2975.949 
2975.979 
2976.009 
2976.039 
2976.069 
2976.099 
2976.129 
2976.160 
2976.190 
2976.220 
2976.250 
2976.280 
2976.310 
2976.340 
2976.370 
2976.400 
2976.430 
2976.460 
2976.490 
2976.520 
2976.550 
2976.580 
2976.611 
2976.641 
2976.671 
2976.701 
2976.731 
2976.761 
2976.791 
2976.821 
2976.851 
2976.881 
2976.911 
2976.941 
2976.971 
2977.001 
2977.031 
2977.061 
2977.091 
2977.121 
2977.151 
2977.181 
2977.211 
2977.241 
2977.271 
2977.301 
2977.332 
2977.362 
2977.392 
2977.422 
2977.452 
2977.482 
2977.512 
2977.542 
2977.572 
2977.602 
2977.632 
2977.662 
2977.692 
2977.722 
2977.752 
2977.782 
2977.812 
2977.842 
2977.872 
2977.902 
2977.932 
2977.962 
2977.992 
2978.022 
2978.052 
2978.082 
2978.112 
2978.142 
2978.172 
2978.202 
2978.232 
2978.262 
2978.292 
2978.322 
2978.352 
2978.382 
2978.412 
2978.442 
2978.472 
2978.502 
2978.532 
2978.562 
2978.592 
2978.622 
2978.652 
2978.682 
2978.712 
2978.742 
2978.772 
2978.802 
2978.832 
2978.862 
2978.892 
2978.922 
2978.951 
2978.981 
2979.011 
2979.041 
2979.071 
2979.101 
2979.131 
2979.161 
2979.191 
2979.221 
2979.251 
2979.281 
2979.311 
2979.341 
2979.371 
2979.401 
2979.431 
2979.461 
2979.491 
2979.521 
2979.551 
2979.581 
2979.611 
2979.640 
2979.670 
2979.700 
2979.730 
2979.760 
2979.790 
2979.820 
2979.850 
2979.880 
2979.910 
2979.940 
2979.970 
2980.000 
2980.030 
2980.060 
2980.090 
2980.119 
2980.149 
2980.179 
2980.209 
2980.239 
2980.269 
2980.299 
2980.329 
2980.359 
2980.389 
2980.419 
2980.449 
2980.478 
2980.508 
2980.538 
2980.568 
2980.598 
2980.628 
2980.658 
2980.688 
2980.718 
2980.748 
2980.778 
2980.807 
2980.837 
2980.867 
2980.897 
2980.927 
2980.957 
2980.987 
2981.017 
2981.047 
2981.077 
2981.106 
2981.136 
2981.166 
2981.196 
2981.226 
2981.256 
2981.286 
2981.316 
2981.346 
2981.375 
2981.405 
2981.435 
2981.465 
2981.495 
2981.525 
2981.555 
2981.585 
2981.614 
2981.644 
2981.674 
2981.704 
2981.734 
2981.764 
2981.794 
2981.823 
2981.853 
2981.883 
2981.913 
2981.943 
2981.973 
2982.003 
2982.033 
2982.062 
2982.092 
2982.122 
2982.152 
2982.182 
2982.212 
2982.241 
2982.271 
2982.301 
2982.331 
2982.361 
2982.391 
2982.421 
2982.450 
2982.480 
2982.510 
2982.540 
2982.570 
2982.600 
2982.629 
2982.659 
2982.689 
2982.719 
2982.749 
2982.779 
2982.808 
2982.838 
2982.868 
2982.898 
2982.928 
2982.958 
2982.987 
2983.017 
2983.047 
2983.077 
2983.107 
2983.136 
2983.166 
2983.196 
2983.226 
2983.256 
2983.286 
2983.315 
2983.345 
2983.375 
2983.405 
2983.435 
2983.464 
2983.494 
2983.524 
2983.554 
2983.584 
2983.613 
2983.643 
2983.673 
2983.703 
2983.733 
2983.762 
2983.792 
2983.822 
2983.852 
2983.881 
2983.911 
2983.941 
2983.971 
2984.001 
2984.030 
2984.060 
2984.090 
2984.120 
2984.150 
2984.179 
2984.209 
2984.239 
2984.269 
2984.298 
2984.328 
2984.358 
2984.388 
2984.418 
2984.447 
2984.477 
2984.507 
2984.537 
2984.566 
2984.596 
2984.626 
2984.656 
2984.685 
2984.715 
2984.745 
2984.775 
2984.804 
2984.834 
2984.864 
2984.894 
2984.923 
2984.953 
2984.983 
2985.013 
2985.042 
2985.072 
2985.102 
2985.132 
2985.161 
2985.191 
2985.221 
2985.251 
2985.280 
2985.310 
2985.340 
2985.370 
2985.399 
2985.429 
2985.459 
2985.488 
2985.518 
2985.548 
2985.578 
2985.607 
2985.637 
2985.667 
2985.697 
2985.726 
2985.756 
2985.786 
2985.815 
2985.845 
2985.875 
2985.905 
2985.934 
2985.964 
2985.994 
2986.023 
2986.053 
2986.083 
2986.113 
2986.142 
2986.172 
2986.202 
2986.231 
2986.261 
2986.291 
2986.320 
2986.350 
2986.380 
2986.410 
2986.439 
2986.469 
2986.499 
2986.528 
2986.558 
2986.588 
2986.617 
2986.647 
2986.677 
2986.706 
2986.736 
2986.766 
2986.795 
2986.825 
2986.855 
2986.885 
2986.914 
2986.944 
2986.974 
2987.003 
2987.033 
2987.063 
2987.092 
2987.122 
2987.152 
2987.181 
2987.211 
2987.241 
2987.270 
2987.300 
2987.330 
2987.359 
2987.389 
2987.419 
2987.448 
2987.478 
2987.507 
2987.537 
2987.567 
2987.596 
2987.626 
2987.656 
2987.685 
2987.715 
2987.745 
2987.774 
2987.804 
2987.834 
2987.863 
2987.893 
2987.923 
2987.952 
2987.982 
2988.011 
2988.041 
2988.071 
2988.100 
2988.130 
2988.160 
2988.189 
2988.219 
2988.249 
2988.278 
2988.308 
2988.337 
2988.367 
2988.397 
2988.426 
2988.456 
2988.485 
2988.515 
2988.545 
2988.574 
2988.604 
2988.634 
2988.663 
2988.693 
2988.722 
2988.752 
2988.782 
2988.811 
2988.841 
2988.870 
2988.900 
2988.930 
2988.959 
2988.989 
2989.018 
2989.048 
2989.078 
2989.107 
2989.137 
2989.166 
2989.196 
2989.226 
2989.255 
2989.285 
2989.314 
2989.344 
2989.374 
2989.403 
2989.433 
2989.462 
2989.492 
2989.521 
2989.551 
2989.581 
2989.610 
2989.640 
2989.669 
2989.699 
2989.728 
2989.758 
2989.788 
2989.817 
2989.847 
2989.876 
2989.906 
2989.935 
2989.965 
2989.995 
2990.024 
2990.054 
2990.083 
2990.113 
2990.142 
2990.172 
2990.201 
2990.231 
2990.261 
2990.290 
2990.320 
2990.349 
2990.379 
2990.408 
2990.438 
2990.467 
2990.497 
2990.527 
2990.556 
2990.586 
2990.615 
2990.645 
2990.674 
2990.704 
2990.733 
2990.763 
2990.792 
2990.822 
2990.851 
2990.881 
2990.910 
2990.940 
2990.970 
2990.999 
2991.029 
2991.058 
2991.088 
2991.117 
2991.147 
2991.176 
2991.206 
2991.235 
2991.265 
2991.294 
2991.324 
2991.353 
2991.383 
2991.412 
2991.442 
2991.471 
2991.501 
2991.530 
2991.560 
2991.589 
2991.619 
2991.648 
2991.678 
2991.707 
2991.737 
2991.766 
2991.796 
2991.825 
2991.855 
2991.884 
2991.914 
2991.943 
2991.973 
2992.002 
2992.032 
2992.061 
2992.091 
2992.120 
2992.150 
2992.179 
2992.209 
2992.238 
2992.268 
2992.297 
2992.327 
2992.356 
2992.385 
2992.415 
2992.444 
2992.474 
2992.503 
2992.533 
2992.562 
2992.592 
2992.621 
2992.651 
2992.680 
2992.710 
2992.739 
2992.769 
2992.798 
2992.827 
2992.857 
2992.886 
2992.916 
2992.945 
2992.975 
2993.004 
2993.034 
2993.063 
2993.093 
2993.122 
2993.151 
2993.181 
2993.210 
2993.240 
2993.269 
2993.299 
2993.328 
2993.357 
2993.387 
2993.416 
2993.446 
2993.475 
2993.505 
2993.534 
2993.564 
2993.593 
2993.622 
2993.652 
2993.681 
2993.711 
2993.740 
2993.770 
2993.799 
2993.828 
2993.858 
2993.887 
2993.917 
2993.946 
2993.975 
2994.005 
2994.034 
2994.064 
2994.093 
2994.122 
2994.152 
2994.181 
2994.211 
2994.240 
2994.270 
2994.299 
2994.328 
2994.358 
2994.387 
2994.417 
2994.446 
2994.475 
2994.505 
2994.534 
2994.563 
2994.593 
2994.622 
2994.652 
2994.681 
2994.710 
2994.740 
2994.769 
2994.799 
2994.828 
2994.857 
2994.887 
2994.916 
2994.945 
2994.975 
2995.004 
2995.034 
2995.063 
2995.092 
2995.122 
2995.151 
2995.180 
2995.210 
2995.239 
2995.269 
2995.298 
2995.327 
2995.357 
2995.386 
2995.415 
2995.445 
2995.474 
2995.503 
2995.533 
2995.562 
2995.592 
2995.621 
2995.650 
2995.680 
2995.709 
2995.738 
2995.768 
2995.797 
2995.826 
2995.856 
2995.885 
2995.914 
2995.944 
2995.973 
2996.002 
2996.032 
2996.061 
2996.090 
2996.120 
2996.149 
2996.178 
2996.208 
2996.237 
2996.266 
2996.296 
2996.325 
2996.354 
2996.384 
2996.413 
2996.442 
2996.472 
2996.501 
2996.530 
2996.560 
2996.589 
2996.618 
2996.648 
2996.677 
2996.706 
2996.735 
2996.765 
2996.794 
2996.823 
2996.853 
2996.882 
2996.911 
2996.941 
2996.970 
2996.999 
2997.029 
2997.058 
2997.087 
2997.116 
2997.146 
2997.175 
2997.204 
2997.234 
2997.263 
2997.292 
2997.321 
2997.351 
2997.380 
2997.409 
2997.439 
2997.468 
2997.497 
2997.526 
2997.556 
2997.585 
2997.614 
2997.644 
2997.673 
2997.702 
2997.731 
2997.761 
2997.790 
2997.819 
2997.848 
2997.878 
2997.907 
2997.936 
2997.966 
2997.995 
2998.024 
2998.053 
2998.083 
2998.112 
2998.141 
2998.170 
2998.200 
2998.229 
2998.258 
2998.287 
2998.317 
2998.346 
2998.375 
2998.404 
2998.434 
2998.463 
2998.492 
2998.521 
2998.551 
2998.580 
2998.609 
2998.638 
2998.668 
2998.697 
2998.726 
2998.755 
2998.784 
2998.814 
2998.843 
2998.872 
2998.901 
2998.931 
2998.960 
2998.989 
2999.018 
2999.048 
2999.077 
2999.106 
2999.135 
2999.164 
2999.194 
2999.223 
2999.252 
2999.281 
2999.311 
2999.340 
2999.369 
2999.398 
2999.427 
2999.457 
2999.486 
2999.515 
2999.544 
2999.573 
2999.603 
2999.632 
2999.661 
2999.690 
2999.719 
2999.749 
2999.778 
2999.807 
2999.836 
2999.865 
2999.895 
2999.924 
2999.953 
2999.982 
3000.011 
3000.041 
3000.070 
3000.099 
3000.128 
3000.157 
3000.186 
3000.216 
3000.245 
3000.274 
3000.303 
3000.332 
3000.362 
3000.391 
3000.420 
3000.449 
3000.478 
3000.507 
3000.537 
3000.566 
3000.595 
3000.624 
3000.653 
3000.682 
3000.712 
3000.741 
3000.770 
3000.799 
3000.828 
3000.857 
3000.886 
3000.916 
3000.945 
3000.974 
3001.003 
3001.032 
3001.061 
3001.091 
3001.120 
3001.149 
3001.178 
3001.207 
3001.236 
3001.265 
3001.295 
3001.324 
3001.353 
3001.382 
3001.411 
3001.440 
3001.469 
3001.498 
3001.528 
3001.557 
3001.586 
3001.615 
3001.644 
3001.673 
3001.702 
3001.731 
3001.761 
3001.790 
3001.819 
3001.848 
3001.877 
3001.906 
3001.935 
3001.964 
3001.994 
3002.023 
3002.052 
3002.081 
3002.110 
3002.139 
3002.168 
3002.197 
3002.226 
3002.256 
3002.285 
3002.314 
3002.343 
3002.372 
3002.401 
3002.430 
3002.459 
3002.488 
3002.517 
3002.546 
3002.576 
3002.605 
3002.634 
3002.663 
3002.692 
3002.721 
3002.750 
3002.779 
3002.808 
3002.837 
3002.866 
3002.896 
3002.925 
3002.954 
3002.983 
3003.012 
3003.041 
3003.070 
3003.099 
3003.128 
3003.157 
3003.186 
3003.215 
3003.244 
3003.273 
3003.303 
3003.332 
3003.361 
3003.390 
3003.419 
3003.448 
3003.477 
3003.506 
3003.535 
3003.564 
3003.593 
3003.622 
3003.651 
3003.680 
3003.709 
3003.738 
3003.767 
3003.796 
3003.825 
3003.855 
3003.884 
3003.913 
3003.942 
3003.971 
3004.000 
3004.029 
3004.058 
3004.087 
3004.116 
3004.145 
3004.174 
3004.203 
3004.232 
3004.261 
3004.290 
3004.319 
3004.348 
3004.377 
3004.406 
3004.435 
3004.464 
3004.493 
3004.522 
3004.551 
3004.580 
3004.609 
3004.638 
3004.667 
3004.696 
3004.725 
3004.754 
3004.783 
3004.812 
3004.841 
3004.870 
3004.899 
3004.928 
3004.957 
3004.986 
3005.015 
3005.044 
3005.073 
3005.102 
3005.131 
3005.160 
3005.189 
3005.218 
3005.247 
3005.276 
3005.305 
3005.334 
3005.363 
3005.392 
3005.421 
3005.450 
3005.479 
3005.508 
3005.537 
3005.566 
3005.595 
3005.624 
3005.653 
3005.682 
3005.711 
3005.740 
3005.769 
3005.798 
3005.827 
3005.856 
3005.885 
3005.914 
3005.943 
3005.972 
3006.001 
3006.030 
3006.059 
3006.088 
3006.116 
3006.145 
3006.174 
3006.203 
3006.232 
3006.261 
3006.290 
3006.319 
3006.348 
3006.377 
3006.406 
3006.435 
3006.464 
3006.493 
3006.522 
3006.551 
3006.580 
3006.609 
3006.638 
3006.666 
3006.695 
3006.724 
3006.753 
3006.782 
3006.811 
3006.840 
3006.869 
3006.898 
3006.927 
3006.956 
3006.985 
3007.014 
3007.043 
3007.071 
3007.100 
3007.129 
3007.158 
3007.187 
3007.216 
3007.245 
3007.274 
3007.303 
3007.332 
3007.361 
3007.390 
3007.418 
3007.447 
3007.476 
3007.505 
3007.534 
3007.563 
3007.592 
3007.621 
3007.650 
3007.679 
3007.707 
3007.736 
3007.765 
3007.794 
3007.823 
3007.852 
3007.881 
3007.910 
3007.939 
3007.967 
3007.996 
3008.025 
3008.054 
3008.083 
3008.112 
3008.141 
3008.170 
3008.199 
3008.227 
3008.256 
3008.285 
3008.314 
3008.343 
3008.372 
3008.401 
3008.429 
3008.458 
3008.487 
3008.516 
3008.545 
3008.574 
3008.603 
3008.632 
3008.660 
3008.689 
3008.718 
3008.747 
3008.776 
3008.805 
3008.834 
3008.862 
3008.891 
3008.920 
3008.949 
3008.978 
3009.007 
3009.035 
3009.064 
3009.093 
3009.122 
3009.151 
3009.180 
3009.209 
3009.237 
3009.266 
3009.295 
3009.324 
3009.353 
3009.382 
3009.410 
3009.439 
3009.468 
3009.497 
3009.526 
3009.555 
3009.583 
3009.612 
3009.641 
3009.670 
3009.699 
3009.727 
3009.756 
3009.785 
3009.814 
3009.843 
3009.872 
3009.900 
3009.929 
3009.958 
3009.987 
3010.016 
3010.044 
3010.073 
3010.102 
3010.131 
3010.160 
3010.188 
3010.217 
3010.246 
3010.275 
3010.304 
3010.332 
3010.361 
3010.390 
3010.419 
3010.448 
3010.476 
3010.505 
3010.534 
3010.563 
3010.592 
3010.620 
3010.649 
3010.678 
3010.707 
3010.735 
3010.764 
3010.793 
3010.822 
3010.851 
3010.879 
3010.908 
3010.937 
3010.966 
3010.994 
3011.023 
3011.052 
3011.081 
3011.110 
3011.138 
3011.167 
3011.196 
3011.225 
3011.253 
3011.282 
3011.311 
3011.340 
3011.368 
3011.397 
3011.426 
3011.455 
3011.483 
3011.512 
3011.541 
3011.570 
3011.598 
3011.627 
3011.656 
3011.685 
3011.713 
3011.742 
3011.771 
3011.800 
3011.828 
3011.857 
3011.886 
3011.915 
3011.943 
3011.972 
3012.001 
3012.030 
3012.058 
3012.087 
3012.116 
3012.144 
3012.173 
3012.202 
3012.231 
3012.259 
3012.288 
3012.317 
3012.345 
3012.374 
3012.403 
3012.432 
3012.460 
3012.489 
3012.518 
3012.547 
3012.575 
3012.604 
3012.633 
3012.661 
3012.690 
3012.719 
3012.747 
3012.776 
3012.805 
3012.834 
3012.862 
3012.891 
3012.920 
3012.948 
3012.977 
3013.006 
3013.034 
3013.063 
3013.092 
3013.121 
3013.149 
3013.178 
3013.207 
3013.235 
3013.264 
3013.293 
3013.321 
3013.350 
3013.379 
3013.407 
3013.436 
3013.465 
3013.493 
3013.522 
3013.551 
3013.579 
3013.608 
3013.637 
3013.665 
3013.694 
3013.723 
3013.751 
3013.780 
3013.809 
3013.837 
3013.866 
3013.895 
3013.923 
3013.952 
3013.981 
3014.009 
3014.038 
3014.067 
3014.095 
3014.124 
3014.153 
3014.181 
3014.210 
3014.239 
3014.267 
3014.296 
3014.325 
3014.353 
3014.382 
3014.410 
3014.439 
3014.468 
3014.496 
3014.525 
3014.554 
3014.582 
3014.611 
3014.640 
3014.668 
3014.697 
3014.725 
3014.754 
3014.783 
3014.811 
3014.840 
3014.869 
3014.897 
3014.926 
3014.954 
3014.983 
3015.012 
3015.040 
3015.069 
3015.098 
3015.126 
3015.155 
3015.183 
3015.212 
3015.241 
3015.269 
3015.298 
3015.326 
3015.355 
3015.384 
3015.412 
3015.441 
3015.469 
3015.498 
3015.527 
3015.555 
3015.584 
3015.612 
3015.641 
3015.670 
3015.698 
3015.727 
3015.755 
3015.784 
3015.813 
3015.841 
3015.870 
3015.898 
3015.927 
3015.955 
3015.984 
3016.013 
3016.041 
3016.070 
3016.098 
3016.127 
3016.155 
3016.184 
3016.213 
3016.241 
3016.270 
3016.298 
3016.327 
3016.355 
3016.384 
3016.413 
3016.441 
3016.470 
3016.498 
3016.527 
3016.555 
3016.584 
3016.613 
3016.641 
3016.670 
3016.698 
3016.727 
3016.755 
3016.784 
3016.812 
3016.841 
3016.869 
3016.898 
3016.927 
3016.955 
3016.984 
3017.012 
3017.041 
3017.069 
3017.098 
3017.126 
3017.155 
3017.183 
3017.212 
3017.240 
3017.269 
3017.298 
3017.326 
3017.355 
3017.383 
3017.412 
3017.440 
3017.469 
3017.497 
3017.526 
3017.554 
3017.583 
3017.611 
3017.640 
3017.668 
3017.697 
3017.725 
3017.754 
3017.782 
3017.811 
3017.839 
3017.868 
3017.896 
3017.925 
3017.953 
3017.982 
3018.010 
3018.039 
3018.067 
3018.096 
3018.124 
3018.153 
3018.181 
3018.210 
3018.238 
3018.267 
3018.295 
3018.324 
3018.352 
3018.381 
3018.409 
3018.438 
3018.466 
3018.495 
3018.523 
3018.552 
3018.580 
3018.609 
3018.637 
3018.666 
3018.694 
3018.723 
3018.751 
3018.780 
3018.808 
3018.837 
3018.865 
3018.893 
3018.922 
3018.950 
3018.979 
3019.007 
3019.036 
3019.064 
3019.093 
3019.121 
3019.150 
3019.178 
3019.207 
3019.235 
3019.263 
3019.292 
3019.320 
3019.349 
3019.377 
3019.406 
3019.434 
3019.463 
3019.491 
3019.519 
3019.548 
3019.576 
3019.605 
3019.633 
3019.662 
3019.690 
3019.719 
3019.747 
3019.775 
3019.804 
3019.832 
3019.861 
3019.889 
3019.918 
3019.946 
3019.974 
3020.003 
3020.031 
3020.060 
3020.088 
3020.117 
3020.145 
3020.173 
3020.202 
3020.230 
3020.259 
3020.287 
3020.315 
3020.344 
3020.372 
3020.401 
3020.429 
3020.458 
3020.486 
3020.514 
3020.543 
3020.571 
3020.600 
3020.628 
3020.656 
3020.685 
3020.713 
3020.742 
3020.770 
3020.798 
3020.827 
3020.855 
3020.884 
3020.912 
3020.940 
3020.969 
3020.997 
3021.025 
3021.054 
3021.082 
3021.111 
3021.139 
3021.167 
3021.196 
3021.224 
3021.253 
3021.281 
3021.309 
3021.338 
3021.366 
3021.394 
3021.423 
3021.451 
3021.479 
3021.508 
3021.536 
3021.565 
3021.593 
3021.621 
3021.650 
3021.678 
3021.706 
3021.735 
3021.763 
3021.791 
3021.820 
3021.848 
3021.877 
3021.905 
3021.933 
3021.962 
3021.990 
3022.018 
3022.047 
3022.075 
3022.103 
3022.132 
3022.160 
3022.188 
3022.217 
3022.245 
3022.273 
3022.302 
3022.330 
3022.358 
3022.387 
3022.415 
3022.443 
3022.472 
3022.500 
3022.528 
3022.557 
3022.585 
3022.613 
3022.642 
3022.670 
3022.698 
3022.727 
3022.755 
3022.783 
3022.812 
3022.840 
3022.868 
3022.897 
3022.925 
3022.953 
3022.981 
3023.010 
3023.038 
3023.066 
3023.095 
3023.123 
3023.151 
3023.180 
3023.208 
3023.236 
3023.264 
3023.293 
3023.321 
3023.349 
3023.378 
3023.406 
3023.434 
3023.463 
3023.491 
3023.519 
3023.547 
3023.576 
3023.604 
3023.632 
3023.661 
3023.689 
3023.717 
3023.745 
3023.774 
3023.802 
3023.830 
3023.859 
3023.887 
3023.915 
3023.943 
3023.972 
3024.000 
3024.028 
3024.056 
3024.085 
3024.113 
3024.141 
3024.169 
3024.198 
3024.226 
3024.254 
3024.283 
3024.311 
3024.339 
3024.367 
3024.396 
3024.424 
3024.452 
3024.480 
3024.509 
3024.537 
3024.565 
3024.593 
3024.622 
3024.650 
3024.678 
3024.706 
3024.735 
3024.763 
3024.791 
3024.819 
3024.847 
3024.876 
3024.904 
3024.932 
3024.960 
3024.989 
3025.017 
3025.045 
3025.073 
3025.102 
3025.130 
3025.158 
3025.186 
3025.214 
3025.243 
3025.271 
3025.299 
3025.327 
3025.356 
3025.384 
3025.412 
3025.440 
3025.468 
3025.497 
3025.525 
3025.553 
3025.581 
3025.609 
3025.638 
3025.666 
3025.694 
3025.722 
3025.751 
3025.779 
3025.807 
3025.835 
3025.863 
3025.892 
3025.920 
3025.948 
3025.976 
3026.004 
3026.032 
3026.061 
3026.089 
3026.117 
3026.145 
3026.173 
3026.202 
3026.230 
3026.258 
3026.286 
3026.314 
3026.343 
3026.371 
3026.399 
3026.427 
3026.455 
3026.483 
3026.512 
3026.540 
3026.568 
3026.596 
3026.624 
3026.652 
3026.681 
3026.709 
3026.737 
3026.765 
3026.793 
3026.821 
3026.850 
3026.878 
3026.906 
3026.934 
3026.962 
3026.990 
3027.019 
3027.047 
3027.075 
3027.103 
3027.131 
3027.159 
3027.187 
3027.216 
3027.244 
3027.272 
3027.300 
3027.328 
3027.356 
3027.384 
3027.413 
3027.441 
3027.469 
3027.497 
3027.525 
3027.553 
3027.581 
3027.609 
3027.638 
3027.666 
3027.694 
3027.722 
3027.750 
3027.778 
3027.806 
3027.834 
3027.863 
3027.891 
3027.919 
3027.947 
3027.975 
3028.003 
3028.031 
3028.059 
3028.088 
3028.116 
3028.144 
3028.172 
3028.200 
3028.228 
3028.256 
3028.284 
3028.312 
3028.340 
3028.369 
3028.397 
3028.425 
3028.453 
3028.481 
3028.509 
3028.537 
3028.565 
3028.593 
3028.621 
3028.650 
3028.678 
3028.706 
3028.734 
3028.762 
3028.790 
3028.818 
3028.846 
3028.874 
3028.902 
3028.930 
3028.958 
3028.986 
3029.015 
3029.043 
3029.071 
3029.099 
3029.127 
3029.155 
3029.183 
3029.211 
3029.239 
3029.267 
3029.295 
3029.323 
3029.351 
3029.379 
3029.408 
3029.436 
3029.464 
3029.492 
3029.520 
3029.548 
3029.576 
3029.604 
3029.632 
3029.660 
3029.688 
3029.716 
3029.744 
3029.772 
3029.800 
3029.828 
3029.856 
3029.884 
3029.912 
3029.940 
3029.968 
3029.997 
3030.025 
3030.053 
3030.081 
3030.109 
3030.137 
3030.165 
3030.193 
3030.221 
3030.249 
3030.277 
3030.305 
3030.333 
3030.361 
3030.389 
3030.417 
3030.445 
3030.473 
3030.501 
3030.529 
3030.557 
3030.585 
3030.613 
3030.641 
3030.669 
3030.697 
3030.725 
3030.753 
3030.781 
3030.809 
3030.837 
3030.865 
3030.893 
3030.921 
3030.949 
3030.977 
3031.005 
3031.033 
3031.061 
3031.089 
3031.117 
3031.145 
3031.173 
3031.201 
3031.229 
3031.257 
3031.285 
3031.313 
3031.341 
3031.369 
3031.397 
3031.425 
3031.453 
3031.481 
3031.509 
3031.537 
3031.565 
3031.593 
3031.621 
3031.649 
3031.677 
3031.705 
3031.733 
3031.761 
3031.789 
3031.817 
3031.845 
3031.872 
3031.900 
3031.928 
3031.956 
3031.984 
3032.012 
3032.040 
3032.068 
3032.096 
3032.124 
3032.152 
3032.180 
3032.208 
3032.236 
3032.264 
3032.292 
3032.320 
3032.348 
3032.376 
3032.404 
3032.432 
3032.459 
3032.487 
3032.515 
3032.543 
3032.571 
3032.599 
3032.627 
3032.655 
3032.683 
3032.711 
3032.739 
3032.767 
3032.795 
3032.823 
3032.850 
3032.878 
3032.906 
3032.934 
3032.962 
3032.990 
3033.018 
3033.046 
3033.074 
3033.102 
3033.130 
3033.158 
3033.186 
3033.213 
3033.241 
3033.269 
3033.297 
3033.325 
3033.353 
3033.381 
3033.409 
3033.437 
3033.465 
3033.492 
3033.520 
3033.548 
3033.576 
3033.604 
3033.632 
3033.660 
3033.688 
3033.716 
3033.744 
3033.771 
3033.799 
3033.827 
3033.855 
3033.883 
3033.911 
3033.939 
3033.967 
3033.994 
3034.022 
3034.050 
3034.078 
3034.106 
3034.134 
3034.162 
3034.190 
3034.217 
3034.245 
3034.273 
3034.301 
3034.329 
3034.357 
3034.385 
3034.413 
3034.440 
3034.468 
3034.496 
3034.524 
3034.552 
3034.580 
3034.608 
3034.635 
3034.663 
3034.691 
3034.719 
3034.747 
3034.775 
3034.802 
3034.830 
3034.858 
3034.886 
3034.914 
3034.942 
3034.970 
3034.997 
3035.025 
3035.053 
3035.081 
3035.109 
3035.137 
3035.164 
3035.192 
3035.220 
3035.248 
3035.276 
3035.304 
3035.331 
3035.359 
3035.387 
3035.415 
3035.443 
3035.471 
3035.498 
3035.526 
3035.554 
3035.582 
3035.610 
3035.637 
3035.665 
3035.693 
3035.721 
3035.749 
3035.776 
3035.804 
3035.832 
3035.860 
3035.888 
3035.916 
3035.943 
3035.971 
3035.999 
