1322.000
1322.014
1322.029
1322.043
1322.058
1322.072
1322.086
1322.101
1322.115
1322.130
1322.144
1322.158
1322.173
1322.187
1322.202
1322.216
1322.230
1322.245
1322.259
1322.274
1322.288
1322.302
1322.317
1322.331
1322.345
1322.360
1322.374
1322.389
1322.403
1322.417
1322.432
1322.446
1322.461
1322.475
1322.489
1322.504
1322.518
1322.533
1322.547
1322.561
1322.576
1322.590
1322.604
1322.619
1322.633
1322.648
1322.662
1322.676
1322.691
1322.705
1322.719
1322.734
1322.748
1322.763
1322.777
1322.791
1322.806
1322.820
1322.834
1322.849
1322.863
1322.878
1322.892
1322.906
1322.921
1322.935
1322.949
1322.964
1322.978
1322.993
1323.007
1323.021
1323.036
1323.050
1323.064
1323.079
1323.093
1323.107
1323.122
1323.136
1323.151
1323.165
1323.179
1323.194
1323.208
1323.222
1323.237
1323.251
1323.265
1323.280
1323.294
1323.309
1323.323
1323.337
1323.352
1323.366
1323.380
1323.395
1323.409
1323.423
1323.438
1323.452
1323.466
1323.481
1323.495
1323.510
1323.524
1323.538
1323.553
1323.567
1323.581
1323.596
1323.610
1323.624
1323.639
1323.653
1323.667
1323.682
1323.696
1323.710
1323.725
1323.739
1323.753
1323.768
1323.782
1323.797
1323.811
1323.825
1323.840
1323.854
1323.868
1323.883
1323.897
1323.911
1323.926
1323.940
1323.954
1323.969
1323.983
1323.997
1324.012
1324.026
1324.040
1324.055
1324.069
1324.083
1324.098
1324.112
1324.126
1324.141
1324.155
1324.169
1324.184
1324.198
1324.212
1324.227
1324.241
1324.255
1324.270
1324.284
1324.298
1324.313
1324.327
1324.341
1324.356
1324.370
1324.384
1324.399
1324.413
1324.427
1324.442
1324.456
1324.470
1324.485
1324.499
1324.513
1324.527
1324.542
1324.556
1324.570
1324.585
1324.599
1324.613
1324.628
1324.642
1324.656
1324.671
1324.685
1324.699
1324.714
1324.728
1324.742
1324.757
1324.771
1324.785
1324.800
1324.814
1324.828
1324.842
1324.857
1324.871
1324.885
1324.900
1324.914
1324.928
1324.943
1324.957
1324.971
1324.986
1325.000
1325.014
1325.028
1325.043
1325.057
1325.071
1325.086
1325.100
1325.114
1325.129
1325.143
1325.157
1325.171
1325.186
1325.200
1325.214
1325.229
1325.243
1325.257
1325.272
1325.286
1325.300
1325.314
1325.329
1325.343
1325.357
1325.372
1325.386
1325.400
1325.415
1325.429
1325.443
1325.457
1325.472
1325.486
1325.500
1325.515
1325.529
1325.543
1325.557
1325.572
1325.586
1325.600
1325.615
1325.629
1325.643
1325.657
1325.672
1325.686
1325.700
1325.715
1325.729
1325.743
1325.757
1325.772
1325.786
1325.800
1325.815
1325.829
1325.843
1325.857
1325.872
1325.886
1325.900
1325.915
1325.929
1325.943
1325.957
1325.972
1325.986
1326.000
1326.014
1326.029
1326.043
1326.057
1326.072
1326.086
1326.100
1326.114
1326.129
1326.143
1326.157
1326.171
1326.186
1326.200
1326.214
1326.229
1326.243
1326.257
1326.271
1326.286
1326.300
1326.314
1326.328
1326.343
1326.357
1326.371
1326.385
1326.400
1326.414
1326.428
1326.443
1326.457
1326.471
1326.485
1326.500
1326.514
1326.528
1326.542
1326.557
1326.571
1326.585
1326.599
1326.614
1326.628
1326.642
1326.656
1326.671
1326.685
1326.699
1326.713
1326.728
1326.742
1326.756
1326.770
1326.785
1326.799
1326.813
1326.827
1326.842
1326.856
1326.870
1326.884
1326.899
1326.913
1326.927
1326.941
1326.956
1326.970
1326.984
1326.998
1327.013
1327.027
1327.041
1327.055
1327.070
1327.084
1327.098
1327.112
1327.127
1327.141
1327.155
1327.169
1327.184
1327.198
1327.212
1327.226
1327.240
1327.255
1327.269
1327.283
1327.297
1327.312
1327.326
1327.340
1327.354
1327.369
1327.383
1327.397
1327.411
1327.425
1327.440
1327.454
1327.468
1327.482
1327.497
1327.511
1327.525
1327.539
1327.554
1327.568
1327.582
1327.596
1327.610
1327.625
1327.639
1327.653
1327.667
1327.682
1327.696
1327.710
1327.724
1327.738
1327.753
1327.767
1327.781
1327.795
1327.810
1327.824
1327.838
1327.852
1327.866
1327.881
1327.895
1327.909
1327.923
1327.938
1327.952
1327.966
1327.980
1327.994
1328.009
1328.023
1328.037
1328.051
1328.065
1328.080
1328.094
1328.108
1328.122
1328.136
1328.151
1328.165
1328.179
1328.193
1328.208
1328.222
1328.236
1328.250
1328.264
1328.279
1328.293
1328.307
1328.321
1328.335
1328.350
1328.364
1328.378
1328.392
1328.406
1328.421
1328.435
1328.449
1328.463
1328.477
1328.492
1328.506
1328.520
1328.534
1328.548
1328.563
1328.577
1328.591
1328.605
1328.619
1328.633
1328.648
1328.662
1328.676
1328.690
1328.704
1328.719
1328.733
1328.747
1328.761
1328.775
1328.790
1328.804
1328.818
1328.832
1328.846
1328.861
1328.875
1328.889
1328.903
1328.917
1328.931
1328.946
1328.960
1328.974
1328.988
1329.002
1329.017
1329.031
1329.045
1329.059
1329.073
1329.087
1329.102
1329.116
1329.130
1329.144
1329.158
1329.173
1329.187
1329.201
1329.215
1329.229
1329.243
1329.258
1329.272
1329.286
1329.300
1329.314
1329.328
1329.343
1329.357
1329.371
1329.385
1329.399
1329.413
1329.428
1329.442
1329.456
1329.470
1329.484
1329.498
1329.513
1329.527
1329.541
1329.555
1329.569
1329.583
1329.598
1329.612
1329.626
1329.640
1329.654
1329.668
1329.683
1329.697
1329.711
1329.725
1329.739
1329.753
1329.768
1329.782
1329.796
1329.810
1329.824
1329.838
1329.852
1329.867
1329.881
1329.895
1329.909
1329.923
1329.937
1329.952
1329.966
1329.980
1329.994
1330.008
1330.022
1330.036
1330.051
1330.065
1330.079
1330.093
1330.107
1330.121
1330.135
1330.150
1330.164
1330.178
1330.192
1330.206
1330.220
1330.234
1330.249
1330.263
1330.277
1330.291
1330.305
1330.319
1330.333
1330.348
1330.362
1330.376
1330.390
1330.404
1330.418
1330.432
1330.447
1330.461
1330.475
1330.489
1330.503
1330.517
1330.531
1330.546
1330.560
1330.574
1330.588
1330.602
1330.616
1330.630
1330.644
1330.659
1330.673
1330.687
1330.701
1330.715
1330.729
1330.743
1330.757
1330.772
1330.786
1330.800
1330.814
1330.828
1330.842
1330.856
1330.870
1330.885
1330.899
1330.913
1330.927
1330.941
1330.955
1330.969
1330.983
1330.998
1331.012
1331.026
1331.040
1331.054
1331.068
1331.082
1331.096
1331.110
1331.125
1331.139
1331.153
1331.167
1331.181
1331.195
1331.209
1331.223
1331.237
1331.252
1331.266
1331.280
1331.294
1331.308
1331.322
1331.336
1331.350
1331.364
1331.379
1331.393
1331.407
1331.421
1331.435
1331.449
1331.463
1331.477
1331.491
1331.506
1331.520
1331.534
1331.548
1331.562
1331.576
1331.590
1331.604
1331.618
1331.632
1331.647
1331.661
1331.675
1331.689
1331.703
1331.717
1331.731
1331.745
1331.759
1331.773
1331.788
1331.802
1331.816
1331.830
1331.844
1331.858
1331.872
1331.886
1331.900
1331.914
1331.928
1331.943
1331.957
1331.971
1331.985
1331.999
1332.013
1332.027
1332.041
1332.055
1332.069
1332.083
1332.097
1332.112
1332.126
1332.140
1332.154
1332.168
1332.182
1332.196
1332.210
1332.224
1332.238
1332.252
1332.266
1332.281
1332.295
1332.309
1332.323
1332.337
1332.351
1332.365
1332.379
1332.393
1332.407
1332.421
1332.435
1332.449
1332.464
1332.478
1332.492
1332.506
1332.520
1332.534
1332.548
1332.562
1332.576
1332.590
1332.604
1332.618
1332.632
1332.646
1332.661
1332.675
1332.689
1332.703
1332.717
1332.731
1332.745
1332.759
1332.773
1332.787
1332.801
1332.815
1332.829
1332.843
1332.857
1332.871
1332.886
1332.900
1332.914
1332.928
1332.942
1332.956
1332.970
1332.984
1332.998
1333.012
1333.026
1333.040
1333.054
1333.068
1333.082
1333.096
1333.110
1333.124
1333.139
1333.153
1333.167
1333.181
1333.195
1333.209
1333.223
1333.237
1333.251
1333.265
1333.279
1333.293
1333.307
1333.321
1333.335
1333.349
1333.363
1333.377
1333.391
1333.405
1333.420
1333.434
1333.448
1333.462
1333.476
1333.490
1333.504
1333.518
1333.532
1333.546
1333.560
1333.574
1333.588
1333.602
1333.616
1333.630
1333.644
1333.658
1333.672
1333.686
1333.700
1333.714
1333.728
1333.742
1333.756
1333.770
1333.784
1333.799
1333.813
1333.827
1333.841
1333.855
1333.869
1333.883
1333.897
1333.911
1333.925
1333.939
1333.953
1333.967
1333.981
1333.995
1334.009
1334.023
1334.037
1334.051
1334.065
1334.079
1334.093
1334.107
1334.121
1334.135
1334.149
1334.163
1334.177
1334.191
1334.205
1334.219
1334.233
1334.247
1334.261
1334.275
1334.289
1334.303
1334.317
1334.331
1334.345
1334.359
1334.373
1334.387
1334.401
1334.415
1334.429
1334.443
1334.458
1334.472
1334.486
1334.500
1334.514
1334.528
1334.542
1334.556
1334.570
1334.584
1334.598
1334.612
1334.626
1334.640
1334.654
1334.668
1334.682
1334.696
1334.710
1334.724
1334.738
1334.752
1334.766
1334.780
1334.794
1334.808
1334.822
1334.836
1334.850
1334.864
1334.878
1334.892
1334.906
1334.920
1334.934
1334.948
1334.962
1334.976
1334.990
1335.004
1335.018
1335.032
1335.046
1335.060
1335.074
1335.088
1335.102
1335.116
1335.130
1335.144
1335.158
1335.171
1335.185
1335.199
1335.213
1335.227
1335.241
1335.255
1335.269
1335.283
1335.297
1335.311
1335.325
1335.339
1335.353
1335.367
1335.381
1335.395
1335.409
1335.423
1335.437
1335.451
1335.465
1335.479
1335.493
1335.507
1335.521
1335.535
1335.549
1335.563
1335.577
1335.591
1335.605
1335.619
1335.633
1335.647
1335.661
1335.675
1335.689
1335.703
1335.717
1335.731
1335.745
1335.759
1335.773
1335.787
1335.801
1335.815
1335.828
1335.842
1335.856
1335.870
1335.884
1335.898
1335.912
1335.926
1335.940
1335.954
1335.968
1335.982
1335.996
1336.010
1336.024
1336.038
1336.052
1336.066
1336.080
1336.094
1336.108
1336.122
1336.136
1336.150
1336.164
1336.178
1336.192
1336.205
1336.219
1336.233
1336.247
1336.261
1336.275
1336.289
1336.303
1336.317
1336.331
1336.345
1336.359
1336.373
1336.387
1336.401
1336.415
1336.429
1336.443
1336.457
1336.471
1336.484
1336.498
1336.512
1336.526
1336.540
1336.554
1336.568
1336.582
1336.596
1336.610
1336.624
1336.638
1336.652
1336.666
1336.680
1336.694
1336.708
1336.722
1336.735
1336.749
1336.763
1336.777
1336.791
1336.805
1336.819
1336.833
1336.847
1336.861
1336.875
1336.889
1336.903
1336.917
1336.931
1336.945
1336.958
1336.972
1336.986
1337.000
1337.014
1337.028
1337.042
1337.056
1337.070
1337.084
1337.098
1337.112
1337.126
1337.140
1337.153
1337.167
1337.181
1337.195
1337.209
1337.223
1337.237
1337.251
1337.265
1337.279
1337.293
1337.307
1337.321
1337.334
1337.348
1337.362
1337.376
1337.390
1337.404
1337.418
1337.432
1337.446
1337.460
1337.474
1337.488
1337.502
1337.515
1337.529
1337.543
1337.557
1337.571
1337.585
1337.599
1337.613
1337.627
1337.641
1337.655
1337.668
1337.682
1337.696
1337.710
1337.724
1337.738
1337.752
1337.766
1337.780
1337.794
1337.808
1337.821
1337.835
1337.849
1337.863
1337.877
1337.891
1337.905
1337.919
1337.933
1337.947
1337.960
1337.974
1337.988
1338.002
1338.016
1338.030
1338.044
1338.058
1338.072
1338.086
1338.099
1338.113
1338.127
1338.141
1338.155
1338.169
1338.183
1338.197
1338.211
1338.225
1338.238
1338.252
1338.266
1338.280
1338.294
1338.308
1338.322
1338.336
1338.350
1338.363
1338.377
1338.391
1338.405
1338.419
1338.433
1338.447
1338.461
1338.475
1338.488
1338.502
1338.516
1338.530
1338.544
1338.558
1338.572
1338.586
1338.600
1338.613
1338.627
1338.641
1338.655
1338.669
1338.683
1338.697
1338.711
1338.724
1338.738
1338.752
1338.766
1338.780
1338.794
1338.808
1338.822
1338.835
1338.849
1338.863
1338.877
1338.891
1338.905
1338.919
1338.933
1338.946
1338.960
1338.974
1338.988
1339.002
1339.016
1339.030
1339.043
1339.057
1339.071
1339.085
1339.099
1339.113
1339.127
1339.141
1339.154
1339.168
1339.182
1339.196
1339.210
1339.224
1339.238
1339.251
1339.265
1339.279
1339.293
1339.307
1339.321
1339.335
1339.348
1339.362
1339.376
1339.390
1339.404
1339.418
1339.432
1339.445
1339.459
1339.473
1339.487
1339.501
1339.515
1339.529
1339.542
1339.556
1339.570
1339.584
1339.598
1339.612
1339.626
1339.639
1339.653
1339.667
1339.681
1339.695
1339.709
1339.722
1339.736
1339.750
1339.764
1339.778
1339.792
1339.806
1339.819
1339.833
1339.847
1339.861
1339.875
1339.889
1339.902
1339.916
1339.930
1339.944
1339.958
1339.972
1339.985
1339.999
1340.013
1340.027
1340.041
1340.055
1340.069
1340.082
1340.096
1340.110
1340.124
1340.138
1340.152
1340.165
1340.179
1340.193
1340.207
1340.221
1340.234
1340.248
1340.262
1340.276
1340.290
1340.304
1340.317
1340.331
1340.345
1340.359
1340.373
1340.387
1340.400
1340.414
1340.428
1340.442
1340.456
1340.470
1340.483
1340.497
1340.511
1340.525
1340.539
1340.552
1340.566
1340.580
1340.594
1340.608
1340.622
1340.635
1340.649
1340.663
1340.677
1340.691
1340.704
1340.718
1340.732
1340.746
1340.760
1340.774
1340.787
1340.801
1340.815
1340.829
1340.843
1340.856
1340.870
1340.884
1340.898
1340.912
1340.925
1340.939
1340.953
1340.967
1340.981
1340.995
1341.008
1341.022
1341.036
1341.050
1341.064
1341.077
1341.091
1341.105
1341.119
1341.133
1341.146
1341.160
1341.174
1341.188
1341.202
1341.215
1341.229
1341.243
1341.257
1341.271
1341.284
1341.298
1341.312
1341.326
1341.340
1341.353
1341.367
1341.381
1341.395
1341.409
1341.422
1341.436
1341.450
1341.464
1341.477
1341.491
1341.505
1341.519
1341.533
1341.546
1341.560
1341.574
1341.588
1341.602
1341.615
1341.629
1341.643
1341.657
1341.671
1341.684
1341.698
1341.712
1341.726
1341.739
1341.753
1341.767
1341.781
1341.795
1341.808
1341.822
1341.836
1341.850
1341.863
1341.877
1341.891
1341.905
1341.919
1341.932
1341.946
1341.960
1341.974
1341.987
1342.001
1342.015
1342.029
1342.043
1342.056
1342.070
1342.084
1342.098
1342.111
1342.125
1342.139
1342.153
1342.167
1342.180
1342.194
1342.208
1342.222
1342.235
1342.249
1342.263
1342.277
1342.290
1342.304
1342.318
1342.332
1342.345
1342.359
1342.373
1342.387
1342.401
1342.414
1342.428
1342.442
1342.456
1342.469
1342.483
1342.497
1342.511
1342.524
1342.538
1342.552
1342.566
1342.579
1342.593
1342.607
1342.621
1342.634
1342.648
1342.662
1342.676
1342.689
1342.703
1342.717
1342.731
1342.744
1342.758
1342.772
1342.786
1342.799
1342.813
1342.827
1342.841
1342.854
1342.868
1342.882
1342.896
1342.909
1342.923
1342.937
1342.951
1342.964
1342.978
1342.992
1343.006
1343.019
1343.033
1343.047
1343.061
1343.074
1343.088
1343.102
1343.116
1343.129
1343.143
1343.157
1343.171
1343.184
1343.198
1343.212
1343.226
1343.239
1343.253
1343.267
1343.280
1343.294
1343.308
1343.322
1343.335
1343.349
1343.363
1343.377
1343.390
1343.404
1343.418
1343.432
1343.445
1343.459
1343.473
1343.486
1343.500
1343.514
1343.528
1343.541
1343.555
1343.569
1343.583
1343.596
1343.610
1343.624
1343.637
1343.651
1343.665
1343.679
1343.692
1343.706
1343.720
1343.734
1343.747
1343.761
1343.775
1343.788
1343.802
1343.816
1343.830
1343.843
1343.857
1343.871
1343.884
1343.898
1343.912
1343.926
1343.939
1343.953
1343.967
1343.980
1343.994
1344.008
1344.022
1344.035
1344.049
1344.063
1344.076
1344.090
1344.104
1344.118
1344.131
1344.145
1344.159
1344.172
1344.186
1344.200
1344.213
1344.227
1344.241
1344.255
1344.268
1344.282
1344.296
1344.309
1344.323
1344.337
1344.351
1344.364
1344.378
1344.392
1344.405
1344.419
1344.433
1344.446
1344.460
1344.474
1344.488
1344.501
1344.515
1344.529
1344.542
1344.556
1344.570
1344.583
1344.597
1344.611
1344.624
1344.638
1344.652
1344.666
1344.679
1344.693
1344.707
1344.720
1344.734
1344.748
1344.761
1344.775
1344.789
1344.802
1344.816
1344.830
1344.844
1344.857
1344.871
1344.885
1344.898
1344.912
1344.926
1344.939
1344.953
1344.967
1344.980
1344.994
1345.008
1345.021
1345.035
1345.049
1345.062
1345.076
1345.090
1345.103
1345.117
1345.131
1345.145
1345.158
1345.172
1345.186
1345.199
1345.213
1345.227
1345.240
1345.254
1345.268
1345.281
1345.295
1345.309
1345.322
1345.336
1345.350
1345.363
1345.377
1345.391
1345.404
1345.418
1345.432
1345.445
1345.459
1345.473
1345.486
1345.500
1345.514
1345.527
1345.541
1345.555
1345.568
1345.582
1345.596
1345.609
1345.623
1345.637
1345.650
1345.664
1345.678
1345.691
1345.705
1345.719
1345.732
1345.746
1345.760
1345.773
1345.787
1345.801
1345.814
1345.828
1345.841
1345.855
1345.869
1345.882
1345.896
1345.910
1345.923
1345.937
1345.951
1345.964
1345.978
1345.992
1346.005
1346.019
1346.033
1346.046
1346.060
1346.074
1346.087
1346.101
1346.114
1346.128
1346.142
1346.155
1346.169
1346.183
1346.196
1346.210
1346.224
1346.237
1346.251
1346.265
1346.278
1346.292
1346.306
1346.319
1346.333
1346.346
1346.360
1346.374
1346.387
1346.401
1346.415
1346.428
1346.442
1346.456
1346.469
1346.483
1346.496
1346.510
1346.524
1346.537
1346.551
1346.565
1346.578
1346.592
1346.605
1346.619
1346.633
1346.646
1346.660
1346.674
1346.687
1346.701
1346.715
1346.728
1346.742
1346.755
1346.769
1346.783
1346.796
1346.810
1346.824
1346.837
1346.851
1346.864
1346.878
1346.892
1346.905
1346.919
1346.933
1346.946
1346.960
1346.973
1346.987
1347.001
1347.014
1347.028
1347.041
1347.055
1347.069
1347.082
1347.096
1347.110
1347.123
1347.137
1347.150
1347.164
1347.178
1347.191
1347.205
1347.218
1347.232
1347.246
1347.259
1347.273
1347.287
1347.300
1347.314
1347.327
1347.341
1347.355
1347.368
1347.382
1347.395
1347.409
1347.423
1347.436
1347.450
1347.463
1347.477
1347.491
1347.504
1347.518
1347.531
1347.545
1347.559
1347.572
1347.586
1347.599
1347.613
1347.627
1347.640
1347.654
1347.667
1347.681
1347.695
1347.708
1347.722
1347.735
1347.749
1347.763
1347.776
1347.790
1347.803
1347.817
1347.831
1347.844
1347.858
1347.871
1347.885
1347.899
1347.912
1347.926
1347.939
1347.953
1347.966
1347.980
1347.994
1348.007
1348.021
1348.034
1348.048
1348.062
1348.075
1348.089
1348.102
1348.116
1348.130
1348.143
1348.157
1348.170
1348.184
1348.197
1348.211
1348.225
1348.238
1348.252
1348.265
1348.279
1348.293
1348.306
1348.320
1348.333
1348.347
1348.360
1348.374
1348.388
1348.401
1348.415
1348.428
1348.442
1348.455
1348.469
1348.483
1348.496
1348.510
1348.523
1348.537
1348.550
1348.564
1348.578
1348.591
1348.605
1348.618
1348.632
1348.645
1348.659
1348.673
1348.686
1348.700
1348.713
1348.727
1348.740
1348.754
1348.767
1348.781
1348.795
1348.808
1348.822
1348.835
1348.849
1348.862
1348.876
1348.890
1348.903
1348.917
1348.930
1348.944
1348.957
1348.971
1348.984
1348.998
1349.012
1349.025
1349.039
1349.052
1349.066
1349.079
1349.093
1349.106
1349.120
1349.134
1349.147
1349.161
1349.174
1349.188
1349.201
1349.215
1349.228
1349.242
1349.256
1349.269
1349.283
1349.296
1349.310
1349.323
1349.337
1349.350
1349.364
1349.377
1349.391
1349.405
1349.418
1349.432
1349.445
1349.459
1349.472
1349.486
1349.499
1349.513
1349.526
1349.540
1349.553
1349.567
1349.581
1349.594
1349.608
1349.621
1349.635
1349.648
1349.662
1349.675
1349.689
1349.702
1349.716
1349.729
1349.743
1349.757
1349.770
1349.784
1349.797
1349.811
1349.824
1349.838
1349.851
1349.865
1349.878
1349.892
1349.905
1349.919
1349.932
1349.946
1349.959
1349.973
1349.987
1350.000
1350.014
1350.027
1350.041
1350.054
1350.068
1350.081
1350.095
1350.108
1350.122
1350.135
1350.149
1350.162
1350.176
1350.189
1350.203
1350.216
1350.230
1350.243
1350.257
1350.270
1350.284
1350.297
1350.311
1350.325
1350.338
1350.352
1350.365
1350.379
1350.392
1350.406
1350.419
1350.433
1350.446
1350.460
1350.473
1350.487
1350.500
1350.514
1350.527
1350.541
1350.554
1350.568
1350.581
1350.595
1350.608
1350.622
1350.635
1350.649
1350.662
1350.676
1350.689
1350.703
1350.716
1350.730
1350.743
1350.757
1350.770
1350.784
1350.797
1350.811
1350.824
1350.838
1350.851
1350.865
1350.878
1350.892
1350.905
1350.919
1350.932
1350.946
1350.959
1350.973
1350.986
1351.000
1351.013
1351.027
1351.040
1351.054
1351.067
1351.081
1351.094
1351.108
1351.121
1351.135
1351.148
1351.162
1351.175
1351.189
1351.202
1351.216
1351.229
1351.243
1351.256
1351.270
1351.283
1351.297
1351.310
1351.323
1351.337
1351.350
1351.364
1351.377
1351.391
1351.404
1351.418
1351.431
1351.445
1351.458
1351.472
1351.485
1351.499
1351.512
1351.526
1351.539
1351.553
1351.566
1351.580
1351.593
1351.607
1351.620
1351.634
1351.647
1351.660
1351.674
1351.687
1351.701
1351.714
1351.728
1351.741
1351.755
1351.768
1351.782
1351.795
1351.809
1351.822
1351.836
1351.849
1351.863
1351.876
1351.889
1351.903
1351.916
1351.930
1351.943
1351.957
1351.970
1351.984
1351.997
1352.011
1352.024
1352.038
1352.051
1352.064
1352.078
1352.091
1352.105
1352.118
1352.132
1352.145
1352.159
1352.172
1352.186
1352.199
1352.213
1352.226
1352.239
1352.253
1352.266
1352.280
1352.293
1352.307
1352.320
1352.334
1352.347
1352.360
1352.374
1352.387
1352.401
1352.414
1352.428
1352.441
1352.455
1352.468
1352.482
1352.495
1352.508
1352.522
1352.535
1352.549
1352.562
1352.576
1352.589
1352.603
1352.616
1352.629
1352.643
1352.656
1352.670
1352.683
1352.697
1352.710
1352.724
1352.737
1352.750
1352.764
1352.777
1352.791
1352.804
1352.818
1352.831
1352.844
1352.858
1352.871
1352.885
1352.898
1352.912
1352.925
1352.939
1352.952
1352.965
1352.979
1352.992
1353.006
1353.019
1353.033
1353.046
1353.059
1353.073
1353.086
1353.100
1353.113
1353.127
1353.140
1353.153
1353.167
1353.180
1353.194
1353.207
1353.221
1353.234
1353.247
1353.261
1353.274
1353.288
1353.301
1353.314
1353.328
1353.341
1353.355
1353.368
1353.382
1353.395
1353.408
1353.422
1353.435
1353.449
1353.462
1353.476
1353.489
1353.502
1353.516
1353.529
1353.543
1353.556
1353.569
1353.583
1353.596
1353.610
1353.623
1353.636
1353.650
1353.663
1353.677
1353.690
1353.704
1353.717
1353.730
1353.744
1353.757
1353.771
1353.784
1353.797
1353.811
1353.824
1353.838
1353.851
1353.864
1353.878
1353.891
1353.905
1353.918
1353.931
1353.945
1353.958
1353.972
1353.985
1353.998
