1387.000
1387.015
1387.030
1387.045
1387.060
1387.075
1387.091
1387.106
1387.121
1387.136
1387.151
1387.166
1387.181
1387.196
1387.211
1387.226
1387.242
1387.257
1387.272
1387.287
1387.302
1387.317
1387.332
1387.347
1387.362
1387.377
1387.392
1387.408
1387.423
1387.438
1387.453
1387.468
1387.483
1387.498
1387.513
1387.528
1387.543
1387.558
1387.573
1387.589
1387.604
1387.619
1387.634
1387.649
1387.664
1387.679
1387.694
1387.709
1387.724
1387.739
1387.754
1387.770
1387.785
1387.800
1387.815
1387.830
1387.845
1387.860
1387.875
1387.890
1387.905
1387.920
1387.935
1387.950
1387.965
1387.981
1387.996
1388.011
1388.026
1388.041
1388.056
1388.071
1388.086
1388.101
1388.116
1388.131
1388.146
1388.161
1388.176
1388.191
1388.207
1388.222
1388.237
1388.252
1388.267
1388.282
1388.297
1388.312
1388.327
1388.342
1388.357
1388.372
1388.387
1388.402
1388.417
1388.432
1388.447
1388.463
1388.478
1388.493
1388.508
1388.523
1388.538
1388.553
1388.568
1388.583
1388.598
1388.613
1388.628
1388.643
1388.658
1388.673
1388.688
1388.703
1388.718
1388.733
1388.749
1388.764
1388.779
1388.794
1388.809
1388.824
1388.839
1388.854
1388.869
1388.884
1388.899
1388.914
1388.929
1388.944
1388.959
1388.974
1388.989
1389.004
1389.019
1389.034
1389.049
1389.064
1389.079
1389.094
1389.110
1389.125
1389.140
1389.155
1389.170
1389.185
1389.200
1389.215
1389.230
1389.245
1389.260
1389.275
1389.290
1389.305
1389.320
1389.335
1389.350
1389.365
1389.380
1389.395
1389.410
1389.425
1389.440
1389.455
1389.470
1389.485
1389.500
1389.515
1389.530
1389.545
1389.560
1389.575
1389.590
1389.605
1389.620
1389.635
1389.651
1389.666
1389.681
1389.696
1389.711
1389.726
1389.741
1389.756
1389.771
1389.786
1389.801
1389.816
1389.831
1389.846
1389.861
1389.876
1389.891
1389.906
1389.921
1389.936
1389.951
1389.966
1389.981
1389.996
1390.011
1390.026
1390.041
1390.056
1390.071
1390.086
1390.101
1390.116
1390.131
1390.146
1390.161
1390.176
1390.191
1390.206
1390.221
1390.236
1390.251
1390.266
1390.281
1390.296
1390.311
1390.326
1390.341
1390.356
1390.371
1390.386
1390.401
1390.416
1390.431
1390.446
1390.461
1390.476
1390.491
1390.506
1390.521
1390.536
1390.551
1390.566
1390.581
1390.596
1390.611
1390.626
1390.641
1390.656
1390.671
1390.686
1390.701
1390.716
1390.731
1390.746
1390.761
1390.776
1390.791
1390.806
1390.821
1390.836
1390.851
1390.866
1390.881
1390.896
1390.911
1390.925
1390.940
1390.955
1390.970
1390.985
1391.000
1391.015
1391.030
1391.045
1391.060
1391.075
1391.090
1391.105
1391.120
1391.135
1391.150
1391.165
1391.180
1391.195
1391.210
1391.225
1391.240
1391.255
1391.270
1391.285
1391.300
1391.315
1391.330
1391.345
1391.360
1391.375
1391.390
1391.405
1391.420
1391.435
1391.450
1391.464
1391.479
1391.494
1391.509
1391.524
1391.539
1391.554
1391.569
1391.584
1391.599
1391.614
1391.629
1391.644
1391.659
1391.674
1391.689
1391.704
1391.719
1391.734
1391.749
1391.764
1391.779
1391.794
1391.809
1391.823
1391.838
1391.853
1391.868
1391.883
1391.898
1391.913
1391.928
1391.943
1391.958
1391.973
1391.988
1392.003
1392.018
1392.033
1392.048
1392.063
1392.078
1392.093
1392.108
1392.122
1392.137
1392.152
1392.167
1392.182
1392.197
1392.212
1392.227
1392.242
1392.257
1392.272
1392.287
1392.302
1392.317
1392.332
1392.347
1392.361
1392.376
1392.391
1392.406
1392.421
1392.436
1392.451
1392.466
1392.481
1392.496
1392.511
1392.526
1392.541
1392.556
1392.571
1392.585
1392.600
1392.615
1392.630
1392.645
1392.660
1392.675
1392.690
1392.705
1392.720
1392.735
1392.750
1392.765
1392.780
1392.794
1392.809
1392.824
1392.839
1392.854
1392.869
1392.884
1392.899
1392.914
1392.929
1392.944
1392.959
1392.973
1392.988
1393.003
1393.018
1393.033
1393.048
1393.063
1393.078
1393.093
1393.108
1393.123
1393.138
1393.152
1393.167
1393.182
1393.197
1393.212
1393.227
1393.242
1393.257
1393.272
1393.287
1393.302
1393.316
1393.331
1393.346
1393.361
1393.376
1393.391
1393.406
1393.421
1393.436
1393.451
1393.466
1393.480
1393.495
1393.510
1393.525
1393.540
1393.555
1393.570
1393.585
1393.600
1393.615
1393.629
1393.644
1393.659
1393.674
1393.689
1393.704
1393.719
1393.734
1393.749
1393.763
1393.778
1393.793
1393.808
1393.823
1393.838
1393.853
1393.868
1393.883
1393.898
1393.912
1393.927
1393.942
1393.957
1393.972
1393.987
1394.002
1394.017
1394.032
1394.046
1394.061
1394.076
1394.091
1394.106
1394.121
1394.136
1394.151
1394.165
1394.180
1394.195
1394.210
1394.225
1394.240
1394.255
1394.270
1394.284
1394.299
1394.314
1394.329
1394.344
1394.359
1394.374
1394.389
1394.403
1394.418
1394.433
1394.448
1394.463
1394.478
1394.493
1394.508
1394.522
1394.537
1394.552
1394.567
1394.582
1394.597
1394.612
1394.627
1394.641
1394.656
1394.671
1394.686
1394.701
1394.716
1394.731
1394.745
1394.760
1394.775
1394.790
1394.805
1394.820
1394.835
1394.850
1394.864
1394.879
1394.894
1394.909
1394.924
1394.939
1394.954
1394.968
1394.983
1394.998
1395.013
1395.028
1395.043
1395.058
1395.072
1395.087
1395.102
1395.117
1395.132
1395.147
1395.161
1395.176
1395.191
1395.206
1395.221
1395.236
1395.251
1395.265
1395.280
1395.295
1395.310
1395.325
1395.340
1395.355
1395.369
1395.384
1395.399
1395.414
1395.429
1395.444
1395.458
1395.473
1395.488
1395.503
1395.518
1395.533
1395.547
1395.562
1395.577
1395.592
1395.607
1395.622
1395.636
1395.651
1395.666
1395.681
1395.696
1395.711
1395.725
1395.740
1395.755
1395.770
1395.785
1395.800
1395.814
1395.829
1395.844
1395.859
1395.874
1395.889
1395.903
1395.918
1395.933
1395.948
1395.963
1395.978
1395.992
1396.007
1396.022
1396.037
1396.052
1396.067
1396.081
1396.096
1396.111
1396.126
1396.141
1396.155
1396.170
1396.185
1396.200
1396.215
1396.230
1396.244
1396.259
1396.274
1396.289
1396.304
1396.318
1396.333
1396.348
1396.363
1396.378
1396.393
1396.407
1396.422
1396.437
1396.452
1396.467
1396.481
1396.496
1396.511
1396.526
1396.541
1396.555
1396.570
1396.585
1396.600
1396.615
1396.629
1396.644
1396.659
1396.674
1396.689
1396.704
1396.718
1396.733
1396.748
1396.763
1396.778
1396.792
1396.807
1396.822
1396.837
1396.852
1396.866
1396.881
1396.896
1396.911
1396.926
1396.940
1396.955
1396.970
1396.985
1397.000
1397.014
1397.029
1397.044
1397.059
1397.073
1397.088
1397.103
1397.118
1397.133
1397.147
1397.162
1397.177
1397.192
1397.207
1397.221
1397.236
1397.251
1397.266
1397.281
1397.295
1397.310
1397.325
1397.340
1397.354
1397.369
1397.384
1397.399
1397.414
1397.428
1397.443
1397.458
1397.473
1397.487
1397.502
1397.517
1397.532
1397.547
1397.561
1397.576
1397.591
1397.606
1397.620
1397.635
1397.650
1397.665
1397.680
1397.694
1397.709
1397.724
1397.739
1397.753
1397.768
1397.783
1397.798
1397.813
1397.827
1397.842
1397.857
1397.872
1397.886
1397.901
1397.916
1397.931
1397.945
1397.960
1397.975
1397.990
1398.004
1398.019
1398.034
1398.049
1398.064
1398.078
1398.093
1398.108
1398.123
1398.137
1398.152
1398.167
1398.182
1398.196
1398.211
1398.226
1398.241
1398.255
1398.270
1398.285
1398.300
1398.314
1398.329
1398.344
1398.359
1398.373
1398.388
1398.403
1398.418
1398.432
1398.447
1398.462
1398.477
1398.491
1398.506
1398.521
1398.536
1398.550
1398.565
1398.580
1398.595
1398.609
1398.624
1398.639
1398.654
1398.668
1398.683
1398.698
1398.713
1398.727
1398.742
1398.757
1398.772
1398.786
1398.801
1398.816
1398.831
1398.845
1398.860
1398.875
1398.890
1398.904
1398.919
1398.934
1398.948
1398.963
1398.978
1398.993
1399.007
1399.022
1399.037
1399.052
1399.066
1399.081
1399.096
1399.111
1399.125
1399.140
1399.155
1399.169
1399.184
1399.199
1399.214
1399.228
1399.243
1399.258
1399.273
1399.287
1399.302
1399.317
1399.331
1399.346
1399.361
1399.376
1399.390
1399.405
1399.420
1399.434
1399.449
1399.464
1399.479
1399.493
1399.508
1399.523
1399.538
1399.552
1399.567
1399.582
1399.596
1399.611
1399.626
1399.641
1399.655
1399.670
1399.685
1399.699
1399.714
1399.729
1399.744
1399.758
1399.773
1399.788
1399.802
1399.817
1399.832
1399.846
1399.861
1399.876
1399.891
1399.905
1399.920
1399.935
1399.949
1399.964
1399.979
1399.994
1400.008
1400.023
1400.038
1400.052
1400.067
1400.082
1400.096
1400.111
1400.126
1400.141
1400.155
1400.170
1400.185
1400.199
1400.214
1400.229
1400.243
1400.258
1400.273
1400.288
1400.302
1400.317
1400.332
1400.346
1400.361
1400.376
1400.390
1400.405
1400.420
1400.434
1400.449
1400.464
1400.478
1400.493
1400.508
1400.523
1400.537
1400.552
1400.567
1400.581
1400.596
1400.611
1400.625
1400.640
1400.655
1400.669
1400.684
1400.699
1400.713
1400.728
1400.743
1400.757
1400.772
1400.787
1400.802
1400.816
1400.831
1400.846
1400.860
1400.875
1400.890
1400.904
1400.919
1400.934
1400.948
1400.963
1400.978
1400.992
1401.007
1401.022
1401.036
1401.051
1401.066
1401.080
1401.095
1401.110
1401.124
1401.139
1401.154
1401.168
1401.183
1401.198
1401.212
1401.227
1401.242
1401.256
1401.271
1401.286
1401.300
1401.315
1401.330
1401.344
1401.359
1401.374
1401.388
1401.403
1401.418
1401.432
1401.447
1401.462
1401.476
1401.491
1401.506
1401.520
1401.535
1401.550
1401.564
1401.579
1401.594
1401.608
1401.623
1401.637
1401.652
1401.667
1401.681
1401.696
1401.711
1401.725
1401.740
1401.755
1401.769
1401.784
1401.799
1401.813
1401.828
1401.843
1401.857
1401.872
1401.887
1401.901
1401.916
1401.930
1401.945
1401.960
1401.974
1401.989
1402.004
1402.018
1402.033
1402.048
1402.062
1402.077
1402.091
1402.106
1402.121
1402.135
1402.150
1402.165
1402.179
1402.194
1402.209
1402.223
1402.238
1402.253
1402.267
1402.282
1402.296
1402.311
1402.326
1402.340
1402.355
1402.370
1402.384
1402.399
1402.413
1402.428
1402.443
1402.457
1402.472
1402.487
1402.501
1402.516
1402.530
1402.545
1402.560
1402.574
1402.589
1402.604
1402.618
1402.633
1402.647
1402.662
1402.677
1402.691
1402.706
1402.721
1402.735
1402.750
1402.764
1402.779
1402.794
1402.808
1402.823
1402.838
1402.852
1402.867
1402.881
1402.896
1402.911
1402.925
1402.940
1402.954
1402.969
1402.984
1402.998
1403.013
1403.027
1403.042
1403.057
1403.071
1403.086
1403.101
1403.115
1403.130
1403.144
1403.159
1403.174
1403.188
1403.203
1403.217
1403.232
1403.247
1403.261
1403.276
1403.290
1403.305
1403.320
1403.334
1403.349
1403.363
1403.378
1403.393
1403.407
1403.422
1403.436
1403.451
1403.466
1403.480
1403.495
1403.509
1403.524
1403.539
1403.553
1403.568
1403.582
1403.597
1403.612
1403.626
1403.641
1403.655
1403.670
1403.685
1403.699
1403.714
1403.728
1403.743
1403.757
1403.772
1403.787
1403.801
1403.816
1403.830
1403.845
1403.860
1403.874
1403.889
1403.903
1403.918
1403.932
1403.947
1403.962
1403.976
1403.991
1404.005
1404.020
1404.035
1404.049
1404.064
1404.078
1404.093
1404.107
1404.122
1404.137
1404.151
1404.166
1404.180
1404.195
1404.209
1404.224
1404.239
1404.253
1404.268
1404.282
1404.297
1404.311
1404.326
1404.341
1404.355
1404.370
1404.384
1404.399
1404.413
1404.428
1404.443
1404.457
1404.472
1404.486
1404.501
1404.515
1404.530
1404.545
1404.559
1404.574
1404.588
1404.603
1404.617
1404.632
1404.647
1404.661
1404.676
1404.690
1404.705
1404.719
1404.734
1404.748
1404.763
1404.778
1404.792
1404.807
1404.821
1404.836
1404.850
1404.865
1404.879
1404.894
1404.909
1404.923
1404.938
1404.952
1404.967
1404.981
1404.996
1405.010
1405.025
1405.039
1405.054
1405.069
1405.083
1405.098
1405.112
1405.127
1405.141
1405.156
1405.170
1405.185
1405.199
1405.214
1405.229
1405.243
1405.258
1405.272
1405.287
1405.301
1405.316
1405.330
1405.345
1405.359
1405.374
1405.389
1405.403
1405.418
1405.432
1405.447
1405.461
1405.476
1405.490
1405.505
1405.519
1405.534
1405.548
1405.563
1405.577
1405.592
1405.607
1405.621
1405.636
1405.650
1405.665
1405.679
1405.694
1405.708
1405.723
1405.737
1405.752
1405.766
1405.781
1405.795
1405.810
1405.824
1405.839
1405.854
1405.868
1405.883
1405.897
1405.912
1405.926
1405.941
1405.955
1405.970
1405.984
1405.999
1406.013
1406.028
1406.042
1406.057
1406.071
1406.086
1406.100
1406.115
1406.129
1406.144
1406.158
1406.173
1406.187
1406.202
1406.217
1406.231
1406.246
1406.260
1406.275
1406.289
1406.304
1406.318
1406.333
1406.347
1406.362
1406.376
1406.391
1406.405
1406.420
1406.434
1406.449
1406.463
1406.478
1406.492
1406.507
1406.521
1406.536
1406.550
1406.565
1406.579
1406.594
1406.608
1406.623
1406.637
1406.652
1406.666
1406.681
1406.695
1406.710
1406.724
1406.739
1406.753
1406.768
1406.782
1406.797
1406.811
1406.826
1406.840
1406.855
1406.869
1406.884
1406.898
1406.913
1406.927
1406.942
1406.956
1406.971
1406.985
1407.000
1407.014
1407.029
1407.043
1407.058
1407.072
1407.086
1407.101
1407.115
1407.130
1407.144
1407.159
1407.173
1407.188
1407.202
1407.217
1407.231
1407.246
1407.260
1407.275
1407.289
1407.304
1407.318
1407.333
1407.347
1407.362
1407.376
1407.391
1407.405
1407.420
1407.434
1407.449
1407.463
1407.477
1407.492
1407.506
1407.521
1407.535
1407.550
1407.564
1407.579
1407.593
1407.608
1407.622
1407.637
1407.651
1407.666
1407.680
1407.695
1407.709
1407.723
1407.738
1407.752
1407.767
1407.781
1407.796
1407.810
1407.825
1407.839
1407.854
1407.868
1407.883
1407.897
1407.911
1407.926
1407.940
1407.955
1407.969
1407.984
1407.998
1408.013
1408.027
1408.042
1408.056
1408.071
1408.085
1408.099
1408.114
1408.128
1408.143
1408.157
1408.172
1408.186
1408.201
1408.215
1408.230
1408.244
1408.258
1408.273
1408.287
1408.302
1408.316
1408.331
1408.345
1408.360
1408.374
1408.388
1408.403
1408.417
1408.432
1408.446
1408.461
1408.475
1408.490
1408.504
1408.518
1408.533
1408.547
1408.562
1408.576
1408.591
1408.605
1408.620
1408.634
1408.648
1408.663
1408.677
1408.692
1408.706
1408.721
1408.735
1408.750
1408.764
1408.778
1408.793
1408.807
1408.822
1408.836
1408.851
1408.865
1408.879
1408.894
1408.908
1408.923
1408.937
1408.952
1408.966
1408.980
1408.995
1409.009
1409.024
1409.038
1409.053
1409.067
1409.081
1409.096
1409.110
1409.125
1409.139
1409.154
1409.168
1409.182
1409.197
1409.211
1409.226
1409.240
1409.254
1409.269
1409.283
1409.298
1409.312
1409.327
1409.341
1409.355
1409.370
1409.384
1409.399
1409.413
1409.427
1409.442
1409.456
1409.471
1409.485
1409.500
1409.514
1409.528
1409.543
1409.557
1409.572
1409.586
1409.600
1409.615
1409.629
1409.644
1409.658
1409.672
1409.687
1409.701
1409.716
1409.730
1409.745
1409.759
1409.773
1409.788
1409.802
1409.817
1409.831
1409.845
1409.860
1409.874
1409.889
1409.903
1409.917
1409.932
1409.946
1409.961
1409.975
1409.989
1410.004
1410.018
1410.033
1410.047
1410.061
1410.076
1410.090
1410.105
1410.119
1410.133
1410.148
1410.162
1410.176
1410.191
1410.205
1410.220
1410.234
1410.248
1410.263
1410.277
1410.292
1410.306
1410.320
1410.335
1410.349
1410.364
1410.378
1410.392
1410.407
1410.421
1410.435
1410.450
1410.464
1410.479
1410.493
1410.507
1410.522
1410.536
1410.551
1410.565
1410.579
1410.594
1410.608
1410.622
1410.637
1410.651
1410.666
1410.680
1410.694
1410.709
1410.723
1410.737
1410.752
1410.766
1410.781
1410.795
1410.809
1410.824
1410.838
1410.852
1410.867
1410.881
1410.896
1410.910
1410.924
1410.939
1410.953
1410.967
1410.982
1410.996
1411.010
1411.025
1411.039
1411.054
1411.068
1411.082
1411.097
1411.111
1411.125
1411.140
1411.154
1411.168
1411.183
1411.197
1411.212
1411.226
1411.240
1411.255
1411.269
1411.283
1411.298
1411.312
1411.326
1411.341
1411.355
1411.370
1411.384
1411.398
1411.413
1411.427
1411.441
1411.456
1411.470
1411.484
1411.499
1411.513
1411.527
1411.542
1411.556
1411.570
1411.585
1411.599
1411.613
1411.628
1411.642
1411.657
1411.671
1411.685
1411.700
1411.714
1411.728
1411.743
1411.757
1411.771
1411.786
1411.800
1411.814
1411.829
1411.843
1411.857
1411.872
1411.886
1411.900
1411.915
1411.929
1411.943
1411.958
1411.972
1411.986
1412.001
1412.015
1412.029
1412.044
1412.058
1412.072
1412.087
1412.101
1412.115
1412.130
1412.144
1412.158
1412.173
1412.187
1412.201
1412.216
1412.230
1412.244
1412.259
1412.273
1412.287
1412.302
1412.316
1412.330
1412.345
1412.359
1412.373
1412.388
1412.402
1412.416
1412.431
1412.445
1412.459
1412.474
1412.488
1412.502
1412.517
1412.531
1412.545
1412.560
1412.574
1412.588
1412.602
1412.617
1412.631
1412.645
1412.660
1412.674
1412.688
1412.703
1412.717
1412.731
1412.746
1412.760
1412.774
1412.789
1412.803
1412.817
1412.831
1412.846
1412.860
1412.874
1412.889
1412.903
1412.917
1412.932
1412.946
1412.960
1412.975
1412.989
1413.003
1413.017
1413.032
1413.046
1413.060
1413.075
1413.089
1413.103
1413.118
1413.132
1413.146
1413.161
1413.175
1413.189
1413.203
1413.218
1413.232
1413.246
1413.261
1413.275
1413.289
1413.304
1413.318
1413.332
1413.346
1413.361
1413.375
1413.389
1413.404
1413.418
1413.432
1413.446
1413.461
1413.475
1413.489
1413.504
1413.518
1413.532
1413.546
1413.561
1413.575
1413.589
1413.604
1413.618
1413.632
1413.647
1413.661
1413.675
1413.689
1413.704
1413.718
1413.732
1413.746
1413.761
1413.775
1413.789
1413.804
1413.818
1413.832
1413.846
1413.861
1413.875
1413.889
1413.904
1413.918
1413.932
1413.946
1413.961
1413.975
1413.989
1414.004
1414.018
1414.032
1414.046
1414.061
1414.075
1414.089
1414.103
1414.118
1414.132
1414.146
1414.161
1414.175
1414.189
1414.203
1414.218
1414.232
1414.246
1414.260
1414.275
1414.289
1414.303
1414.317
1414.332
1414.346
1414.360
1414.375
1414.389
1414.403
1414.417
1414.432
1414.446
1414.460
1414.474
1414.489
1414.503
1414.517
1414.531
1414.546
1414.560
1414.574
1414.588
1414.603
1414.617
1414.631
1414.645
1414.660
1414.674
1414.688
1414.702
1414.717
1414.731
1414.745
1414.759
1414.774
1414.788
1414.802
1414.816
1414.831
1414.845
1414.859
1414.873
1414.888
1414.902
1414.916
1414.930
1414.945
1414.959
1414.973
1414.987
1415.002
1415.016
1415.030
1415.044
1415.059
1415.073
1415.087
1415.101
1415.116
1415.130
1415.144
1415.158
1415.173
1415.187
1415.201
1415.215
1415.230
1415.244
1415.258
1415.272
1415.287
1415.301
1415.315
1415.329
1415.343
1415.358
1415.372
1415.386
1415.400
1415.415
1415.429
1415.443
1415.457
1415.472
1415.486
1415.500
1415.514
1415.528
1415.543
1415.557
1415.571
1415.585
1415.600
1415.614
1415.628
1415.642
1415.657
1415.671
1415.685
1415.699
1415.713
1415.728
1415.742
1415.756
1415.770
1415.785
1415.799
1415.813
1415.827
1415.841
1415.856
1415.870
1415.884
1415.898
1415.912
1415.927
1415.941
1415.955
1415.969
1415.984
1415.998
1416.012
1416.026
1416.040
1416.055
1416.069
1416.083
1416.097
1416.111
1416.126
1416.140
1416.154
1416.168
1416.183
1416.197
1416.211
1416.225
1416.239
1416.254
1416.268
1416.282
1416.296
1416.310
1416.325
1416.339
1416.353
1416.367
1416.381
1416.396
1416.410
1416.424
1416.438
1416.452
1416.467
1416.481
1416.495
1416.509
1416.523
1416.538
1416.552
1416.566
1416.580
1416.594
1416.609
1416.623
1416.637
1416.651
1416.665
1416.680
1416.694
1416.708
1416.722
1416.736
1416.751
1416.765
1416.779
1416.793
1416.807
1416.821
1416.836
1416.850
1416.864
1416.878
1416.892
1416.907
1416.921
1416.935
1416.949
1416.963
1416.978
1416.992
1417.006
1417.020
1417.034
1417.048
1417.063
1417.077
1417.091
1417.105
1417.119
1417.134
1417.148
1417.162
1417.176
1417.190
1417.204
1417.219
1417.233
1417.247
1417.261
1417.275
1417.289
1417.304
1417.318
1417.332
1417.346
1417.360
1417.375
1417.389
1417.403
1417.417
1417.431
1417.445
1417.460
1417.474
1417.488
1417.502
1417.516
1417.530
1417.545
1417.559
1417.573
1417.587
1417.601
1417.615
1417.630
1417.644
1417.658
1417.672
1417.686
1417.700
1417.715
1417.729
1417.743
1417.757
1417.771
1417.785
1417.799
1417.814
1417.828
1417.842
1417.856
1417.870
1417.884
1417.899
1417.913
1417.927
1417.941
1417.955
1417.969
1417.984
1417.998
1418.012
1418.026
1418.040
1418.054
1418.068
1418.083
1418.097
1418.111
1418.125
1418.139
1418.153
1418.167
1418.182
1418.196
1418.210
1418.224
1418.238
1418.252
1418.266
1418.281
1418.295
1418.309
1418.323
1418.337
1418.351
1418.365
1418.380
1418.394
1418.408
1418.422
1418.436
1418.450
1418.464
1418.479
1418.493
1418.507
1418.521
1418.535
1418.549
1418.563
1418.578
1418.592
1418.606
1418.620
1418.634
1418.648
1418.662
1418.677
1418.691
1418.705
1418.719
1418.733
1418.747
1418.761
1418.775
1418.790
1418.804
1418.818
1418.832
1418.846
1418.860
1418.874
1418.888
1418.903
1418.917
1418.931
1418.945
1418.959
1418.973
1418.987
1419.001
1419.016
1419.030
1419.044
1419.058
1419.072
1419.086
1419.100
1419.114
1419.129
1419.143
1419.157
1419.171
1419.185
1419.199
1419.213
1419.227
1419.241
1419.256
1419.270
1419.284
1419.298
1419.312
1419.326
1419.340
1419.354
1419.368
1419.383
1419.397
1419.411
1419.425
1419.439
1419.453
1419.467
1419.481
1419.495
1419.510
1419.524
1419.538
1419.552
1419.566
1419.580
1419.594
1419.608
1419.622
1419.637
1419.651
1419.665
1419.679
1419.693
1419.707
1419.721
1419.735
1419.749
1419.763
1419.778
1419.792
1419.806
1419.820
1419.834
1419.848
1419.862
1419.876
1419.890
1419.904
1419.918
1419.933
1419.947
1419.961
1419.975
1419.989
1420.003
1420.017
1420.031
1420.045
1420.059
1420.073
1420.088
1420.102
1420.116
1420.130
1420.144
1420.158
1420.172
1420.186
1420.200
1420.214
1420.228
1420.243
1420.257
1420.271
1420.285
1420.299
1420.313
1420.327
1420.341
1420.355
1420.369
1420.383
1420.397
1420.412
1420.426
1420.440
1420.454
1420.468
1420.482
1420.496
1420.510
1420.524
1420.538
1420.552
1420.566
1420.580
1420.595
1420.609
1420.623
1420.637
1420.651
1420.665
1420.679
1420.693
1420.707
1420.721
1420.735
1420.749
1420.763
1420.777
1420.792
1420.806
1420.820
1420.834
1420.848
1420.862
1420.876
1420.890
1420.904
1420.918
1420.932
1420.946
1420.960
1420.974
1420.988
1421.002
1421.017
1421.031
1421.045
1421.059
1421.073
1421.087
1421.101
1421.115
1421.129
1421.143
1421.157
1421.171
1421.185
1421.199
1421.213
1421.227
1421.241
1421.256
1421.270
1421.284
1421.298
1421.312
1421.326
1421.340
1421.354
1421.368
1421.382
1421.396
1421.410
1421.424
1421.438
1421.452
1421.466
1421.480
1421.494
1421.508
1421.522
1421.536
1421.551
1421.565
1421.579
1421.593
1421.607
1421.621
1421.635
1421.649
1421.663
1421.677
1421.691
1421.705
1421.719
1421.733
1421.747
1421.761
1421.775
1421.789
1421.803
1421.817
1421.831
1421.845
1421.859
1421.873
1421.887
1421.902
1421.916
1421.930
1421.944
1421.958
1421.972
1421.986
1422.000
1422.014
1422.028
1422.042
1422.056
1422.070
1422.084
1422.098
1422.112
1422.126
1422.140
1422.154
1422.168
1422.182
1422.196
1422.210
1422.224
1422.238
1422.252
1422.266
1422.280
1422.294
1422.308
1422.322
1422.336
1422.350
1422.364
1422.378
1422.392
1422.406
1422.420
1422.434
1422.449
1422.463
1422.477
1422.491
1422.505
1422.519
1422.533
1422.547
1422.561
1422.575
1422.589
1422.603
1422.617
1422.631
1422.645
1422.659
1422.673
1422.687
1422.701
1422.715
1422.729
1422.743
1422.757
1422.771
1422.785
1422.799
1422.813
1422.827
1422.841
1422.855
1422.869
1422.883
1422.897
1422.911
1422.925
1422.939
1422.953
1422.967
1422.981
1422.995
