# Wavelength table for hrs,echa,28
1971.000 
1971.022 
1971.044 
1971.066 
1971.088 
1971.110 
1971.133 
1971.155 
1971.177 
1971.199 
1971.221 
1971.243 
1971.265 
1971.287 
1971.309 
1971.331 
1971.354 
1971.376 
1971.398 
1971.420 
1971.442 
1971.464 
1971.486 
1971.508 
1971.530 
1971.552 
1971.574 
1971.596 
1971.619 
1971.641 
1971.663 
1971.685 
1971.707 
1971.729 
1971.751 
1971.773 
1971.795 
1971.817 
1971.839 
1971.861 
1971.883 
1971.905 
1971.928 
1971.950 
1971.972 
1971.994 
1972.016 
1972.038 
1972.060 
1972.082 
1972.104 
1972.126 
1972.148 
1972.170 
1972.192 
1972.214 
1972.236 
1972.259 
1972.281 
1972.303 
1972.325 
1972.347 
1972.369 
1972.391 
1972.413 
1972.435 
1972.457 
1972.479 
1972.501 
1972.523 
1972.545 
1972.567 
1972.589 
1972.611 
1972.633 
1972.655 
1972.678 
1972.700 
1972.722 
1972.744 
1972.766 
1972.788 
1972.810 
1972.832 
1972.854 
1972.876 
1972.898 
1972.920 
1972.942 
1972.964 
1972.986 
1973.008 
1973.030 
1973.052 
1973.074 
1973.096 
1973.118 
1973.140 
1973.162 
1973.184 
1973.206 
1973.228 
1973.250 
1973.272 
1973.294 
1973.317 
1973.339 
1973.361 
1973.383 
1973.405 
1973.427 
1973.449 
1973.471 
1973.493 
1973.515 
1973.537 
1973.559 
1973.581 
1973.603 
1973.625 
1973.647 
1973.669 
1973.691 
1973.713 
1973.735 
1973.757 
1973.779 
1973.801 
1973.823 
1973.845 
1973.867 
1973.889 
1973.911 
1973.933 
1973.955 
1973.977 
1973.999 
1974.021 
1974.043 
1974.065 
1974.087 
1974.109 
1974.131 
1974.153 
1974.175 
1974.197 
1974.219 
1974.241 
1974.263 
1974.285 
1974.307 
1974.329 
1974.351 
1974.373 
1974.395 
1974.417 
1974.439 
1974.461 
1974.483 
1974.505 
1974.527 
1974.549 
1974.571 
1974.593 
1974.615 
1974.637 
1974.659 
1974.681 
1974.703 
1974.725 
1974.747 
1974.769 
1974.790 
1974.812 
1974.834 
1974.856 
1974.878 
1974.900 
1974.922 
1974.944 
1974.966 
1974.988 
1975.010 
1975.032 
1975.054 
1975.076 
1975.098 
1975.120 
1975.142 
1975.164 
1975.186 
1975.208 
1975.230 
1975.252 
1975.274 
1975.296 
1975.318 
1975.340 
1975.362 
1975.384 
1975.406 
1975.427 
1975.449 
1975.471 
1975.493 
1975.515 
1975.537 
1975.559 
1975.581 
1975.603 
1975.625 
1975.647 
1975.669 
1975.691 
1975.713 
1975.735 
1975.757 
1975.779 
1975.801 
1975.823 
1975.844 
1975.866 
1975.888 
1975.910 
1975.932 
1975.954 
1975.976 
1975.998 
1976.020 
1976.042 
1976.064 
1976.086 
1976.108 
1976.130 
1976.152 
1976.174 
1976.195 
1976.217 
1976.239 
1976.261 
1976.283 
1976.305 
1976.327 
1976.349 
1976.371 
1976.393 
1976.415 
1976.437 
1976.459 
1976.480 
1976.502 
1976.524 
1976.546 
1976.568 
1976.590 
1976.612 
1976.634 
1976.656 
1976.678 
1976.700 
1976.722 
1976.743 
1976.765 
1976.787 
1976.809 
1976.831 
1976.853 
1976.875 
1976.897 
1976.919 
1976.941 
1976.963 
1976.984 
1977.006 
1977.028 
1977.050 
1977.072 
1977.094 
1977.116 
1977.138 
1977.160 
1977.182 
1977.203 
1977.225 
1977.247 
1977.269 
1977.291 
1977.313 
1977.335 
1977.357 
1977.379 
1977.400 
1977.422 
1977.444 
1977.466 
1977.488 
1977.510 
1977.532 
1977.554 
1977.576 
1977.597 
1977.619 
1977.641 
1977.663 
1977.685 
1977.707 
1977.729 
1977.751 
1977.772 
1977.794 
1977.816 
1977.838 
1977.860 
1977.882 
1977.904 
1977.926 
1977.947 
1977.969 
1977.991 
1978.013 
1978.035 
1978.057 
1978.079 
1978.101 
1978.122 
1978.144 
1978.166 
1978.188 
1978.210 
1978.232 
1978.254 
1978.275 
1978.297 
1978.319 
1978.341 
1978.363 
1978.385 
1978.407 
1978.428 
1978.450 
1978.472 
1978.494 
1978.516 
1978.538 
1978.560 
1978.581 
1978.603 
1978.625 
1978.647 
1978.669 
1978.691 
1978.713 
1978.734 
1978.756 
1978.778 
1978.800 
1978.822 
1978.844 
1978.865 
1978.887 
1978.909 
1978.931 
1978.953 
1978.975 
1978.996 
1979.018 
1979.040 
1979.062 
1979.084 
1979.106 
1979.127 
1979.149 
1979.171 
1979.193 
1979.215 
1979.237 
1979.258 
1979.280 
1979.302 
1979.324 
1979.346 
1979.368 
1979.389 
1979.411 
1979.433 
1979.455 
1979.477 
1979.498 
1979.520 
1979.542 
1979.564 
1979.586 
1979.608 
1979.629 
1979.651 
1979.673 
1979.695 
1979.717 
1979.738 
1979.760 
1979.782 
1979.804 
1979.826 
1979.848 
1979.869 
1979.891 
1979.913 
1979.935 
1979.957 
1979.978 
1980.000 
1980.022 
1980.044 
1980.066 
1980.087 
1980.109 
1980.131 
1980.153 
1980.175 
1980.196 
1980.218 
1980.240 
1980.262 
1980.284 
1980.305 
1980.327 
1980.349 
1980.371 
1980.392 
1980.414 
1980.436 
1980.458 
1980.480 
1980.501 
1980.523 
1980.545 
1980.567 
1980.589 
1980.610 
1980.632 
1980.654 
1980.676 
1980.697 
1980.719 
1980.741 
1980.763 
1980.785 
1980.806 
1980.828 
1980.850 
1980.872 
1980.893 
1980.915 
1980.937 
1980.959 
1980.981 
1981.002 
1981.024 
1981.046 
1981.068 
1981.089 
1981.111 
1981.133 
1981.155 
1981.176 
1981.198 
1981.220 
1981.242 
1981.264 
1981.285 
1981.307 
1981.329 
1981.351 
1981.372 
1981.394 
1981.416 
1981.438 
1981.459 
1981.481 
1981.503 
1981.525 
1981.546 
1981.568 
1981.590 
1981.612 
1981.633 
1981.655 
1981.677 
1981.699 
1981.720 
1981.742 
1981.764 
1981.786 
1981.807 
1981.829 
1981.851 
1981.873 
1981.894 
1981.916 
1981.938 
1981.960 
1981.981 
1982.003 
1982.025 
1982.046 
1982.068 
1982.090 
1982.112 
1982.133 
1982.155 
1982.177 
1982.199 
1982.220 
1982.242 
1982.264 
1982.285 
1982.307 
1982.329 
1982.351 
1982.372 
1982.394 
1982.416 
1982.438 
1982.459 
1982.481 
1982.503 
1982.524 
1982.546 
1982.568 
1982.590 
1982.611 
1982.633 
1982.655 
1982.676 
1982.698 
1982.720 
1982.742 
1982.763 
1982.785 
1982.807 
1982.828 
1982.850 
1982.872 
1982.894 
1982.915 
1982.937 
1982.959 
1982.980 
1983.002 
1983.024 
1983.046 
1983.067 
1983.089 
1983.111 
1983.132 
1983.154 
1983.176 
1983.197 
1983.219 
1983.241 
1983.262 
1983.284 
1983.306 
1983.328 
1983.349 
1983.371 
1983.393 
1983.414 
1983.436 
1983.458 
1983.479 
1983.501 
1983.523 
1983.544 
1983.566 
1983.588 
1983.610 
1983.631 
1983.653 
1983.675 
1983.696 
1983.718 
1983.740 
1983.761 
1983.783 
1983.805 
1983.826 
1983.848 
1983.870 
1983.891 
1983.913 
1983.935 
1983.956 
1983.978 
1984.000 
1984.021 
1984.043 
1984.065 
1984.086 
1984.108 
1984.130 
1984.151 
1984.173 
1984.195 
1984.216 
1984.238 
1984.260 
1984.281 
1984.303 
1984.325 
1984.346 
1984.368 
1984.390 
1984.411 
1984.433 
1984.455 
1984.476 
1984.498 
1984.520 
1984.541 
1984.563 
1984.585 
1984.606 
1984.628 
1984.649 
1984.671 
1984.693 
1984.714 
1984.736 
1984.758 
1984.779 
1984.801 
1984.823 
1984.844 
1984.866 
1984.888 
1984.909 
1984.931 
1984.952 
1984.974 
1984.996 
1985.017 
1985.039 
1985.061 
1985.082 
1985.104 
1985.126 
1985.147 
1985.169 
1985.190 
1985.212 
1985.234 
1985.255 
1985.277 
1985.299 
1985.320 
1985.342 
1985.363 
1985.385 
1985.407 
1985.428 
1985.450 
1985.472 
1985.493 
1985.515 
1985.536 
1985.558 
1985.580 
1985.601 
1985.623 
1985.645 
1985.666 
1985.688 
1985.709 
1985.731 
1985.753 
1985.774 
1985.796 
1985.817 
1985.839 
1985.861 
1985.882 
1985.904 
1985.925 
1985.947 
1985.969 
1985.990 
1986.012 
1986.033 
1986.055 
1986.077 
1986.098 
1986.120 
1986.141 
1986.163 
1986.185 
1986.206 
1986.228 
1986.249 
1986.271 
1986.293 
1986.314 
1986.336 
1986.357 
1986.379 
1986.401 
1986.422 
1986.444 
1986.465 
1986.487 
1986.509 
1986.530 
1986.552 
1986.573 
1986.595 
1986.616 
1986.638 
1986.660 
1986.681 
1986.703 
1986.724 
1986.746 
1986.768 
1986.789 
1986.811 
1986.832 
1986.854 
1986.875 
1986.897 
1986.919 
1986.940 
1986.962 
1986.983 
1987.005 
1987.026 
1987.048 
1987.070 
1987.091 
1987.113 
1987.134 
1987.156 
1987.177 
1987.199 
1987.220 
1987.242 
1987.264 
1987.285 
1987.307 
1987.328 
1987.350 
1987.371 
1987.393 
1987.414 
1987.436 
1987.458 
1987.479 
1987.501 
1987.522 
1987.544 
1987.565 
1987.587 
1987.608 
1987.630 
1987.652 
1987.673 
1987.695 
1987.716 
1987.738 
1987.759 
1987.781 
1987.802 
1987.824 
1987.845 
1987.867 
1987.889 
1987.910 
1987.932 
1987.953 
1987.975 
1987.996 
1988.018 
1988.039 
1988.061 
1988.082 
1988.104 
1988.125 
1988.147 
1988.169 
1988.190 
1988.212 
1988.233 
1988.255 
1988.276 
1988.298 
1988.319 
1988.341 
1988.362 
1988.384 
1988.405 
1988.427 
1988.448 
1988.470 
1988.491 
1988.513 
1988.534 
1988.556 
1988.577 
1988.599 
1988.620 
1988.642 
1988.664 
1988.685 
1988.707 
1988.728 
1988.750 
1988.771 
1988.793 
1988.814 
1988.836 
1988.857 
1988.879 
1988.900 
1988.922 
1988.943 
1988.965 
1988.986 
1989.008 
1989.029 
1989.051 
1989.072 
1989.094 
1989.115 
1989.137 
1989.158 
1989.180 
1989.201 
1989.223 
1989.244 
1989.266 
1989.287 
1989.309 
1989.330 
1989.352 
1989.373 
1989.395 
1989.416 
1989.438 
1989.459 
1989.480 
1989.502 
1989.523 
1989.545 
1989.566 
1989.588 
1989.609 
1989.631 
1989.652 
1989.674 
1989.695 
1989.717 
1989.738 
1989.760 
1989.781 
1989.803 
1989.824 
1989.846 
1989.867 
1989.889 
1989.910 
1989.932 
1989.953 
1989.974 
1989.996 
1990.017 
1990.039 
1990.060 
1990.082 
1990.103 
1990.125 
1990.146 
1990.168 
1990.189 
1990.211 
1990.232 
1990.254 
1990.275 
1990.296 
1990.318 
1990.339 
1990.361 
1990.382 
1990.404 
1990.425 
1990.447 
1990.468 
1990.490 
1990.511 
1990.532 
1990.554 
1990.575 
1990.597 
1990.618 
1990.640 
1990.661 
1990.683 
1990.704 
1990.725 
1990.747 
1990.768 
1990.790 
1990.811 
1990.833 
1990.854 
1990.876 
1990.897 
1990.918 
1990.940 
1990.961 
1990.983 
1991.004 
1991.026 
1991.047 
1991.068 
1991.090 
1991.111 
1991.133 
1991.154 
1991.176 
1991.197 
1991.218 
1991.240 
1991.261 
1991.283 
1991.304 
1991.326 
1991.347 
1991.368 
1991.390 
1991.411 
1991.433 
1991.454 
1991.476 
1991.497 
1991.518 
1991.540 
1991.561 
1991.583 
1991.604 
1991.625 
1991.647 
1991.668 
1991.690 
1991.711 
1991.733 
1991.754 
1991.775 
1991.797 
1991.818 
1991.840 
1991.861 
1991.882 
1991.904 
1991.925 
1991.947 
1991.968 
1991.989 
1992.011 
1992.032 
1992.054 
1992.075 
1992.096 
1992.118 
1992.139 
1992.161 
1992.182 
1992.203 
1992.225 
1992.246 
1992.268 
1992.289 
1992.310 
1992.332 
1992.353 
1992.375 
1992.396 
1992.417 
1992.439 
1992.460 
1992.481 
1992.503 
1992.524 
1992.546 
1992.567 
1992.588 
1992.610 
1992.631 
1992.653 
1992.674 
1992.695 
1992.717 
1992.738 
1992.759 
1992.781 
1992.802 
1992.824 
1992.845 
1992.866 
1992.888 
1992.909 
1992.930 
1992.952 
1992.973 
1992.994 
1993.016 
1993.037 
1993.059 
1993.080 
1993.101 
1993.123 
1993.144 
1993.165 
1993.187 
1993.208 
1993.229 
1993.251 
1993.272 
1993.294 
1993.315 
1993.336 
1993.358 
1993.379 
1993.400 
1993.422 
1993.443 
1993.464 
1993.486 
1993.507 
1993.528 
1993.550 
1993.571 
1993.592 
1993.614 
1993.635 
1993.657 
1993.678 
1993.699 
1993.721 
1993.742 
1993.763 
1993.785 
1993.806 
1993.827 
1993.849 
1993.870 
1993.891 
1993.913 
1993.934 
1993.955 
1993.977 
1993.998 
1994.019 
1994.041 
1994.062 
1994.083 
1994.105 
1994.126 
1994.147 
1994.169 
1994.190 
1994.211 
1994.233 
1994.254 
1994.275 
1994.297 
1994.318 
1994.339 
1994.361 
1994.382 
1994.403 
1994.424 
1994.446 
1994.467 
1994.488 
1994.510 
1994.531 
1994.552 
1994.574 
1994.595 
1994.616 
1994.638 
1994.659 
1994.680 
1994.702 
1994.723 
1994.744 
1994.765 
1994.787 
1994.808 
1994.829 
1994.851 
1994.872 
1994.893 
1994.915 
1994.936 
1994.957 
1994.979 
1995.000 
1995.021 
1995.042 
1995.064 
1995.085 
1995.106 
1995.128 
1995.149 
1995.170 
1995.191 
1995.213 
1995.234 
1995.255 
1995.277 
1995.298 
1995.319 
1995.341 
1995.362 
1995.383 
1995.404 
1995.426 
1995.447 
1995.468 
1995.490 
1995.511 
1995.532 
1995.553 
1995.575 
1995.596 
1995.617 
1995.638 
1995.660 
1995.681 
1995.702 
1995.724 
1995.745 
1995.766 
1995.787 
1995.809 
1995.830 
1995.851 
1995.872 
1995.894 
1995.915 
1995.936 
1995.958 
1995.979 
1996.000 
1996.021 
1996.043 
1996.064 
1996.085 
1996.106 
1996.128 
1996.149 
1996.170 
1996.191 
1996.213 
1996.234 
1996.255 
1996.276 
1996.298 
1996.319 
1996.340 
1996.361 
1996.383 
1996.404 
1996.425 
1996.446 
1996.468 
1996.489 
1996.510 
1996.531 
1996.553 
1996.574 
1996.595 
1996.616 
1996.638 
1996.659 
1996.680 
1996.701 
1996.723 
1996.744 
1996.765 
1996.786 
1996.808 
1996.829 
1996.850 
1996.871 
1996.893 
1996.914 
1996.935 
1996.956 
1996.978 
1996.999 
1997.020 
1997.041 
1997.062 
1997.084 
1997.105 
1997.126 
1997.147 
1997.169 
1997.190 
1997.211 
1997.232 
1997.253 
1997.275 
1997.296 
1997.317 
1997.338 
1997.360 
1997.381 
1997.402 
1997.423 
1997.444 
1997.466 
1997.487 
1997.508 
1997.529 
1997.551 
1997.572 
1997.593 
1997.614 
1997.635 
1997.657 
1997.678 
1997.699 
1997.720 
1997.741 
1997.763 
1997.784 
1997.805 
1997.826 
1997.847 
1997.869 
1997.890 
1997.911 
1997.932 
1997.953 
1997.975 
1997.996 
1998.017 
1998.038 
1998.059 
1998.081 
1998.102 
1998.123 
1998.144 
1998.165 
1998.187 
1998.208 
1998.229 
1998.250 
1998.271 
1998.293 
1998.314 
1998.335 
1998.356 
1998.377 
1998.398 
1998.420 
1998.441 
1998.462 
1998.483 
1998.504 
1998.526 
1998.547 
1998.568 
1998.589 
1998.610 
1998.631 
1998.653 
1998.674 
1998.695 
1998.716 
1998.737 
1998.758 
1998.780 
1998.801 
1998.822 
1998.843 
1998.864 
1998.885 
1998.907 
1998.928 
1998.949 
1998.970 
1998.991 
1999.012 
1999.034 
1999.055 
1999.076 
1999.097 
1999.118 
1999.139 
1999.161 
1999.182 
1999.203 
1999.224 
1999.245 
1999.266 
1999.288 
1999.309 
1999.330 
1999.351 
1999.372 
1999.393 
1999.414 
1999.436 
1999.457 
1999.478 
1999.499 
1999.520 
1999.541 
1999.562 
1999.584 
1999.605 
1999.626 
1999.647 
1999.668 
1999.689 
1999.710 
1999.732 
1999.753 
1999.774 
1999.795 
1999.816 
1999.837 
1999.858 
1999.880 
1999.901 
1999.922 
1999.943 
1999.964 
1999.985 
2000.006 
2000.027 
2000.049 
2000.070 
2000.091 
2000.112 
2000.133 
2000.154 
2000.175 
2000.196 
2000.218 
2000.239 
2000.260 
2000.281 
2000.302 
2000.323 
2000.344 
2000.365 
2000.386 
2000.408 
2000.429 
2000.450 
2000.471 
2000.492 
2000.513 
2000.534 
2000.555 
2000.576 
2000.598 
2000.619 
2000.640 
2000.661 
2000.682 
2000.703 
2000.724 
2000.745 
2000.766 
2000.788 
2000.809 
2000.830 
2000.851 
2000.872 
2000.893 
2000.914 
2000.935 
2000.956 
2000.977 
2000.999 
2001.020 
2001.041 
2001.062 
2001.083 
2001.104 
2001.125 
2001.146 
2001.167 
2001.188 
2001.209 
2001.231 
2001.252 
2001.273 
2001.294 
2001.315 
2001.336 
2001.357 
2001.378 
2001.399 
2001.420 
2001.441 
2001.462 
2001.484 
2001.505 
2001.526 
2001.547 
2001.568 
2001.589 
2001.610 
2001.631 
2001.652 
2001.673 
2001.694 
2001.715 
2001.736 
2001.757 
2001.779 
2001.800 
2001.821 
2001.842 
2001.863 
2001.884 
2001.905 
2001.926 
2001.947 
2001.968 
2001.989 
2002.010 
2002.031 
2002.052 
2002.073 
2002.094 
2002.116 
2002.137 
2002.158 
2002.179 
2002.200 
2002.221 
2002.242 
2002.263 
2002.284 
2002.305 
2002.326 
2002.347 
2002.368 
2002.389 
2002.410 
2002.431 
2002.452 
2002.473 
2002.494 
2002.515 
2002.536 
2002.558 
2002.579 
2002.600 
2002.621 
2002.642 
2002.663 
2002.684 
2002.705 
2002.726 
2002.747 
2002.768 
2002.789 
2002.810 
2002.831 
2002.852 
2002.873 
2002.894 
2002.915 
2002.936 
2002.957 
2002.978 
2002.999 
2003.020 
2003.041 
2003.062 
2003.083 
2003.104 
2003.125 
2003.146 
2003.167 
2003.188 
2003.209 
2003.230 
2003.251 
2003.273 
2003.294 
2003.315 
2003.336 
2003.357 
2003.378 
2003.399 
2003.420 
2003.441 
2003.462 
2003.483 
2003.504 
2003.525 
2003.546 
2003.567 
2003.588 
2003.609 
2003.630 
2003.651 
2003.672 
2003.693 
2003.714 
2003.735 
2003.756 
2003.777 
2003.798 
2003.819 
2003.840 
2003.861 
2003.882 
2003.903 
2003.924 
2003.945 
2003.966 
2003.987 
2004.008 
2004.029 
2004.050 
2004.071 
2004.092 
2004.113 
2004.134 
2004.155 
2004.176 
2004.197 
2004.217 
2004.238 
2004.259 
2004.280 
2004.301 
2004.322 
2004.343 
2004.364 
2004.385 
2004.406 
2004.427 
2004.448 
2004.469 
2004.490 
2004.511 
2004.532 
2004.553 
2004.574 
2004.595 
2004.616 
2004.637 
2004.658 
2004.679 
2004.700 
2004.721 
2004.742 
2004.763 
2004.784 
2004.805 
2004.826 
2004.847 
2004.868 
2004.889 
2004.910 
2004.931 
2004.951 
2004.972 
2004.993 
2005.014 
2005.035 
2005.056 
2005.077 
2005.098 
2005.119 
2005.140 
2005.161 
2005.182 
2005.203 
2005.224 
2005.245 
2005.266 
2005.287 
2005.308 
2005.329 
2005.350 
2005.371 
2005.391 
2005.412 
2005.433 
2005.454 
2005.475 
2005.496 
2005.517 
2005.538 
2005.559 
2005.580 
2005.601 
2005.622 
2005.643 
2005.664 
2005.685 
2005.706 
2005.726 
2005.747 
2005.768 
2005.789 
2005.810 
2005.831 
2005.852 
2005.873 
2005.894 
2005.915 
2005.936 
2005.957 
2005.978 
2005.998 
2006.019 
2006.040 
2006.061 
2006.082 
2006.103 
2006.124 
2006.145 
2006.166 
2006.187 
2006.208 
2006.229 
2006.250 
2006.270 
2006.291 
2006.312 
2006.333 
2006.354 
2006.375 
2006.396 
2006.417 
2006.438 
2006.459 
2006.480 
2006.500 
2006.521 
2006.542 
2006.563 
2006.584 
2006.605 
2006.626 
2006.647 
2006.668 
2006.689 
2006.709 
2006.730 
2006.751 
2006.772 
2006.793 
2006.814 
2006.835 
2006.856 
2006.877 
2006.897 
2006.918 
2006.939 
2006.960 
2006.981 
2007.002 
2007.023 
2007.044 
2007.065 
2007.085 
2007.106 
2007.127 
2007.148 
2007.169 
2007.190 
2007.211 
2007.232 
2007.253 
2007.273 
2007.294 
2007.315 
2007.336 
2007.357 
2007.378 
2007.399 
2007.420 
2007.440 
2007.461 
2007.482 
2007.503 
2007.524 
2007.545 
2007.566 
2007.586 
2007.607 
2007.628 
2007.649 
2007.670 
2007.691 
2007.712 
2007.733 
2007.753 
2007.774 
2007.795 
2007.816 
2007.837 
2007.858 
2007.879 
2007.899 
2007.920 
2007.941 
2007.962 
2007.983 
2008.004 
2008.025 
2008.045 
2008.066 
2008.087 
2008.108 
2008.129 
2008.150 
2008.170 
2008.191 
2008.212 
2008.233 
2008.254 
2008.275 
2008.296 
2008.316 
2008.337 
2008.358 
2008.379 
2008.400 
2008.421 
2008.441 
2008.462 
2008.483 
2008.504 
2008.525 
2008.546 
2008.566 
2008.587 
2008.608 
2008.629 
2008.650 
2008.671 
2008.691 
2008.712 
2008.733 
2008.754 
2008.775 
2008.796 
2008.816 
2008.837 
2008.858 
2008.879 
2008.900 
2008.920 
2008.941 
2008.962 
2008.983 
2009.004 
2009.025 
2009.045 
2009.066 
2009.087 
2009.108 
2009.129 
2009.149 
2009.170 
2009.191 
2009.212 
2009.233 
2009.254 
2009.274 
2009.295 
2009.316 
2009.337 
2009.358 
2009.378 
2009.399 
2009.420 
2009.441 
2009.462 
2009.482 
2009.503 
2009.524 
2009.545 
2009.566 
2009.586 
2009.607 
2009.628 
2009.649 
2009.670 
2009.690 
2009.711 
2009.732 
2009.753 
2009.774 
2009.794 
2009.815 
2009.836 
2009.857 
2009.877 
2009.898 
2009.919 
2009.940 
2009.961 
2009.981 
2010.002 
2010.023 
2010.044 
2010.065 
2010.085 
2010.106 
2010.127 
2010.148 
2010.168 
2010.189 
2010.210 
2010.231 
2010.252 
2010.272 
2010.293 
2010.314 
2010.335 
2010.355 
2010.376 
2010.397 
2010.418 
2010.438 
2010.459 
2010.480 
2010.501 
2010.522 
2010.542 
2010.563 
2010.584 
2010.605 
2010.625 
2010.646 
2010.667 
2010.688 
2010.708 
2010.729 
2010.750 
2010.771 
2010.791 
2010.812 
2010.833 
2010.854 
2010.874 
2010.895 
2010.916 
2010.937 
2010.957 
2010.978 
2010.999 
2011.020 
2011.040 
2011.061 
2011.082 
2011.103 
2011.123 
2011.144 
2011.165 
2011.186 
2011.206 
2011.227 
2011.248 
2011.269 
2011.289 
2011.310 
2011.331 
2011.352 
2011.372 
2011.393 
2011.414 
2011.435 
2011.455 
2011.476 
2011.497 
2011.517 
2011.538 
2011.559 
2011.580 
2011.600 
2011.621 
2011.642 
2011.663 
2011.683 
2011.704 
2011.725 
2011.745 
2011.766 
2011.787 
2011.808 
2011.828 
2011.849 
2011.870 
2011.890 
2011.911 
2011.932 
2011.953 
2011.973 
2011.994 
2012.015 
2012.035 
2012.056 
2012.077 
2012.098 
2012.118 
2012.139 
2012.160 
2012.180 
2012.201 
2012.222 
2012.243 
2012.263 
2012.284 
2012.305 
2012.325 
2012.346 
2012.367 
2012.387 
2012.408 
2012.429 
2012.450 
2012.470 
2012.491 
2012.512 
2012.532 
2012.553 
2012.574 
2012.594 
2012.615 
2012.636 
2012.657 
2012.677 
2012.698 
2012.719 
2012.739 
2012.760 
2012.781 
2012.801 
2012.822 
2012.843 
2012.863 
2012.884 
2012.905 
2012.925 
2012.946 
2012.967 
2012.987 
2013.008 
2013.029 
2013.049 
2013.070 
2013.091 
2013.112 
2013.132 
2013.153 
2013.174 
2013.194 
2013.215 
2013.236 
2013.256 
2013.277 
2013.298 
2013.318 
2013.339 
2013.360 
2013.380 
2013.401 
2013.422 
2013.442 
2013.463 
2013.484 
2013.504 
2013.525 
2013.546 
2013.566 
2013.587 
2013.608 
2013.628 
2013.649 
2013.669 
2013.690 
2013.711 
2013.731 
2013.752 
2013.773 
2013.793 
2013.814 
2013.835 
2013.855 
2013.876 
2013.897 
2013.917 
2013.938 
2013.959 
2013.979 
2014.000 
2014.020 
2014.041 
2014.062 
2014.082 
2014.103 
2014.124 
2014.144 
2014.165 
2014.186 
2014.206 
2014.227 
2014.248 
2014.268 
2014.289 
2014.309 
2014.330 
2014.351 
2014.371 
2014.392 
2014.413 
2014.433 
2014.454 
2014.474 
2014.495 
2014.516 
2014.536 
2014.557 
2014.578 
2014.598 
2014.619 
2014.639 
2014.660 
2014.681 
2014.701 
2014.722 
2014.743 
2014.763 
2014.784 
2014.804 
2014.825 
2014.846 
2014.866 
2014.887 
2014.907 
2014.928 
2014.949 
2014.969 
2014.990 
2015.011 
2015.031 
2015.052 
2015.072 
2015.093 
2015.114 
2015.134 
2015.155 
2015.175 
2015.196 
2015.217 
2015.237 
2015.258 
2015.278 
2015.299 
2015.320 
2015.340 
2015.361 
2015.381 
2015.402 
2015.423 
2015.443 
2015.464 
2015.484 
2015.505 
2015.525 
2015.546 
2015.567 
2015.587 
2015.608 
2015.628 
2015.649 
2015.670 
2015.690 
2015.711 
2015.731 
2015.752 
2015.773 
2015.793 
2015.814 
2015.834 
2015.855 
2015.875 
2015.896 
2015.917 
2015.937 
2015.958 
2015.978 
2015.999 
2016.019 
2016.040 
2016.061 
2016.081 
2016.102 
2016.122 
2016.143 
2016.163 
2016.184 
2016.205 
2016.225 
2016.246 
2016.266 
2016.287 
2016.307 
2016.328 
2016.348 
2016.369 
2016.390 
2016.410 
2016.431 
2016.451 
2016.472 
2016.492 
2016.513 
2016.534 
2016.554 
2016.575 
2016.595 
2016.616 
2016.636 
2016.657 
2016.677 
2016.698 
2016.718 
2016.739 
2016.760 
2016.780 
2016.801 
2016.821 
2016.842 
2016.862 
2016.883 
2016.903 
2016.924 
2016.944 
2016.965 
2016.986 
2017.006 
2017.027 
2017.047 
2017.068 
2017.088 
2017.109 
2017.129 
2017.150 
2017.170 
2017.191 
2017.211 
2017.232 
2017.252 
2017.273 
2017.294 
2017.314 
2017.335 
2017.355 
2017.376 
2017.396 
2017.417 
2017.437 
2017.458 
2017.478 
2017.499 
2017.519 
2017.540 
2017.560 
2017.581 
2017.601 
2017.622 
2017.642 
2017.663 
2017.683 
2017.704 
2017.724 
2017.745 
2017.765 
2017.786 
2017.806 
2017.827 
2017.848 
2017.868 
2017.889 
2017.909 
2017.930 
2017.950 
2017.971 
2017.991 
2018.012 
2018.032 
2018.053 
2018.073 
2018.094 
2018.114 
2018.135 
2018.155 
2018.176 
2018.196 
2018.217 
2018.237 
2018.258 
2018.278 
2018.299 
2018.319 
2018.339 
2018.360 
2018.380 
2018.401 
2018.421 
2018.442 
2018.462 
2018.483 
2018.503 
2018.524 
2018.544 
2018.565 
2018.585 
2018.606 
2018.626 
2018.647 
2018.667 
2018.688 
2018.708 
2018.729 
2018.749 
2018.770 
2018.790 
2018.811 
2018.831 
2018.852 
2018.872 
2018.892 
2018.913 
2018.933 
2018.954 
2018.974 
2018.995 
2019.015 
2019.036 
2019.056 
2019.077 
2019.097 
2019.118 
2019.138 
2019.159 
2019.179 
2019.199 
2019.220 
2019.240 
2019.261 
2019.281 
2019.302 
2019.322 
2019.343 
2019.363 
2019.384 
2019.404 
2019.424 
2019.445 
2019.465 
2019.486 
2019.506 
2019.527 
2019.547 
2019.568 
2019.588 
2019.609 
2019.629 
2019.649 
2019.670 
2019.690 
2019.711 
2019.731 
2019.752 
2019.772 
2019.793 
2019.813 
2019.833 
2019.854 
2019.874 
2019.895 
2019.915 
2019.936 
2019.956 
2019.976 
2019.997 
2020.017 
2020.038 
2020.058 
2020.079 
2020.099 
2020.119 
2020.140 
2020.160 
2020.181 
2020.201 
2020.222 
2020.242 
2020.262 
2020.283 
2020.303 
2020.324 
2020.344 
2020.365 
2020.385 
2020.405 
2020.426 
2020.446 
2020.467 
2020.487 
2020.507 
2020.528 
2020.548 
2020.569 
2020.589 
2020.609 
2020.630 
2020.650 
2020.671 
2020.691 
2020.712 
2020.732 
2020.752 
2020.773 
2020.793 
2020.814 
2020.834 
2020.854 
2020.875 
2020.895 
2020.916 
2020.936 
2020.956 
2020.977 
2020.997 
2021.018 
2021.038 
2021.058 
2021.079 
2021.099 
2021.120 
2021.140 
2021.160 
2021.181 
2021.201 
2021.221 
2021.242 
2021.262 
2021.283 
2021.303 
2021.323 
2021.344 
2021.364 
2021.385 
2021.405 
2021.425 
2021.446 
2021.466 
2021.486 
2021.507 
2021.527 
2021.548 
2021.568 
2021.588 
2021.609 
2021.629 
2021.649 
2021.670 
2021.690 
2021.711 
2021.731 
2021.751 
2021.772 
2021.792 
2021.812 
2021.833 
2021.853 
2021.874 
2021.894 
2021.914 
2021.935 
2021.955 
2021.975 
2021.996 
2022.016 
2022.036 
2022.057 
2022.077 
2022.098 
2022.118 
2022.138 
2022.159 
2022.179 
2022.199 
2022.220 
2022.240 
2022.260 
2022.281 
2022.301 
2022.321 
2022.342 
2022.362 
2022.382 
2022.403 
2022.423 
2022.443 
2022.464 
2022.484 
2022.505 
2022.525 
2022.545 
2022.566 
2022.586 
2022.606 
2022.627 
2022.647 
2022.667 
2022.688 
2022.708 
2022.728 
2022.749 
2022.769 
2022.789 
2022.810 
2022.830 
2022.850 
2022.871 
2022.891 
2022.911 
2022.932 
2022.952 
2022.972 
2022.993 
2023.013 
2023.033 
2023.054 
2023.074 
2023.094 
2023.114 
2023.135 
2023.155 
2023.175 
2023.196 
2023.216 
2023.236 
2023.257 
2023.277 
2023.297 
2023.318 
2023.338 
2023.358 
2023.379 
2023.399 
2023.419 
2023.440 
2023.460 
2023.480 
2023.500 
2023.521 
2023.541 
2023.561 
2023.582 
2023.602 
2023.622 
2023.643 
2023.663 
2023.683 
2023.703 
2023.724 
2023.744 
2023.764 
2023.785 
2023.805 
2023.825 
2023.846 
2023.866 
2023.886 
2023.906 
2023.927 
2023.947 
2023.967 
2023.988 
2024.008 
2024.028 
2024.048 
2024.069 
2024.089 
2024.109 
2024.130 
2024.150 
2024.170 
2024.190 
2024.211 
2024.231 
2024.251 
2024.272 
2024.292 
2024.312 
2024.332 
2024.353 
2024.373 
2024.393 
2024.414 
2024.434 
2024.454 
2024.474 
2024.495 
2024.515 
2024.535 
2024.555 
2024.576 
2024.596 
2024.616 
2024.637 
2024.657 
2024.677 
2024.697 
2024.718 
2024.738 
2024.758 
2024.778 
2024.799 
2024.819 
2024.839 
2024.859 
2024.880 
2024.900 
2024.920 
2024.940 
2024.961 
2024.981 
2025.001 
2025.021 
2025.042 
2025.062 
2025.082 
2025.102 
2025.123 
2025.143 
2025.163 
2025.183 
2025.204 
2025.224 
2025.244 
2025.264 
2025.285 
2025.305 
2025.325 
2025.345 
2025.366 
2025.386 
2025.406 
2025.426 
2025.447 
2025.467 
2025.487 
2025.507 
2025.528 
2025.548 
2025.568 
2025.588 
2025.609 
2025.629 
2025.649 
2025.669 
2025.689 
2025.710 
2025.730 
2025.750 
2025.770 
2025.791 
2025.811 
2025.831 
2025.851 
2025.871 
2025.892 
2025.912 
2025.932 
2025.952 
2025.973 
2025.993 
2026.013 
2026.033 
2026.053 
2026.074 
2026.094 
2026.114 
2026.134 
2026.155 
2026.175 
2026.195 
2026.215 
2026.235 
2026.256 
2026.276 
2026.296 
2026.316 
2026.336 
2026.357 
2026.377 
2026.397 
2026.417 
2026.437 
2026.458 
2026.478 
2026.498 
2026.518 
2026.538 
2026.559 
2026.579 
2026.599 
2026.619 
2026.639 
2026.660 
2026.680 
2026.700 
2026.720 
2026.740 
2026.761 
2026.781 
2026.801 
2026.821 
2026.841 
2026.862 
2026.882 
2026.902 
2026.922 
2026.942 
2026.962 
2026.983 
2027.003 
2027.023 
2027.043 
2027.063 
2027.084 
2027.104 
2027.124 
2027.144 
2027.164 
2027.184 
2027.205 
2027.225 
2027.245 
2027.265 
2027.285 
2027.305 
2027.326 
2027.346 
2027.366 
2027.386 
2027.406 
2027.426 
2027.447 
2027.467 
2027.487 
2027.507 
2027.527 
2027.547 
2027.568 
2027.588 
2027.608 
2027.628 
2027.648 
2027.668 
2027.689 
2027.709 
2027.729 
2027.749 
2027.769 
2027.789 
2027.810 
2027.830 
2027.850 
2027.870 
2027.890 
2027.910 
2027.930 
2027.951 
2027.971 
2027.991 
2028.011 
2028.031 
2028.051 
2028.071 
2028.092 
2028.112 
2028.132 
2028.152 
2028.172 
2028.192 
2028.212 
2028.233 
2028.253 
2028.273 
2028.293 
2028.313 
2028.333 
2028.353 
2028.374 
2028.394 
2028.414 
2028.434 
2028.454 
2028.474 
2028.494 
2028.514 
2028.535 
2028.555 
2028.575 
2028.595 
2028.615 
2028.635 
2028.655 
2028.675 
2028.696 
2028.716 
2028.736 
2028.756 
2028.776 
2028.796 
2028.816 
2028.836 
2028.857 
2028.877 
2028.897 
2028.917 
2028.937 
2028.957 
2028.977 
2028.997 
2029.017 
2029.038 
2029.058 
2029.078 
2029.098 
2029.118 
2029.138 
2029.158 
2029.178 
2029.198 
2029.218 
2029.239 
2029.259 
2029.279 
2029.299 
2029.319 
2029.339 
2029.359 
2029.379 
2029.399 
2029.419 
2029.440 
2029.460 
2029.480 
2029.500 
2029.520 
2029.540 
2029.560 
2029.580 
2029.600 
2029.620 
2029.640 
2029.661 
2029.681 
2029.701 
2029.721 
2029.741 
2029.761 
2029.781 
2029.801 
2029.821 
2029.841 
2029.861 
2029.881 
2029.902 
2029.922 
2029.942 
2029.962 
2029.982 
2030.002 
2030.022 
2030.042 
2030.062 
2030.082 
2030.102 
2030.122 
2030.142 
2030.163 
2030.183 
2030.203 
2030.223 
2030.243 
2030.263 
2030.283 
2030.303 
2030.323 
2030.343 
2030.363 
2030.383 
2030.403 
2030.423 
2030.443 
2030.463 
2030.484 
2030.504 
2030.524 
2030.544 
2030.564 
2030.584 
2030.604 
2030.624 
2030.644 
2030.664 
2030.684 
2030.704 
2030.724 
2030.744 
2030.764 
2030.784 
2030.804 
2030.824 
2030.844 
2030.864 
2030.885 
2030.905 
2030.925 
2030.945 
2030.965 
2030.985 
2031.005 
2031.025 
2031.045 
2031.065 
2031.085 
2031.105 
2031.125 
2031.145 
2031.165 
2031.185 
2031.205 
2031.225 
2031.245 
2031.265 
2031.285 
2031.305 
2031.325 
2031.345 
2031.365 
2031.385 
2031.405 
2031.425 
2031.445 
2031.465 
2031.485 
2031.505 
2031.525 
2031.546 
2031.566 
2031.586 
2031.606 
2031.626 
2031.646 
2031.666 
2031.686 
2031.706 
2031.726 
2031.746 
2031.766 
2031.786 
2031.806 
2031.826 
2031.846 
2031.866 
2031.886 
2031.906 
2031.926 
2031.946 
2031.966 
2031.986 
2032.006 
2032.026 
2032.046 
2032.066 
2032.086 
2032.106 
2032.126 
2032.146 
2032.166 
2032.186 
2032.206 
2032.226 
2032.246 
2032.266 
2032.286 
2032.306 
2032.326 
2032.346 
2032.366 
2032.386 
2032.406 
2032.426 
2032.446 
2032.466 
2032.486 
2032.506 
2032.526 
2032.546 
2032.566 
2032.586 
2032.605 
2032.625 
2032.645 
2032.665 
2032.685 
2032.705 
2032.725 
2032.745 
2032.765 
2032.785 
2032.805 
2032.825 
2032.845 
2032.865 
2032.885 
2032.905 
2032.925 
2032.945 
2032.965 
2032.985 
2033.005 
2033.025 
2033.045 
2033.065 
2033.085 
2033.105 
2033.125 
2033.145 
2033.165 
2033.185 
2033.205 
2033.225 
2033.244 
2033.264 
2033.284 
2033.304 
2033.324 
2033.344 
2033.364 
2033.384 
2033.404 
2033.424 
2033.444 
2033.464 
2033.484 
2033.504 
2033.524 
2033.544 
2033.564 
2033.584 
2033.604 
2033.624 
2033.643 
2033.663 
2033.683 
2033.703 
2033.723 
2033.743 
2033.763 
2033.783 
2033.803 
2033.823 
2033.843 
2033.863 
2033.883 
2033.903 
2033.923 
2033.943 
2033.962 
2033.982 
2034.002 
2034.022 
2034.042 
2034.062 
2034.082 
2034.102 
2034.122 
2034.142 
2034.162 
2034.182 
2034.202 
2034.222 
2034.241 
2034.261 
2034.281 
2034.301 
2034.321 
2034.341 
2034.361 
2034.381 
2034.401 
2034.421 
2034.441 
2034.461 
2034.480 
2034.500 
2034.520 
2034.540 
2034.560 
2034.580 
2034.600 
2034.620 
2034.640 
2034.660 
2034.680 
2034.699 
2034.719 
2034.739 
2034.759 
2034.779 
2034.799 
2034.819 
2034.839 
2034.859 
2034.879 
2034.898 
2034.918 
2034.938 
2034.958 
2034.978 
2034.998 
2035.018 
2035.038 
2035.058 
2035.077 
2035.097 
2035.117 
2035.137 
2035.157 
2035.177 
2035.197 
2035.217 
2035.237 
2035.256 
2035.276 
2035.296 
2035.316 
2035.336 
2035.356 
2035.376 
2035.396 
2035.416 
2035.435 
2035.455 
2035.475 
2035.495 
2035.515 
2035.535 
2035.555 
2035.575 
2035.594 
2035.614 
2035.634 
2035.654 
2035.674 
2035.694 
2035.714 
2035.733 
2035.753 
2035.773 
2035.793 
2035.813 
2035.833 
2035.853 
2035.873 
2035.892 
2035.912 
2035.932 
2035.952 
2035.972 
2035.992 
2036.012 
2036.031 
2036.051 
2036.071 
2036.091 
2036.111 
2036.131 
2036.151 
2036.170 
2036.190 
2036.210 
2036.230 
2036.250 
2036.270 
2036.289 
2036.309 
2036.329 
2036.349 
2036.369 
2036.389 
2036.409 
2036.428 
2036.448 
2036.468 
2036.488 
2036.508 
2036.528 
2036.547 
2036.567 
2036.587 
2036.607 
2036.627 
2036.647 
2036.666 
2036.686 
2036.706 
2036.726 
2036.746 
2036.766 
2036.785 
2036.805 
2036.825 
2036.845 
2036.865 
2036.885 
2036.904 
2036.924 
2036.944 
2036.964 
2036.984 
2037.003 
2037.023 
2037.043 
2037.063 
2037.083 
2037.103 
2037.122 
2037.142 
2037.162 
2037.182 
2037.202 
2037.221 
2037.241 
2037.261 
2037.281 
2037.301 
2037.320 
2037.340 
2037.360 
2037.380 
2037.400 
2037.420 
2037.439 
2037.459 
2037.479 
2037.499 
2037.519 
2037.538 
2037.558 
2037.578 
2037.598 
2037.618 
2037.637 
2037.657 
2037.677 
2037.697 
2037.717 
2037.736 
2037.756 
2037.776 
2037.796 
2037.815 
2037.835 
2037.855 
2037.875 
2037.895 
2037.914 
2037.934 
2037.954 
2037.974 
2037.994 
2038.013 
2038.033 
2038.053 
2038.073 
2038.092 
2038.112 
2038.132 
2038.152 
2038.172 
2038.191 
2038.211 
2038.231 
2038.251 
2038.270 
2038.290 
2038.310 
2038.330 
2038.350 
2038.369 
2038.389 
2038.409 
2038.429 
2038.448 
2038.468 
2038.488 
2038.508 
2038.527 
2038.547 
2038.567 
2038.587 
2038.607 
2038.626 
2038.646 
2038.666 
2038.686 
2038.705 
2038.725 
2038.745 
2038.765 
2038.784 
2038.804 
2038.824 
2038.844 
2038.863 
2038.883 
2038.903 
2038.923 
2038.942 
2038.962 
2038.982 
2039.002 
2039.021 
2039.041 
2039.061 
2039.081 
2039.100 
2039.120 
2039.140 
2039.160 
2039.179 
2039.199 
2039.219 
2039.239 
2039.258 
2039.278 
2039.298 
2039.317 
2039.337 
2039.357 
2039.377 
2039.396 
2039.416 
2039.436 
2039.456 
2039.475 
2039.495 
2039.515 
2039.535 
2039.554 
2039.574 
2039.594 
2039.613 
2039.633 
2039.653 
2039.673 
2039.692 
2039.712 
2039.732 
2039.751 
2039.771 
2039.791 
2039.811 
2039.830 
2039.850 
2039.870 
2039.889 
2039.909 
2039.929 
2039.949 
2039.968 
2039.988 
2040.008 
2040.027 
2040.047 
2040.067 
2040.087 
2040.106 
2040.126 
2040.146 
2040.165 
2040.185 
2040.205 
2040.225 
2040.244 
2040.264 
2040.284 
2040.303 
2040.323 
2040.343 
2040.362 
2040.382 
2040.402 
2040.422 
2040.441 
2040.461 
2040.481 
2040.500 
2040.520 
2040.540 
2040.559 
2040.579 
2040.599 
2040.618 
2040.638 
2040.658 
2040.677 
2040.697 
2040.717 
2040.737 
2040.756 
2040.776 
2040.796 
2040.815 
2040.835 
2040.855 
2040.874 
2040.894 
2040.914 
2040.933 
2040.953 
2040.973 
2040.992 
2041.012 
2041.032 
2041.051 
2041.071 
2041.091 
2041.110 
2041.130 
2041.150 
2041.169 
2041.189 
2041.209 
2041.228 
2041.248 
2041.268 
2041.287 
2041.307 
2041.327 
2041.346 
2041.366 
2041.386 
2041.405 
2041.425 
2041.445 
2041.464 
2041.484 
2041.504 
2041.523 
2041.543 
2041.563 
2041.582 
2041.602 
2041.622 
2041.641 
2041.661 
2041.681 
2041.700 
2041.720 
2041.739 
2041.759 
2041.779 
2041.798 
2041.818 
2041.838 
2041.857 
2041.877 
2041.897 
2041.916 
2041.936 
2041.956 
2041.975 
2041.995 
2042.014 
2042.034 
2042.054 
2042.073 
2042.093 
2042.113 
2042.132 
2042.152 
2042.172 
2042.191 
2042.211 
2042.230 
2042.250 
2042.270 
2042.289 
2042.309 
2042.329 
2042.348 
2042.368 
2042.387 
2042.407 
2042.427 
2042.446 
2042.466 
2042.485 
2042.505 
2042.525 
2042.544 
2042.564 
2042.584 
2042.603 
2042.623 
2042.642 
2042.662 
2042.682 
2042.701 
2042.721 
2042.740 
2042.760 
2042.780 
2042.799 
2042.819 
2042.839 
2042.858 
2042.878 
2042.897 
2042.917 
2042.937 
2042.956 
2042.976 
2042.995 
