# Wavelength table for hrs,echb,24
2293.000 
2293.026 
2293.052 
2293.078 
2293.104 
2293.129 
2293.155 
2293.181 
2293.207 
2293.233 
2293.259 
2293.285 
2293.311 
2293.337 
2293.363 
2293.388 
2293.414 
2293.440 
2293.466 
2293.492 
2293.518 
2293.544 
2293.570 
2293.595 
2293.621 
2293.647 
2293.673 
2293.699 
2293.725 
2293.751 
2293.777 
2293.802 
2293.828 
2293.854 
2293.880 
2293.906 
2293.932 
2293.958 
2293.984 
2294.009 
2294.035 
2294.061 
2294.087 
2294.113 
2294.139 
2294.165 
2294.191 
2294.216 
2294.242 
2294.268 
2294.294 
2294.320 
2294.346 
2294.372 
2294.397 
2294.423 
2294.449 
2294.475 
2294.501 
2294.527 
2294.552 
2294.578 
2294.604 
2294.630 
2294.656 
2294.682 
2294.708 
2294.733 
2294.759 
2294.785 
2294.811 
2294.837 
2294.863 
2294.888 
2294.914 
2294.940 
2294.966 
2294.992 
2295.018 
2295.043 
2295.069 
2295.095 
2295.121 
2295.147 
2295.173 
2295.198 
2295.224 
2295.250 
2295.276 
2295.302 
2295.328 
2295.353 
2295.379 
2295.405 
2295.431 
2295.457 
2295.483 
2295.508 
2295.534 
2295.560 
2295.586 
2295.612 
2295.637 
2295.663 
2295.689 
2295.715 
2295.741 
2295.766 
2295.792 
2295.818 
2295.844 
2295.870 
2295.896 
2295.921 
2295.947 
2295.973 
2295.999 
2296.025 
2296.050 
2296.076 
2296.102 
2296.128 
2296.154 
2296.179 
2296.205 
2296.231 
2296.257 
2296.283 
2296.308 
2296.334 
2296.360 
2296.386 
2296.411 
2296.437 
2296.463 
2296.489 
2296.515 
2296.540 
2296.566 
2296.592 
2296.618 
2296.644 
2296.669 
2296.695 
2296.721 
2296.747 
2296.772 
2296.798 
2296.824 
2296.850 
2296.876 
2296.901 
2296.927 
2296.953 
2296.979 
2297.004 
2297.030 
2297.056 
2297.082 
2297.107 
2297.133 
2297.159 
2297.185 
2297.211 
2297.236 
2297.262 
2297.288 
2297.314 
2297.339 
2297.365 
2297.391 
2297.417 
2297.442 
2297.468 
2297.494 
2297.520 
2297.545 
2297.571 
2297.597 
2297.623 
2297.648 
2297.674 
2297.700 
2297.726 
2297.751 
2297.777 
2297.803 
2297.829 
2297.854 
2297.880 
2297.906 
2297.932 
2297.957 
2297.983 
2298.009 
2298.035 
2298.060 
2298.086 
2298.112 
2298.137 
2298.163 
2298.189 
2298.215 
2298.240 
2298.266 
2298.292 
2298.318 
2298.343 
2298.369 
2298.395 
2298.420 
2298.446 
2298.472 
2298.498 
2298.523 
2298.549 
2298.575 
2298.601 
2298.626 
2298.652 
2298.678 
2298.703 
2298.729 
2298.755 
2298.781 
2298.806 
2298.832 
2298.858 
2298.883 
2298.909 
2298.935 
2298.960 
2298.986 
2299.012 
2299.038 
2299.063 
2299.089 
2299.115 
2299.140 
2299.166 
2299.192 
2299.218 
2299.243 
2299.269 
2299.295 
2299.320 
2299.346 
2299.372 
2299.397 
2299.423 
2299.449 
2299.474 
2299.500 
2299.526 
2299.552 
2299.577 
2299.603 
2299.629 
2299.654 
2299.680 
2299.706 
2299.731 
2299.757 
2299.783 
2299.808 
2299.834 
2299.860 
2299.885 
2299.911 
2299.937 
2299.962 
2299.988 
2300.014 
2300.039 
2300.065 
2300.091 
2300.116 
2300.142 
2300.168 
2300.193 
2300.219 
2300.245 
2300.270 
2300.296 
2300.322 
2300.347 
2300.373 
2300.399 
2300.424 
2300.450 
2300.476 
2300.501 
2300.527 
2300.553 
2300.578 
2300.604 
2300.630 
2300.655 
2300.681 
2300.707 
2300.732 
2300.758 
2300.784 
2300.809 
2300.835 
2300.860 
2300.886 
2300.912 
2300.937 
2300.963 
2300.989 
2301.014 
2301.040 
2301.066 
2301.091 
2301.117 
2301.142 
2301.168 
2301.194 
2301.219 
2301.245 
2301.271 
2301.296 
2301.322 
2301.348 
2301.373 
2301.399 
2301.424 
2301.450 
2301.476 
2301.501 
2301.527 
2301.553 
2301.578 
2301.604 
2301.629 
2301.655 
2301.681 
2301.706 
2301.732 
2301.757 
2301.783 
2301.809 
2301.834 
2301.860 
2301.886 
2301.911 
2301.937 
2301.962 
2301.988 
2302.014 
2302.039 
2302.065 
2302.090 
2302.116 
2302.142 
2302.167 
2302.193 
2302.218 
2302.244 
2302.270 
2302.295 
2302.321 
2302.346 
2302.372 
2302.398 
2302.423 
2302.449 
2302.474 
2302.500 
2302.526 
2302.551 
2302.577 
2302.602 
2302.628 
2302.653 
2302.679 
2302.705 
2302.730 
2302.756 
2302.781 
2302.807 
2302.833 
2302.858 
2302.884 
2302.909 
2302.935 
2302.960 
2302.986 
2303.012 
2303.037 
2303.063 
2303.088 
2303.114 
2303.139 
2303.165 
2303.191 
2303.216 
2303.242 
2303.267 
2303.293 
2303.318 
2303.344 
2303.370 
2303.395 
2303.421 
2303.446 
2303.472 
2303.497 
2303.523 
2303.548 
2303.574 
2303.600 
2303.625 
2303.651 
2303.676 
2303.702 
2303.727 
2303.753 
2303.778 
2303.804 
2303.829 
2303.855 
2303.881 
2303.906 
2303.932 
2303.957 
2303.983 
2304.008 
2304.034 
2304.059 
2304.085 
2304.110 
2304.136 
2304.162 
2304.187 
2304.213 
2304.238 
2304.264 
2304.289 
2304.315 
2304.340 
2304.366 
2304.391 
2304.417 
2304.442 
2304.468 
2304.493 
2304.519 
2304.544 
2304.570 
2304.596 
2304.621 
2304.647 
2304.672 
2304.698 
2304.723 
2304.749 
2304.774 
2304.800 
2304.825 
2304.851 
2304.876 
2304.902 
2304.927 
2304.953 
2304.978 
2305.004 
2305.029 
2305.055 
2305.080 
2305.106 
2305.131 
2305.157 
2305.182 
2305.208 
2305.233 
2305.259 
2305.284 
2305.310 
2305.335 
2305.361 
2305.386 
2305.412 
2305.437 
2305.463 
2305.488 
2305.514 
2305.539 
2305.565 
2305.590 
2305.616 
2305.641 
2305.667 
2305.692 
2305.718 
2305.743 
2305.769 
2305.794 
2305.820 
2305.845 
2305.871 
2305.896 
2305.921 
2305.947 
2305.972 
2305.998 
2306.023 
2306.049 
2306.074 
2306.100 
2306.125 
2306.151 
2306.176 
2306.202 
2306.227 
2306.253 
2306.278 
2306.304 
2306.329 
2306.354 
2306.380 
2306.405 
2306.431 
2306.456 
2306.482 
2306.507 
2306.533 
2306.558 
2306.584 
2306.609 
2306.635 
2306.660 
2306.685 
2306.711 
2306.736 
2306.762 
2306.787 
2306.813 
2306.838 
2306.864 
2306.889 
2306.914 
2306.940 
2306.965 
2306.991 
2307.016 
2307.042 
2307.067 
2307.093 
2307.118 
2307.143 
2307.169 
2307.194 
2307.220 
2307.245 
2307.271 
2307.296 
2307.321 
2307.347 
2307.372 
2307.398 
2307.423 
2307.449 
2307.474 
2307.499 
2307.525 
2307.550 
2307.576 
2307.601 
2307.627 
2307.652 
2307.677 
2307.703 
2307.728 
2307.754 
2307.779 
2307.805 
2307.830 
2307.855 
2307.881 
2307.906 
2307.932 
2307.957 
2307.982 
2308.008 
2308.033 
2308.059 
2308.084 
2308.109 
2308.135 
2308.160 
2308.186 
2308.211 
2308.236 
2308.262 
2308.287 
2308.313 
2308.338 
2308.363 
2308.389 
2308.414 
2308.440 
2308.465 
2308.490 
2308.516 
2308.541 
2308.567 
2308.592 
2308.617 
2308.643 
2308.668 
2308.694 
2308.719 
2308.744 
2308.770 
2308.795 
2308.820 
2308.846 
2308.871 
2308.897 
2308.922 
2308.947 
2308.973 
2308.998 
2309.024 
2309.049 
2309.074 
2309.100 
2309.125 
2309.150 
2309.176 
2309.201 
2309.226 
2309.252 
2309.277 
2309.303 
2309.328 
2309.353 
2309.379 
2309.404 
2309.429 
2309.455 
2309.480 
2309.505 
2309.531 
2309.556 
2309.582 
2309.607 
2309.632 
2309.658 
2309.683 
2309.708 
2309.734 
2309.759 
2309.784 
2309.810 
2309.835 
2309.860 
2309.886 
2309.911 
2309.936 
2309.962 
2309.987 
2310.013 
2310.038 
2310.063 
2310.089 
2310.114 
2310.139 
2310.165 
2310.190 
2310.215 
2310.241 
2310.266 
2310.291 
2310.317 
2310.342 
2310.367 
2310.393 
2310.418 
2310.443 
2310.469 
2310.494 
2310.519 
2310.545 
2310.570 
2310.595 
2310.620 
2310.646 
2310.671 
2310.696 
2310.722 
2310.747 
2310.772 
2310.798 
2310.823 
2310.848 
2310.874 
2310.899 
2310.924 
2310.950 
2310.975 
2311.000 
2311.026 
2311.051 
2311.076 
2311.101 
2311.127 
2311.152 
2311.177 
2311.203 
2311.228 
2311.253 
2311.279 
2311.304 
2311.329 
2311.354 
2311.380 
2311.405 
2311.430 
2311.456 
2311.481 
2311.506 
2311.532 
2311.557 
2311.582 
2311.607 
2311.633 
2311.658 
2311.683 
2311.709 
2311.734 
2311.759 
2311.784 
2311.810 
2311.835 
2311.860 
2311.886 
2311.911 
2311.936 
2311.961 
2311.987 
2312.012 
2312.037 
2312.063 
2312.088 
2312.113 
2312.138 
2312.164 
2312.189 
2312.214 
2312.239 
2312.265 
2312.290 
2312.315 
2312.340 
2312.366 
2312.391 
2312.416 
2312.442 
2312.467 
2312.492 
2312.517 
2312.543 
2312.568 
2312.593 
2312.618 
2312.644 
2312.669 
2312.694 
2312.719 
2312.745 
2312.770 
2312.795 
2312.820 
2312.846 
2312.871 
2312.896 
2312.921 
2312.947 
2312.972 
2312.997 
2313.022 
2313.048 
2313.073 
2313.098 
2313.123 
2313.149 
2313.174 
2313.199 
2313.224 
2313.249 
2313.275 
2313.300 
2313.325 
2313.350 
2313.376 
2313.401 
2313.426 
2313.451 
2313.477 
2313.502 
2313.527 
2313.552 
2313.577 
2313.603 
2313.628 
2313.653 
2313.678 
2313.704 
2313.729 
2313.754 
2313.779 
2313.804 
2313.830 
2313.855 
2313.880 
2313.905 
2313.931 
2313.956 
2313.981 
2314.006 
2314.031 
2314.057 
2314.082 
2314.107 
2314.132 
2314.157 
2314.183 
2314.208 
2314.233 
2314.258 
2314.283 
2314.309 
2314.334 
2314.359 
2314.384 
2314.409 
2314.435 
2314.460 
2314.485 
2314.510 
2314.535 
2314.561 
2314.586 
2314.611 
2314.636 
2314.661 
2314.687 
2314.712 
2314.737 
2314.762 
2314.787 
2314.812 
2314.838 
2314.863 
2314.888 
2314.913 
2314.938 
2314.964 
2314.989 
2315.014 
2315.039 
2315.064 
2315.089 
2315.115 
2315.140 
2315.165 
2315.190 
2315.215 
2315.240 
2315.266 
2315.291 
2315.316 
2315.341 
2315.366 
2315.391 
2315.417 
2315.442 
2315.467 
2315.492 
2315.517 
2315.542 
2315.568 
2315.593 
2315.618 
2315.643 
2315.668 
2315.693 
2315.718 
2315.744 
2315.769 
2315.794 
2315.819 
2315.844 
2315.869 
2315.895 
2315.920 
2315.945 
2315.970 
2315.995 
2316.020 
2316.045 
2316.071 
2316.096 
2316.121 
2316.146 
2316.171 
2316.196 
2316.221 
2316.247 
2316.272 
2316.297 
2316.322 
2316.347 
2316.372 
2316.397 
2316.422 
2316.448 
2316.473 
2316.498 
2316.523 
2316.548 
2316.573 
2316.598 
2316.623 
2316.649 
2316.674 
2316.699 
2316.724 
2316.749 
2316.774 
2316.799 
2316.824 
2316.850 
2316.875 
2316.900 
2316.925 
2316.950 
2316.975 
2317.000 
2317.025 
2317.050 
2317.076 
2317.101 
2317.126 
2317.151 
2317.176 
2317.201 
2317.226 
2317.251 
2317.276 
2317.301 
2317.327 
2317.352 
2317.377 
2317.402 
2317.427 
2317.452 
2317.477 
2317.502 
2317.527 
2317.552 
2317.577 
2317.603 
2317.628 
2317.653 
2317.678 
2317.703 
2317.728 
2317.753 
2317.778 
2317.803 
2317.828 
2317.853 
2317.879 
2317.904 
2317.929 
2317.954 
2317.979 
2318.004 
2318.029 
2318.054 
2318.079 
2318.104 
2318.129 
2318.154 
2318.179 
2318.204 
2318.230 
2318.255 
2318.280 
2318.305 
2318.330 
2318.355 
2318.380 
2318.405 
2318.430 
2318.455 
2318.480 
2318.505 
2318.530 
2318.555 
2318.580 
2318.605 
2318.631 
2318.656 
2318.681 
2318.706 
2318.731 
2318.756 
2318.781 
2318.806 
2318.831 
2318.856 
2318.881 
2318.906 
2318.931 
2318.956 
2318.981 
2319.006 
2319.031 
2319.056 
2319.081 
2319.106 
2319.131 
2319.157 
2319.182 
2319.207 
2319.232 
2319.257 
2319.282 
2319.307 
2319.332 
2319.357 
2319.382 
2319.407 
2319.432 
2319.457 
2319.482 
2319.507 
2319.532 
2319.557 
2319.582 
2319.607 
2319.632 
2319.657 
2319.682 
2319.707 
2319.732 
2319.757 
2319.782 
2319.807 
2319.832 
2319.857 
2319.882 
2319.907 
2319.932 
2319.957 
2319.982 
2320.007 
2320.032 
2320.057 
2320.082 
2320.107 
2320.132 
2320.157 
2320.182 
2320.207 
2320.232 
2320.257 
2320.282 
2320.307 
2320.332 
2320.357 
2320.382 
2320.407 
2320.432 
2320.457 
2320.482 
2320.507 
2320.532 
2320.557 
2320.582 
2320.607 
2320.632 
2320.657 
2320.682 
2320.707 
2320.732 
2320.757 
2320.782 
2320.807 
2320.832 
2320.857 
2320.882 
2320.907 
2320.932 
2320.957 
2320.982 
2321.007 
2321.032 
2321.057 
2321.082 
2321.107 
2321.132 
2321.157 
2321.182 
2321.207 
2321.232 
2321.257 
2321.282 
2321.307 
2321.332 
2321.357 
2321.382 
2321.407 
2321.431 
2321.456 
2321.481 
2321.506 
2321.531 
2321.556 
2321.581 
2321.606 
2321.631 
2321.656 
2321.681 
2321.706 
2321.731 
2321.756 
2321.781 
2321.806 
2321.831 
2321.856 
2321.881 
2321.906 
2321.931 
2321.955 
2321.980 
2322.005 
2322.030 
2322.055 
2322.080 
2322.105 
2322.130 
2322.155 
2322.180 
2322.205 
2322.230 
2322.255 
2322.280 
2322.305 
2322.330 
2322.354 
2322.379 
2322.404 
2322.429 
2322.454 
2322.479 
2322.504 
2322.529 
2322.554 
2322.579 
2322.604 
2322.629 
2322.654 
2322.679 
2322.703 
2322.728 
2322.753 
2322.778 
2322.803 
2322.828 
2322.853 
2322.878 
2322.903 
2322.928 
2322.953 
2322.977 
2323.002 
2323.027 
2323.052 
2323.077 
2323.102 
2323.127 
2323.152 
2323.177 
2323.202 
2323.227 
2323.251 
2323.276 
2323.301 
2323.326 
2323.351 
2323.376 
2323.401 
2323.426 
2323.451 
2323.475 
2323.500 
2323.525 
2323.550 
2323.575 
2323.600 
2323.625 
2323.650 
2323.675 
2323.699 
2323.724 
2323.749 
2323.774 
2323.799 
2323.824 
2323.849 
2323.874 
2323.899 
2323.923 
2323.948 
2323.973 
2323.998 
2324.023 
2324.048 
2324.073 
2324.098 
2324.122 
2324.147 
2324.172 
2324.197 
2324.222 
2324.247 
2324.272 
2324.296 
2324.321 
2324.346 
2324.371 
2324.396 
2324.421 
2324.446 
2324.471 
2324.495 
2324.520 
2324.545 
2324.570 
2324.595 
2324.620 
2324.645 
2324.669 
2324.694 
2324.719 
2324.744 
2324.769 
2324.794 
2324.818 
2324.843 
2324.868 
2324.893 
2324.918 
2324.943 
2324.968 
2324.992 
2325.017 
2325.042 
2325.067 
2325.092 
2325.117 
2325.141 
2325.166 
2325.191 
2325.216 
2325.241 
2325.266 
2325.290 
2325.315 
2325.340 
2325.365 
2325.390 
2325.415 
2325.439 
2325.464 
2325.489 
2325.514 
2325.539 
2325.564 
2325.588 
2325.613 
2325.638 
2325.663 
2325.688 
2325.712 
2325.737 
2325.762 
2325.787 
2325.812 
2325.836 
2325.861 
2325.886 
2325.911 
2325.936 
2325.961 
2325.985 
2326.010 
2326.035 
2326.060 
2326.085 
2326.109 
2326.134 
2326.159 
2326.184 
2326.209 
2326.233 
2326.258 
2326.283 
2326.308 
2326.333 
2326.357 
2326.382 
2326.407 
2326.432 
2326.457 
2326.481 
2326.506 
2326.531 
2326.556 
2326.580 
2326.605 
2326.630 
2326.655 
2326.680 
2326.704 
2326.729 
2326.754 
2326.779 
2326.804 
2326.828 
2326.853 
2326.878 
2326.903 
2326.927 
2326.952 
2326.977 
2327.002 
2327.027 
2327.051 
2327.076 
2327.101 
2327.126 
2327.150 
2327.175 
2327.200 
2327.225 
2327.249 
2327.274 
2327.299 
2327.324 
2327.349 
2327.373 
2327.398 
2327.423 
2327.448 
2327.472 
2327.497 
2327.522 
2327.547 
2327.571 
2327.596 
2327.621 
2327.646 
2327.670 
2327.695 
2327.720 
2327.745 
2327.769 
2327.794 
2327.819 
2327.844 
2327.868 
2327.893 
2327.918 
2327.943 
2327.967 
2327.992 
2328.017 
2328.041 
2328.066 
2328.091 
2328.116 
2328.140 
2328.165 
2328.190 
2328.215 
2328.239 
2328.264 
2328.289 
2328.314 
2328.338 
2328.363 
2328.388 
2328.412 
2328.437 
2328.462 
2328.487 
2328.511 
2328.536 
2328.561 
2328.586 
2328.610 
2328.635 
2328.660 
2328.684 
2328.709 
2328.734 
2328.759 
2328.783 
2328.808 
2328.833 
2328.857 
2328.882 
2328.907 
2328.932 
2328.956 
2328.981 
2329.006 
2329.030 
2329.055 
2329.080 
2329.104 
2329.129 
2329.154 
2329.179 
2329.203 
2329.228 
2329.253 
2329.277 
2329.302 
2329.327 
2329.351 
2329.376 
2329.401 
2329.426 
2329.450 
2329.475 
2329.500 
2329.524 
2329.549 
2329.574 
2329.598 
2329.623 
2329.648 
2329.672 
2329.697 
2329.722 
2329.746 
2329.771 
2329.796 
2329.820 
2329.845 
2329.870 
2329.894 
2329.919 
2329.944 
2329.969 
2329.993 
2330.018 
2330.043 
2330.067 
2330.092 
2330.117 
2330.141 
2330.166 
2330.191 
2330.215 
2330.240 
2330.265 
2330.289 
2330.314 
2330.339 
2330.363 
2330.388 
2330.412 
2330.437 
2330.462 
2330.486 
2330.511 
2330.536 
2330.560 
2330.585 
2330.610 
2330.634 
2330.659 
2330.684 
2330.708 
2330.733 
2330.758 
2330.782 
2330.807 
2330.832 
2330.856 
2330.881 
2330.905 
2330.930 
2330.955 
2330.979 
2331.004 
2331.029 
2331.053 
2331.078 
2331.103 
2331.127 
2331.152 
2331.176 
2331.201 
2331.226 
2331.250 
2331.275 
2331.300 
2331.324 
2331.349 
2331.373 
2331.398 
2331.423 
2331.447 
2331.472 
2331.497 
2331.521 
2331.546 
2331.570 
2331.595 
2331.620 
2331.644 
2331.669 
2331.694 
2331.718 
2331.743 
2331.767 
2331.792 
2331.817 
2331.841 
2331.866 
2331.890 
2331.915 
2331.940 
2331.964 
2331.989 
2332.013 
2332.038 
2332.063 
2332.087 
2332.112 
2332.136 
2332.161 
2332.186 
2332.210 
2332.235 
2332.259 
2332.284 
2332.309 
2332.333 
2332.358 
2332.382 
2332.407 
2332.432 
2332.456 
2332.481 
2332.505 
2332.530 
2332.554 
2332.579 
2332.604 
2332.628 
2332.653 
2332.677 
2332.702 
2332.727 
2332.751 
2332.776 
2332.800 
2332.825 
2332.849 
2332.874 
2332.899 
2332.923 
2332.948 
2332.972 
2332.997 
2333.021 
2333.046 
2333.071 
2333.095 
2333.120 
2333.144 
2333.169 
2333.193 
2333.218 
2333.243 
2333.267 
2333.292 
2333.316 
2333.341 
2333.365 
2333.390 
2333.414 
2333.439 
2333.464 
2333.488 
2333.513 
2333.537 
2333.562 
2333.586 
2333.611 
2333.635 
2333.660 
2333.684 
2333.709 
2333.734 
2333.758 
2333.783 
2333.807 
2333.832 
2333.856 
2333.881 
2333.905 
2333.930 
2333.954 
2333.979 
2334.004 
2334.028 
2334.053 
2334.077 
2334.102 
2334.126 
2334.151 
2334.175 
2334.200 
2334.224 
2334.249 
2334.273 
2334.298 
2334.322 
2334.347 
2334.371 
2334.396 
2334.420 
2334.445 
2334.470 
2334.494 
2334.519 
2334.543 
2334.568 
2334.592 
2334.617 
2334.641 
2334.666 
2334.690 
2334.715 
2334.739 
2334.764 
2334.788 
2334.813 
2334.837 
2334.862 
2334.886 
2334.911 
2334.935 
2334.960 
2334.984 
2335.009 
2335.033 
2335.058 
2335.082 
2335.107 
2335.131 
2335.156 
2335.180 
2335.205 
2335.229 
2335.254 
2335.278 
2335.303 
2335.327 
2335.352 
2335.376 
2335.401 
2335.425 
2335.450 
2335.474 
2335.499 
2335.523 
2335.548 
2335.572 
2335.597 
2335.621 
2335.645 
2335.670 
2335.694 
2335.719 
2335.743 
2335.768 
2335.792 
2335.817 
2335.841 
2335.866 
2335.890 
2335.915 
2335.939 
2335.964 
2335.988 
2336.013 
2336.037 
2336.061 
2336.086 
2336.110 
2336.135 
2336.159 
2336.184 
2336.208 
2336.233 
2336.257 
2336.282 
2336.306 
2336.331 
2336.355 
2336.379 
2336.404 
2336.428 
2336.453 
2336.477 
2336.502 
2336.526 
2336.551 
2336.575 
2336.599 
2336.624 
2336.648 
2336.673 
2336.697 
2336.722 
2336.746 
2336.771 
2336.795 
2336.819 
2336.844 
2336.868 
2336.893 
2336.917 
2336.942 
2336.966 
2336.991 
2337.015 
2337.039 
2337.064 
2337.088 
2337.113 
2337.137 
2337.162 
2337.186 
2337.210 
2337.235 
2337.259 
2337.284 
2337.308 
2337.332 
2337.357 
2337.381 
2337.406 
2337.430 
2337.455 
2337.479 
2337.503 
2337.528 
2337.552 
2337.577 
2337.601 
2337.625 
2337.650 
2337.674 
2337.699 
2337.723 
2337.748 
2337.772 
2337.796 
2337.821 
2337.845 
2337.870 
2337.894 
2337.918 
2337.943 
2337.967 
2337.992 
2338.016 
2338.040 
2338.065 
2338.089 
2338.114 
2338.138 
2338.162 
2338.187 
2338.211 
2338.235 
2338.260 
2338.284 
2338.309 
2338.333 
2338.357 
2338.382 
2338.406 
2338.431 
2338.455 
2338.479 
2338.504 
2338.528 
2338.552 
2338.577 
2338.601 
2338.626 
2338.650 
2338.674 
2338.699 
2338.723 
2338.747 
2338.772 
2338.796 
2338.821 
2338.845 
2338.869 
2338.894 
2338.918 
2338.942 
2338.967 
2338.991 
2339.016 
2339.040 
2339.064 
2339.089 
2339.113 
2339.137 
2339.162 
2339.186 
2339.210 
2339.235 
2339.259 
2339.283 
2339.308 
2339.332 
2339.357 
2339.381 
2339.405 
2339.430 
2339.454 
2339.478 
2339.503 
2339.527 
2339.551 
2339.576 
2339.600 
2339.624 
2339.649 
2339.673 
2339.697 
2339.722 
2339.746 
2339.770 
2339.795 
2339.819 
2339.843 
2339.868 
2339.892 
2339.916 
2339.941 
2339.965 
2339.989 
2340.014 
2340.038 
2340.062 
2340.087 
2340.111 
2340.135 
2340.160 
2340.184 
2340.208 
2340.233 
2340.257 
2340.281 
2340.306 
2340.330 
2340.354 
2340.379 
2340.403 
2340.427 
2340.451 
2340.476 
2340.500 
2340.524 
2340.549 
2340.573 
2340.597 
2340.622 
2340.646 
2340.670 
2340.695 
2340.719 
2340.743 
2340.767 
2340.792 
2340.816 
2340.840 
2340.865 
2340.889 
2340.913 
2340.938 
2340.962 
2340.986 
2341.010 
2341.035 
2341.059 
2341.083 
2341.108 
2341.132 
2341.156 
2341.180 
2341.205 
2341.229 
2341.253 
2341.278 
2341.302 
2341.326 
2341.350 
2341.375 
2341.399 
2341.423 
2341.448 
2341.472 
2341.496 
2341.520 
2341.545 
2341.569 
2341.593 
2341.618 
2341.642 
2341.666 
2341.690 
2341.715 
2341.739 
2341.763 
2341.787 
2341.812 
2341.836 
2341.860 
2341.884 
2341.909 
2341.933 
2341.957 
2341.982 
2342.006 
2342.030 
2342.054 
2342.079 
2342.103 
2342.127 
2342.151 
2342.176 
2342.200 
2342.224 
2342.248 
2342.273 
2342.297 
2342.321 
2342.345 
2342.370 
2342.394 
2342.418 
2342.442 
2342.467 
2342.491 
2342.515 
2342.539 
2342.564 
2342.588 
2342.612 
2342.636 
2342.660 
2342.685 
2342.709 
2342.733 
2342.757 
2342.782 
2342.806 
2342.830 
2342.854 
2342.879 
2342.903 
2342.927 
2342.951 
2342.975 
2343.000 
2343.024 
2343.048 
2343.072 
2343.097 
2343.121 
2343.145 
2343.169 
2343.193 
2343.218 
2343.242 
2343.266 
2343.290 
2343.315 
2343.339 
2343.363 
2343.387 
2343.411 
2343.436 
2343.460 
2343.484 
2343.508 
2343.532 
2343.557 
2343.581 
2343.605 
2343.629 
2343.653 
2343.678 
2343.702 
2343.726 
2343.750 
2343.774 
2343.799 
2343.823 
2343.847 
2343.871 
2343.895 
2343.920 
2343.944 
2343.968 
2343.992 
2344.016 
2344.041 
2344.065 
2344.089 
2344.113 
2344.137 
2344.162 
2344.186 
2344.210 
2344.234 
2344.258 
2344.282 
2344.307 
2344.331 
2344.355 
2344.379 
2344.403 
2344.428 
2344.452 
2344.476 
2344.500 
2344.524 
2344.548 
2344.573 
2344.597 
2344.621 
2344.645 
2344.669 
2344.693 
2344.718 
2344.742 
2344.766 
2344.790 
2344.814 
2344.838 
2344.863 
2344.887 
2344.911 
2344.935 
2344.959 
2344.983 
2345.007 
2345.032 
2345.056 
2345.080 
2345.104 
2345.128 
2345.152 
2345.177 
2345.201 
2345.225 
2345.249 
2345.273 
2345.297 
2345.321 
2345.346 
2345.370 
2345.394 
2345.418 
2345.442 
2345.466 
2345.490 
2345.515 
2345.539 
2345.563 
2345.587 
2345.611 
2345.635 
2345.659 
2345.684 
2345.708 
2345.732 
2345.756 
2345.780 
2345.804 
2345.828 
2345.852 
2345.877 
2345.901 
2345.925 
2345.949 
2345.973 
2345.997 
2346.021 
2346.045 
2346.070 
2346.094 
2346.118 
2346.142 
2346.166 
2346.190 
2346.214 
2346.238 
2346.262 
2346.287 
2346.311 
2346.335 
2346.359 
2346.383 
2346.407 
2346.431 
2346.455 
2346.479 
2346.504 
2346.528 
2346.552 
2346.576 
2346.600 
2346.624 
2346.648 
2346.672 
2346.696 
2346.720 
2346.744 
2346.769 
2346.793 
2346.817 
2346.841 
2346.865 
2346.889 
2346.913 
2346.937 
2346.961 
2346.985 
2347.009 
2347.034 
2347.058 
2347.082 
2347.106 
2347.130 
2347.154 
2347.178 
2347.202 
2347.226 
2347.250 
2347.274 
2347.298 
2347.323 
2347.347 
2347.371 
2347.395 
2347.419 
2347.443 
2347.467 
2347.491 
2347.515 
2347.539 
2347.563 
2347.587 
2347.611 
2347.635 
2347.659 
2347.684 
2347.708 
2347.732 
2347.756 
2347.780 
2347.804 
2347.828 
2347.852 
2347.876 
2347.900 
2347.924 
2347.948 
2347.972 
2347.996 
2348.020 
2348.044 
2348.068 
2348.092 
2348.117 
2348.141 
2348.165 
2348.189 
2348.213 
2348.237 
2348.261 
2348.285 
2348.309 
2348.333 
2348.357 
2348.381 
2348.405 
2348.429 
2348.453 
2348.477 
2348.501 
2348.525 
2348.549 
2348.573 
2348.597 
2348.621 
2348.645 
2348.669 
2348.693 
2348.717 
2348.741 
2348.766 
2348.790 
2348.814 
2348.838 
2348.862 
2348.886 
2348.910 
2348.934 
2348.958 
2348.982 
2349.006 
2349.030 
2349.054 
2349.078 
2349.102 
2349.126 
2349.150 
2349.174 
2349.198 
2349.222 
2349.246 
2349.270 
2349.294 
2349.318 
2349.342 
2349.366 
2349.390 
2349.414 
2349.438 
2349.462 
2349.486 
2349.510 
2349.534 
2349.558 
2349.582 
2349.606 
2349.630 
2349.654 
2349.678 
2349.702 
2349.726 
2349.750 
2349.774 
2349.798 
2349.822 
2349.846 
2349.870 
2349.894 
2349.918 
2349.942 
2349.966 
2349.990 
2350.014 
2350.038 
2350.062 
2350.086 
2350.110 
2350.134 
2350.158 
2350.181 
2350.205 
2350.229 
2350.253 
2350.277 
2350.301 
2350.325 
2350.349 
2350.373 
2350.397 
2350.421 
2350.445 
2350.469 
2350.493 
2350.517 
2350.541 
2350.565 
2350.589 
2350.613 
2350.637 
2350.661 
2350.685 
2350.709 
2350.733 
2350.757 
2350.781 
2350.805 
2350.828 
2350.852 
2350.876 
2350.900 
2350.924 
2350.948 
2350.972 
2350.996 
2351.020 
2351.044 
2351.068 
2351.092 
2351.116 
2351.140 
2351.164 
2351.188 
2351.212 
2351.236 
2351.259 
2351.283 
2351.307 
2351.331 
2351.355 
2351.379 
2351.403 
2351.427 
2351.451 
2351.475 
2351.499 
2351.523 
2351.547 
2351.571 
2351.595 
2351.618 
2351.642 
2351.666 
2351.690 
2351.714 
2351.738 
2351.762 
2351.786 
2351.810 
2351.834 
2351.858 
2351.882 
2351.905 
2351.929 
2351.953 
2351.977 
2352.001 
2352.025 
2352.049 
2352.073 
2352.097 
2352.121 
2352.145 
2352.168 
2352.192 
2352.216 
2352.240 
2352.264 
2352.288 
2352.312 
2352.336 
2352.360 
2352.384 
2352.408 
2352.431 
2352.455 
2352.479 
2352.503 
2352.527 
2352.551 
2352.575 
2352.599 
2352.623 
2352.646 
2352.670 
2352.694 
2352.718 
2352.742 
2352.766 
2352.790 
2352.814 
2352.838 
2352.861 
2352.885 
2352.909 
2352.933 
2352.957 
2352.981 
2353.005 
2353.029 
2353.052 
2353.076 
2353.100 
2353.124 
2353.148 
2353.172 
2353.196 
2353.220 
2353.243 
2353.267 
2353.291 
2353.315 
2353.339 
2353.363 
2353.387 
2353.410 
2353.434 
2353.458 
2353.482 
2353.506 
2353.530 
2353.554 
2353.577 
2353.601 
2353.625 
2353.649 
2353.673 
2353.697 
2353.721 
2353.744 
2353.768 
2353.792 
2353.816 
2353.840 
2353.864 
2353.887 
2353.911 
2353.935 
2353.959 
2353.983 
2354.007 
2354.031 
2354.054 
2354.078 
2354.102 
2354.126 
2354.150 
2354.174 
2354.197 
2354.221 
2354.245 
2354.269 
2354.293 
2354.317 
2354.340 
2354.364 
2354.388 
2354.412 
2354.436 
2354.460 
2354.483 
2354.507 
2354.531 
2354.555 
2354.579 
2354.602 
2354.626 
2354.650 
2354.674 
2354.698 
2354.722 
2354.745 
2354.769 
2354.793 
2354.817 
2354.841 
2354.864 
2354.888 
2354.912 
2354.936 
2354.960 
2354.983 
2355.007 
2355.031 
2355.055 
2355.079 
2355.102 
2355.126 
2355.150 
2355.174 
2355.198 
2355.221 
2355.245 
2355.269 
2355.293 
2355.317 
2355.340 
2355.364 
2355.388 
2355.412 
2355.436 
2355.459 
2355.483 
2355.507 
2355.531 
2355.555 
2355.578 
2355.602 
2355.626 
2355.650 
2355.673 
2355.697 
2355.721 
2355.745 
2355.769 
2355.792 
2355.816 
2355.840 
2355.864 
2355.887 
2355.911 
2355.935 
2355.959 
2355.983 
2356.006 
2356.030 
2356.054 
2356.078 
2356.101 
2356.125 
2356.149 
2356.173 
2356.196 
2356.220 
2356.244 
2356.268 
2356.292 
2356.315 
2356.339 
2356.363 
2356.387 
2356.410 
2356.434 
2356.458 
2356.482 
2356.505 
2356.529 
2356.553 
2356.577 
2356.600 
2356.624 
2356.648 
2356.672 
2356.695 
2356.719 
2356.743 
2356.767 
2356.790 
2356.814 
2356.838 
2356.862 
2356.885 
2356.909 
2356.933 
2356.956 
2356.980 
2357.004 
2357.028 
2357.051 
2357.075 
2357.099 
2357.123 
2357.146 
2357.170 
2357.194 
2357.218 
2357.241 
2357.265 
2357.289 
2357.312 
2357.336 
2357.360 
2357.384 
2357.407 
2357.431 
2357.455 
2357.478 
2357.502 
2357.526 
2357.550 
2357.573 
2357.597 
2357.621 
2357.644 
2357.668 
2357.692 
2357.716 
2357.739 
2357.763 
2357.787 
2357.810 
2357.834 
2357.858 
2357.882 
2357.905 
2357.929 
2357.953 
2357.976 
2358.000 
2358.024 
2358.047 
2358.071 
2358.095 
2358.119 
2358.142 
2358.166 
2358.190 
2358.213 
2358.237 
2358.261 
2358.284 
2358.308 
2358.332 
2358.355 
2358.379 
2358.403 
2358.427 
2358.450 
2358.474 
2358.498 
2358.521 
2358.545 
2358.569 
2358.592 
2358.616 
2358.640 
2358.663 
2358.687 
2358.711 
2358.734 
2358.758 
2358.782 
2358.805 
2358.829 
2358.853 
2358.876 
2358.900 
2358.924 
2358.947 
2358.971 
2358.995 
2359.018 
2359.042 
2359.066 
2359.089 
2359.113 
2359.137 
2359.160 
2359.184 
2359.208 
2359.231 
2359.255 
2359.279 
2359.302 
2359.326 
2359.350 
2359.373 
2359.397 
2359.421 
2359.444 
2359.468 
2359.491 
2359.515 
2359.539 
2359.562 
2359.586 
2359.610 
2359.633 
2359.657 
2359.681 
2359.704 
2359.728 
2359.752 
2359.775 
2359.799 
2359.822 
2359.846 
2359.870 
2359.893 
2359.917 
2359.941 
2359.964 
2359.988 
2360.011 
2360.035 
2360.059 
2360.082 
2360.106 
2360.130 
2360.153 
2360.177 
2360.200 
2360.224 
2360.248 
2360.271 
2360.295 
2360.319 
2360.342 
2360.366 
2360.389 
2360.413 
2360.437 
2360.460 
2360.484 
2360.507 
2360.531 
2360.555 
2360.578 
2360.602 
2360.626 
2360.649 
2360.673 
2360.696 
2360.720 
2360.744 
2360.767 
2360.791 
2360.814 
2360.838 
2360.862 
2360.885 
2360.909 
2360.932 
2360.956 
2360.980 
2361.003 
2361.027 
2361.050 
2361.074 
2361.097 
2361.121 
2361.145 
2361.168 
2361.192 
2361.215 
2361.239 
2361.263 
2361.286 
2361.310 
2361.333 
2361.357 
2361.380 
2361.404 
2361.428 
2361.451 
2361.475 
2361.498 
2361.522 
2361.546 
2361.569 
2361.593 
2361.616 
2361.640 
2361.663 
2361.687 
2361.711 
2361.734 
2361.758 
2361.781 
2361.805 
2361.828 
2361.852 
2361.875 
2361.899 
2361.923 
2361.946 
2361.970 
2361.993 
2362.017 
2362.040 
2362.064 
2362.087 
2362.111 
2362.135 
2362.158 
2362.182 
2362.205 
2362.229 
2362.252 
2362.276 
2362.299 
2362.323 
2362.347 
2362.370 
2362.394 
2362.417 
2362.441 
2362.464 
2362.488 
2362.511 
2362.535 
2362.558 
2362.582 
2362.605 
2362.629 
2362.653 
2362.676 
2362.700 
2362.723 
2362.747 
2362.770 
2362.794 
2362.817 
2362.841 
2362.864 
2362.888 
2362.911 
2362.935 
2362.958 
2362.982 
2363.005 
2363.029 
2363.053 
2363.076 
2363.100 
2363.123 
2363.147 
2363.170 
2363.194 
2363.217 
2363.241 
2363.264 
2363.288 
2363.311 
2363.335 
2363.358 
2363.382 
2363.405 
2363.429 
2363.452 
2363.476 
2363.499 
2363.523 
2363.546 
2363.570 
2363.593 
2363.617 
2363.640 
2363.664 
2363.687 
2363.711 
2363.734 
2363.758 
2363.781 
2363.805 
2363.828 
2363.852 
2363.875 
2363.899 
2363.922 
2363.946 
2363.969 
2363.993 
2364.016 
2364.040 
2364.063 
2364.087 
2364.110 
2364.134 
2364.157 
2364.180 
2364.204 
2364.227 
2364.251 
2364.274 
2364.298 
2364.321 
2364.345 
2364.368 
2364.392 
2364.415 
2364.439 
2364.462 
2364.486 
2364.509 
2364.533 
2364.556 
2364.580 
2364.603 
2364.626 
2364.650 
2364.673 
2364.697 
2364.720 
2364.744 
2364.767 
2364.791 
2364.814 
2364.838 
2364.861 
2364.884 
2364.908 
2364.931 
2364.955 
2364.978 
2365.002 
2365.025 
2365.049 
2365.072 
2365.096 
2365.119 
2365.142 
2365.166 
2365.189 
2365.213 
2365.236 
2365.260 
2365.283 
2365.307 
2365.330 
2365.353 
2365.377 
2365.400 
2365.424 
2365.447 
2365.471 
2365.494 
2365.517 
2365.541 
2365.564 
2365.588 
2365.611 
2365.635 
2365.658 
2365.681 
2365.705 
2365.728 
2365.752 
2365.775 
2365.799 
2365.822 
2365.845 
2365.869 
2365.892 
2365.916 
2365.939 
2365.963 
2365.986 
2366.009 
2366.033 
2366.056 
2366.080 
2366.103 
2366.126 
2366.150 
2366.173 
2366.197 
2366.220 
2366.243 
2366.267 
2366.290 
2366.314 
2366.337 
2366.360 
2366.384 
2366.407 
2366.431 
2366.454 
2366.477 
2366.501 
2366.524 
2366.548 
2366.571 
2366.594 
2366.618 
2366.641 
2366.665 
2366.688 
2366.711 
2366.735 
2366.758 
2366.782 
2366.805 
2366.828 
2366.852 
2366.875 
2366.898 
2366.922 
2366.945 
2366.969 
2366.992 
2367.015 
2367.039 
2367.062 
2367.085 
2367.109 
2367.132 
2367.156 
2367.179 
2367.202 
2367.226 
2367.249 
2367.272 
2367.296 
2367.319 
2367.343 
2367.366 
2367.389 
2367.413 
2367.436 
2367.459 
2367.483 
2367.506 
2367.529 
2367.553 
2367.576 
2367.600 
2367.623 
2367.646 
2367.670 
2367.693 
2367.716 
2367.740 
2367.763 
2367.786 
2367.810 
2367.833 
2367.856 
2367.880 
2367.903 
2367.926 
2367.950 
2367.973 
2367.996 
2368.020 
2368.043 
2368.067 
2368.090 
2368.113 
2368.137 
2368.160 
2368.183 
2368.207 
2368.230 
2368.253 
2368.277 
2368.300 
2368.323 
2368.347 
2368.370 
2368.393 
2368.417 
2368.440 
2368.463 
2368.486 
2368.510 
2368.533 
2368.556 
2368.580 
2368.603 
2368.626 
2368.650 
2368.673 
2368.696 
2368.720 
2368.743 
2368.766 
2368.790 
2368.813 
2368.836 
2368.860 
2368.883 
2368.906 
2368.930 
2368.953 
2368.976 
2368.999 
2369.023 
2369.046 
2369.069 
2369.093 
2369.116 
2369.139 
2369.163 
2369.186 
2369.209 
2369.232 
2369.256 
2369.279 
2369.302 
2369.326 
2369.349 
2369.372 
2369.396 
2369.419 
2369.442 
2369.465 
2369.489 
2369.512 
2369.535 
2369.559 
2369.582 
2369.605 
2369.628 
2369.652 
2369.675 
2369.698 
2369.722 
2369.745 
2369.768 
2369.791 
2369.815 
2369.838 
2369.861 
2369.884 
2369.908 
2369.931 
2369.954 
2369.978 
2370.001 
2370.024 
2370.047 
2370.071 
2370.094 
2370.117 
2370.140 
2370.164 
2370.187 
2370.210 
2370.234 
2370.257 
2370.280 
2370.303 
2370.327 
2370.350 
2370.373 
2370.396 
2370.420 
2370.443 
2370.466 
2370.489 
2370.513 
2370.536 
2370.559 
2370.582 
2370.606 
2370.629 
2370.652 
2370.675 
2370.699 
2370.722 
2370.745 
2370.768 
2370.792 
2370.815 
2370.838 
2370.861 
2370.885 
2370.908 
2370.931 
2370.954 
2370.977 
2371.001 
2371.024 
2371.047 
2371.070 
2371.094 
2371.117 
2371.140 
2371.163 
2371.187 
2371.210 
2371.233 
2371.256 
2371.279 
2371.303 
2371.326 
2371.349 
2371.372 
2371.396 
2371.419 
2371.442 
2371.465 
2371.488 
2371.512 
2371.535 
2371.558 
2371.581 
2371.605 
2371.628 
2371.651 
2371.674 
2371.697 
2371.721 
2371.744 
2371.767 
2371.790 
2371.813 
2371.837 
2371.860 
2371.883 
2371.906 
2371.929 
2371.953 
2371.976 
2371.999 
2372.022 
2372.045 
2372.069 
2372.092 
2372.115 
2372.138 
2372.161 
2372.185 
2372.208 
2372.231 
2372.254 
2372.277 
2372.300 
2372.324 
2372.347 
2372.370 
2372.393 
2372.416 
2372.440 
2372.463 
2372.486 
2372.509 
2372.532 
2372.556 
2372.579 
2372.602 
2372.625 
2372.648 
2372.671 
2372.695 
2372.718 
2372.741 
2372.764 
2372.787 
2372.810 
2372.834 
2372.857 
2372.880 
2372.903 
2372.926 
2372.949 
2372.973 
2372.996 
2373.019 
2373.042 
2373.065 
2373.088 
2373.112 
2373.135 
2373.158 
2373.181 
2373.204 
2373.227 
2373.250 
2373.274 
2373.297 
2373.320 
2373.343 
2373.366 
2373.389 
2373.413 
2373.436 
2373.459 
2373.482 
2373.505 
2373.528 
2373.551 
2373.575 
2373.598 
2373.621 
2373.644 
2373.667 
2373.690 
2373.713 
2373.736 
2373.760 
2373.783 
2373.806 
2373.829 
2373.852 
2373.875 
2373.898 
2373.922 
2373.945 
2373.968 
2373.991 
2374.014 
2374.037 
2374.060 
2374.083 
2374.107 
2374.130 
2374.153 
2374.176 
2374.199 
2374.222 
2374.245 
2374.268 
2374.292 
2374.315 
2374.338 
2374.361 
2374.384 
2374.407 
2374.430 
2374.453 
2374.476 
2374.500 
2374.523 
2374.546 
2374.569 
2374.592 
2374.615 
2374.638 
2374.661 
2374.684 
2374.707 
2374.731 
2374.754 
2374.777 
2374.800 
2374.823 
2374.846 
2374.869 
2374.892 
2374.915 
2374.938 
2374.961 
2374.985 
2375.008 
2375.031 
2375.054 
2375.077 
2375.100 
2375.123 
2375.146 
2375.169 
2375.192 
2375.215 
2375.239 
2375.262 
2375.285 
2375.308 
2375.331 
2375.354 
2375.377 
2375.400 
2375.423 
2375.446 
2375.469 
2375.492 
2375.515 
2375.538 
2375.562 
2375.585 
2375.608 
2375.631 
2375.654 
2375.677 
2375.700 
2375.723 
2375.746 
2375.769 
2375.792 
2375.815 
2375.838 
2375.861 
2375.884 
2375.907 
2375.931 
2375.954 
2375.977 
2376.000 
2376.023 
2376.046 
2376.069 
2376.092 
2376.115 
2376.138 
2376.161 
2376.184 
2376.207 
2376.230 
2376.253 
2376.276 
2376.299 
2376.322 
2376.345 
2376.368 
2376.391 
2376.415 
2376.438 
2376.461 
2376.484 
2376.507 
2376.530 
2376.553 
2376.576 
2376.599 
2376.622 
2376.645 
2376.668 
2376.691 
2376.714 
2376.737 
2376.760 
2376.783 
2376.806 
2376.829 
2376.852 
2376.875 
2376.898 
2376.921 
2376.944 
2376.967 
2376.990 
2377.013 
2377.036 
2377.059 
2377.082 
2377.105 
2377.128 
2377.151 
2377.174 
2377.197 
2377.220 
2377.243 
2377.266 
2377.289 
2377.312 
2377.335 
2377.358 
2377.381 
2377.404 
2377.427 
2377.450 
2377.473 
2377.496 
2377.519 
2377.542 
2377.565 
2377.588 
2377.611 
2377.634 
2377.657 
2377.680 
2377.703 
2377.726 
2377.749 
2377.772 
2377.795 
2377.818 
2377.841 
2377.864 
2377.887 
2377.910 
2377.933 
2377.956 
2377.979 
2378.002 
2378.025 
2378.048 
2378.071 
2378.094 
2378.117 
2378.140 
2378.163 
2378.186 
2378.209 
2378.232 
2378.255 
2378.278 
2378.301 
2378.324 
2378.347 
2378.370 
2378.393 
2378.416 
2378.439 
2378.462 
2378.485 
2378.508 
2378.530 
2378.553 
2378.576 
2378.599 
2378.622 
2378.645 
2378.668 
2378.691 
2378.714 
2378.737 
2378.760 
2378.783 
2378.806 
2378.829 
2378.852 
2378.875 
2378.898 
2378.921 
2378.944 
2378.967 
2378.990 
2379.012 
2379.035 
2379.058 
2379.081 
2379.104 
2379.127 
2379.150 
2379.173 
2379.196 
2379.219 
2379.242 
2379.265 
2379.288 
2379.311 
2379.334 
2379.356 
2379.379 
2379.402 
2379.425 
2379.448 
2379.471 
2379.494 
2379.517 
2379.540 
2379.563 
2379.586 
2379.609 
2379.632 
2379.655 
2379.677 
2379.700 
2379.723 
2379.746 
2379.769 
2379.792 
2379.815 
2379.838 
2379.861 
2379.884 
2379.907 
2379.929 
2379.952 
2379.975 
2379.998 
2380.021 
2380.044 
2380.067 
2380.090 
2380.113 
2380.136 
2380.159 
2380.181 
2380.204 
2380.227 
2380.250 
2380.273 
2380.296 
2380.319 
2380.342 
2380.365 
2380.388 
2380.410 
2380.433 
2380.456 
2380.479 
2380.502 
2380.525 
2380.548 
2380.571 
2380.594 
2380.616 
2380.639 
2380.662 
2380.685 
2380.708 
2380.731 
2380.754 
2380.777 
2380.799 
2380.822 
2380.845 
2380.868 
2380.891 
2380.914 
2380.937 
2380.960 
2380.982 
2381.005 
2381.028 
2381.051 
2381.074 
2381.097 
2381.120 
2381.143 
2381.165 
2381.188 
2381.211 
2381.234 
2381.257 
2381.280 
2381.303 
2381.325 
2381.348 
2381.371 
2381.394 
2381.417 
2381.440 
2381.463 
2381.485 
2381.508 
2381.531 
2381.554 
2381.577 
2381.600 
2381.622 
2381.645 
2381.668 
2381.691 
2381.714 
2381.737 
2381.760 
2381.782 
2381.805 
2381.828 
2381.851 
2381.874 
2381.897 
2381.919 
2381.942 
2381.965 
2381.988 
2382.011 
2382.034 
2382.056 
2382.079 
2382.102 
2382.125 
2382.148 
2382.171 
2382.193 
2382.216 
2382.239 
2382.262 
2382.285 
2382.308 
2382.330 
2382.353 
2382.376 
2382.399 
2382.422 
2382.444 
2382.467 
2382.490 
2382.513 
2382.536 
2382.559 
2382.581 
2382.604 
2382.627 
2382.650 
2382.673 
2382.695 
2382.718 
2382.741 
2382.764 
2382.787 
2382.809 
2382.832 
2382.855 
2382.878 
2382.901 
2382.923 
2382.946 
2382.969 
2382.992 
2383.015 
2383.037 
2383.060 
2383.083 
2383.106 
2383.129 
2383.151 
2383.174 
2383.197 
2383.220 
2383.243 
2383.265 
2383.288 
2383.311 
2383.334 
2383.356 
2383.379 
2383.402 
2383.425 
2383.448 
2383.470 
2383.493 
2383.516 
2383.539 
2383.561 
2383.584 
2383.607 
2383.630 
2383.653 
2383.675 
2383.698 
2383.721 
2383.744 
2383.766 
2383.789 
2383.812 
2383.835 
2383.857 
2383.880 
2383.903 
2383.926 
2383.949 
2383.971 
2383.994 
2384.017 
2384.040 
2384.062 
2384.085 
2384.108 
2384.131 
2384.153 
2384.176 
2384.199 
2384.222 
2384.244 
2384.267 
2384.290 
2384.313 
2384.335 
2384.358 
2384.381 
2384.404 
2384.426 
2384.449 
2384.472 
2384.495 
2384.517 
2384.540 
2384.563 
2384.586 
2384.608 
2384.631 
2384.654 
2384.676 
2384.699 
2384.722 
2384.745 
2384.767 
2384.790 
2384.813 
2384.836 
2384.858 
2384.881 
2384.904 
2384.927 
2384.949 
2384.972 
2384.995 
2385.017 
2385.040 
2385.063 
2385.086 
2385.108 
2385.131 
2385.154 
2385.176 
2385.199 
2385.222 
2385.245 
2385.267 
2385.290 
2385.313 
2385.335 
2385.358 
2385.381 
2385.404 
2385.426 
2385.449 
2385.472 
2385.494 
2385.517 
2385.540 
2385.562 
2385.585 
2385.608 
2385.631 
2385.653 
2385.676 
2385.699 
2385.721 
2385.744 
2385.767 
2385.789 
2385.812 
2385.835 
2385.858 
2385.880 
2385.903 
2385.926 
2385.948 
2385.971 
2385.994 
2386.016 
2386.039 
2386.062 
2386.084 
2386.107 
2386.130 
2386.152 
2386.175 
2386.198 
2386.221 
2386.243 
2386.266 
2386.289 
2386.311 
2386.334 
2386.357 
2386.379 
2386.402 
2386.425 
2386.447 
2386.470 
2386.493 
2386.515 
2386.538 
2386.561 
2386.583 
2386.606 
2386.629 
2386.651 
2386.674 
2386.697 
2386.719 
2386.742 
2386.765 
2386.787 
2386.810 
2386.832 
2386.855 
2386.878 
2386.900 
2386.923 
2386.946 
2386.968 
2386.991 
2387.014 
2387.036 
2387.059 
2387.082 
2387.104 
2387.127 
2387.150 
2387.172 
2387.195 
2387.218 
2387.240 
2387.263 
2387.285 
2387.308 
2387.331 
2387.353 
2387.376 
2387.399 
2387.421 
2387.444 
2387.467 
2387.489 
2387.512 
2387.534 
2387.557 
2387.580 
2387.602 
2387.625 
2387.648 
2387.670 
2387.693 
2387.715 
2387.738 
2387.761 
2387.783 
2387.806 
2387.829 
2387.851 
2387.874 
2387.896 
2387.919 
2387.942 
2387.964 
2387.987 
2388.009 
2388.032 
2388.055 
2388.077 
2388.100 
2388.122 
2388.145 
2388.168 
2388.190 
2388.213 
2388.235 
2388.258 
2388.281 
2388.303 
2388.326 
2388.348 
2388.371 
2388.394 
2388.416 
2388.439 
2388.461 
2388.484 
2388.507 
2388.529 
2388.552 
2388.574 
2388.597 
2388.620 
2388.642 
2388.665 
2388.687 
2388.710 
2388.733 
2388.755 
2388.778 
2388.800 
2388.823 
2388.845 
2388.868 
2388.891 
2388.913 
2388.936 
2388.958 
2388.981 
2389.004 
2389.026 
2389.049 
2389.071 
2389.094 
2389.116 
2389.139 
2389.162 
2389.184 
2389.207 
2389.229 
2389.252 
2389.274 
2389.297 
2389.319 
2389.342 
2389.365 
2389.387 
2389.410 
2389.432 
2389.455 
2389.477 
2389.500 
2389.522 
2389.545 
2389.568 
2389.590 
2389.613 
2389.635 
2389.658 
2389.680 
2389.703 
2389.725 
2389.748 
2389.771 
2389.793 
2389.816 
2389.838 
2389.861 
2389.883 
2389.906 
2389.928 
2389.951 
2389.973 
2389.996 
2390.018 
2390.041 
2390.064 
2390.086 
2390.109 
2390.131 
2390.154 
2390.176 
2390.199 
2390.221 
2390.244 
2390.266 
2390.289 
2390.311 
2390.334 
2390.356 
2390.379 
2390.402 
2390.424 
2390.447 
2390.469 
2390.492 
2390.514 
2390.537 
2390.559 
2390.582 
2390.604 
2390.627 
2390.649 
2390.672 
2390.694 
2390.717 
2390.739 
2390.762 
2390.784 
2390.807 
2390.829 
2390.852 
2390.874 
2390.897 
2390.919 
2390.942 
2390.964 
2390.987 
