1159.000
1159.013
1159.025
1159.037
1159.050
1159.062
1159.075
1159.087
1159.100
1159.112
1159.125
1159.137
1159.150
1159.162
1159.175
1159.187
1159.200
1159.212
1159.225
1159.237
1159.250
1159.262
1159.275
1159.287
1159.300
1159.312
1159.325
1159.337
1159.350
1159.362
1159.375
1159.387
1159.400
1159.412
1159.425
1159.437
1159.450
1159.462
1159.475
1159.487
1159.500
1159.512
1159.525
1159.537
1159.550
1159.562
1159.575
1159.587
1159.600
1159.612
1159.625
1159.637
1159.650
1159.662
1159.674
1159.687
1159.699
1159.712
1159.724
1159.737
1159.749
1159.762
1159.774
1159.787
1159.799
1159.812
1159.824
1159.837
1159.849
1159.862
1159.874
1159.887
1159.899
1159.912
1159.924
1159.936
1159.949
1159.961
1159.974
1159.986
1159.999
1160.011
1160.024
1160.036
1160.049
1160.061
1160.074
1160.086
1160.099
1160.111
1160.124
1160.136
1160.148
1160.161
1160.173
1160.186
1160.198
1160.211
1160.223
1160.236
1160.248
1160.261
1160.273
1160.286
1160.298
1160.311
1160.323
1160.335
1160.348
1160.360
1160.373
1160.385
1160.398
1160.410
1160.423
1160.435
1160.448
1160.460
1160.472
1160.485
1160.497
1160.510
1160.522
1160.535
1160.547
1160.560
1160.572
1160.585
1160.597
1160.609
1160.622
1160.634
1160.647
1160.659
1160.672
1160.684
1160.697
1160.709
1160.722
1160.734
1160.746
1160.759
1160.771
1160.784
1160.796
1160.809
1160.821
1160.834
1160.846
1160.858
1160.871
1160.883
1160.896
1160.908
1160.921
1160.933
1160.946
1160.958
1160.970
1160.983
1160.995
1161.008
1161.020
1161.033
1161.045
1161.058
1161.070
1161.082
1161.095
1161.107
1161.120
1161.132
1161.145
1161.157
1161.170
1161.182
1161.194
1161.207
1161.219
1161.232
1161.244
1161.257
1161.269
1161.281
1161.294
1161.306
1161.319
1161.331
1161.344
1161.356
1161.368
1161.381
1161.393
1161.406
1161.418
1161.431
1161.443
1161.455
1161.468
1161.480
1161.493
1161.505
1161.518
1161.530
1161.542
1161.555
1161.567
1161.580
1161.592
1161.605
1161.617
1161.629
1161.642
1161.654
1161.667
1161.679
1161.692
1161.704
1161.716
1161.729
1161.741
1161.754
1161.766
1161.778
1161.791
1161.803
1161.816
1161.828
1161.841
1161.853
1161.865
1161.878
1161.890
1161.903
1161.915
1161.927
1161.940
1161.952
1161.965
1161.977
1161.990
1162.002
1162.014
1162.027
1162.039
1162.052
1162.064
1162.076
1162.089
1162.101
1162.114
1162.126
1162.138
1162.151
1162.163
1162.176
1162.188
1162.201
1162.213
1162.225
1162.238
1162.250
1162.263
1162.275
1162.287
1162.300
1162.312
1162.325
1162.337
1162.349
1162.362
1162.374
1162.387
1162.399
1162.411
1162.424
1162.436
1162.449
1162.461
1162.473
1162.486
1162.498
1162.511
1162.523
1162.535
1162.548
1162.560
1162.573
1162.585
1162.597
1162.610
1162.622
1162.635
1162.647
1162.659
1162.672
1162.684
1162.697
1162.709
1162.721
1162.734
1162.746
1162.758
1162.771
1162.783
1162.796
1162.808
1162.820
1162.833
1162.845
1162.858
1162.870
1162.882
1162.895
1162.907
1162.920
1162.932
1162.944
1162.957
1162.969
1162.981
1162.994
1163.006
1163.019
1163.031
1163.043
1163.056
1163.068
1163.081
1163.093
1163.105
1163.118
1163.130
1163.142
1163.155
1163.167
1163.180
1163.192
1163.204
1163.217
1163.229
1163.241
1163.254
1163.266
1163.279
1163.291
1163.303
1163.316
1163.328
1163.340
1163.353
1163.365
1163.378
1163.390
1163.402
1163.415
1163.427
1163.439
1163.452
1163.464
1163.477
1163.489
1163.501
1163.514
1163.526
1163.538
1163.551
1163.563
1163.575
1163.588
1163.600
1163.613
1163.625
1163.637
1163.650
1163.662
1163.674
1163.687
1163.699
1163.711
1163.724
1163.736
1163.749
1163.761
1163.773
1163.786
1163.798
1163.810
1163.823
1163.835
1163.847
1163.860
1163.872
1163.885
1163.897
1163.909
1163.922
1163.934
1163.946
1163.959
1163.971
1163.983
1163.996
1164.008
1164.020
1164.033
1164.045
1164.057
1164.070
1164.082
1164.095
1164.107
1164.119
1164.132
1164.144
1164.156
1164.169
1164.181
1164.193
1164.206
1164.218
1164.230
1164.243
1164.255
1164.267
1164.280
1164.292
1164.304
1164.317
1164.329
1164.342
1164.354
1164.366
1164.379
1164.391
1164.403
1164.416
1164.428
1164.440
1164.453
1164.465
1164.477
1164.490
1164.502
1164.514
1164.527
1164.539
1164.551
1164.564
1164.576
1164.588
1164.601
1164.613
1164.625
1164.638
1164.650
1164.662
1164.675
1164.687
1164.699
1164.712
1164.724
1164.736
1164.749
1164.761
1164.773
1164.786
1164.798
1164.810
1164.823
1164.835
1164.847
1164.860
1164.872
1164.884
1164.897
1164.909
1164.921
1164.934
1164.946
1164.958
1164.971
1164.983
1164.995
1165.008
1165.020
1165.032
1165.045
1165.057
1165.069
1165.082
1165.094
1165.106
1165.118
1165.131
1165.143
1165.155
1165.168
1165.180
1165.192
1165.205
1165.217
1165.229
1165.242
1165.254
1165.266
1165.279
1165.291
1165.303
1165.316
1165.328
1165.340
1165.353
1165.365
1165.377
1165.389
1165.402
1165.414
1165.426
1165.439
1165.451
1165.463
1165.476
1165.488
1165.500
1165.513
1165.525
1165.537
1165.550
1165.562
1165.574
1165.586
1165.599
1165.611
1165.623
1165.636
1165.648
1165.660
1165.673
1165.685
1165.697
1165.710
1165.722
1165.734
1165.746
1165.759
1165.771
1165.783
1165.796
1165.808
1165.820
1165.833
1165.845
1165.857
1165.869
1165.882
1165.894
1165.906
1165.919
1165.931
1165.943
1165.956
1165.968
1165.980
1165.992
1166.005
1166.017
1166.029
1166.042
1166.054
1166.066
1166.078
1166.091
1166.103
1166.115
1166.128
1166.140
1166.152
1166.165
1166.177
1166.189
1166.201
1166.214
1166.226
1166.238
1166.251
1166.263
1166.275
1166.287
1166.300
1166.312
1166.324
1166.337
1166.349
1166.361
1166.373
1166.386
1166.398
1166.410
1166.423
1166.435
1166.447
1166.459
1166.472
1166.484
1166.496
1166.509
1166.521
1166.533
1166.545
1166.558
1166.570
1166.582
1166.595
1166.607
1166.619
1166.631
1166.644
1166.656
1166.668
1166.680
1166.693
1166.705
1166.717
1166.730
1166.742
1166.754
1166.766
1166.779
1166.791
1166.803
1166.815
1166.828
1166.840
1166.852
1166.865
1166.877
1166.889
1166.901
1166.914
1166.926
1166.938
1166.950
1166.963
1166.975
1166.987
1167.000
1167.012
1167.024
1167.036
1167.049
1167.061
1167.073
1167.085
1167.098
1167.110
1167.122
1167.134
1167.147
1167.159
1167.171
1167.183
1167.196
1167.208
1167.220
1167.233
1167.245
1167.257
1167.269
1167.282
1167.294
1167.306
1167.318
1167.331
1167.343
1167.355
1167.367
1167.380
1167.392
1167.404
1167.416
1167.429
1167.441
1167.453
1167.465
1167.478
1167.490
1167.502
1167.514
1167.527
1167.539
1167.551
1167.563
1167.576
1167.588
1167.600
1167.612
1167.625
1167.637
1167.649
1167.661
1167.674
1167.686
1167.698
1167.710
1167.723
1167.735
1167.747
1167.759
1167.772
1167.784
1167.796
1167.808
1167.821
1167.833
1167.845
1167.857
1167.870
1167.882
1167.894
1167.906
1167.919
1167.931
1167.943
1167.955
1167.967
1167.980
1167.992
1168.004
1168.016
1168.029
1168.041
1168.053
1168.065
1168.078
1168.090
1168.102
1168.114
1168.127
1168.139
1168.151
1168.163
1168.175
1168.188
1168.200
1168.212
1168.224
1168.237
1168.249
1168.261
1168.273
1168.286
1168.298
1168.310
1168.322
1168.334
1168.347
1168.359
1168.371
1168.383
1168.396
1168.408
1168.420
1168.432
1168.445
1168.457
1168.469
1168.481
1168.493
1168.506
1168.518
1168.530
1168.542
1168.555
1168.567
1168.579
1168.591
1168.603
1168.616
1168.628
1168.640
1168.652
1168.665
1168.677
1168.689
1168.701
1168.713
1168.726
1168.738
1168.750
1168.762
1168.774
1168.787
1168.799
1168.811
1168.823
1168.836
1168.848
1168.860
1168.872
1168.884
1168.897
1168.909
1168.921
1168.933
1168.945
1168.958
1168.970
1168.982
1168.994
1169.006
1169.019
1169.031
1169.043
1169.055
1169.068
1169.080
1169.092
1169.104
1169.116
1169.129
1169.141
1169.153
1169.165
1169.177
1169.190
1169.202
1169.214
1169.226
1169.238
1169.251
1169.263
1169.275
1169.287
1169.299
1169.312
1169.324
1169.336
1169.348
1169.360
1169.373
1169.385
1169.397
1169.409
1169.421
1169.434
1169.446
1169.458
1169.470
1169.482
1169.495
1169.507
1169.519
1169.531
1169.543
1169.555
1169.568
1169.580
1169.592
1169.604
1169.616
1169.629
1169.641
1169.653
1169.665
1169.677
1169.690
1169.702
1169.714
1169.726
1169.738
1169.751
1169.763
1169.775
1169.787
1169.799
1169.811
1169.824
1169.836
1169.848
1169.860
1169.872
1169.885
1169.897
1169.909
1169.921
1169.933
1169.945
1169.958
1169.970
1169.982
1169.994
1170.006
1170.019
1170.031
1170.043
1170.055
1170.067
1170.079
1170.092
1170.104
1170.116
1170.128
1170.140
1170.152
1170.165
1170.177
1170.189
1170.201
1170.213
1170.226
1170.238
1170.250
1170.262
1170.274
1170.286
1170.299
1170.311
1170.323
1170.335
1170.347
1170.359
1170.372
1170.384
1170.396
1170.408
1170.420
1170.432
1170.445
1170.457
1170.469
1170.481
1170.493
1170.505
1170.518
1170.530
1170.542
1170.554
1170.566
1170.578
1170.591
1170.603
1170.615
1170.627
1170.639
1170.651
1170.664
1170.676
1170.688
1170.700
1170.712
1170.724
1170.736
1170.749
1170.761
1170.773
1170.785
1170.797
1170.809
1170.822
1170.834
1170.846
1170.858
1170.870
1170.882
1170.894
1170.907
1170.919
1170.931
1170.943
1170.955
1170.967
1170.980
1170.992
1171.004
1171.016
1171.028
1171.040
1171.052
1171.065
1171.077
1171.089
1171.101
1171.113
1171.125
1171.137
1171.150
1171.162
1171.174
1171.186
1171.198
1171.210
1171.223
1171.235
1171.247
1171.259
1171.271
1171.283
1171.295
1171.308
1171.320
1171.332
1171.344
1171.356
1171.368
1171.380
1171.392
1171.405
1171.417
1171.429
1171.441
1171.453
1171.465
1171.477
1171.490
1171.502
1171.514
1171.526
1171.538
1171.550
1171.562
1171.575
1171.587
1171.599
1171.611
1171.623
1171.635
1171.647
1171.659
1171.672
1171.684
1171.696
1171.708
1171.720
1171.732
1171.744
1171.756
1171.769
1171.781
1171.793
1171.805
1171.817
1171.829
1171.841
1171.853
1171.866
1171.878
1171.890
1171.902
1171.914
1171.926
1171.938
1171.950
1171.963
1171.975
1171.987
1171.999
1172.011
1172.023
1172.035
1172.047
1172.060
1172.072
1172.084
1172.096
1172.108
1172.120
1172.132
1172.144
1172.157
1172.169
1172.181
1172.193
1172.205
1172.217
1172.229
1172.241
1172.253
1172.266
1172.278
1172.290
1172.302
1172.314
1172.326
1172.338
1172.350
1172.362
1172.375
1172.387
1172.399
1172.411
1172.423
1172.435
1172.447
1172.459
1172.471
1172.484
1172.496
1172.508
1172.520
1172.532
1172.544
1172.556
1172.568
1172.580
1172.592
1172.605
1172.617
1172.629
1172.641
1172.653
1172.665
1172.677
1172.689
1172.701
1172.714
1172.726
1172.738
1172.750
1172.762
1172.774
1172.786
1172.798
1172.810
1172.822
1172.834
1172.847
1172.859
1172.871
1172.883
1172.895
1172.907
1172.919
1172.931
1172.943
1172.955
1172.968
1172.980
1172.992
1173.004
1173.016
1173.028
1173.040
1173.052
1173.064
1173.076
1173.088
1173.101
1173.113
1173.125
1173.137
1173.149
1173.161
1173.173
1173.185
1173.197
1173.209
1173.221
1173.233
1173.246
1173.258
1173.270
1173.282
1173.294
1173.306
1173.318
1173.330
1173.342
1173.354
1173.366
1173.378
1173.391
1173.403
1173.415
1173.427
1173.439
1173.451
1173.463
1173.475
1173.487
1173.499
1173.511
1173.523
1173.536
1173.548
1173.560
1173.572
1173.584
1173.596
1173.608
1173.620
1173.632
1173.644
1173.656
1173.668
1173.680
1173.692
1173.705
1173.717
1173.729
1173.741
1173.753
1173.765
1173.777
1173.789
1173.801
1173.813
1173.825
1173.837
1173.849
1173.861
1173.873
1173.886
1173.898
1173.910
1173.922
1173.934
1173.946
1173.958
1173.970
1173.982
1173.994
1174.006
1174.018
1174.030
1174.042
1174.054
1174.067
1174.079
1174.091
1174.103
1174.115
1174.127
1174.139
1174.151
1174.163
1174.175
1174.187
1174.199
1174.211
1174.223
1174.235
1174.247
1174.259
1174.271
1174.284
1174.296
1174.308
1174.320
1174.332
1174.344
1174.356
1174.368
1174.380
1174.392
1174.404
1174.416
1174.428
1174.440
1174.452
1174.464
1174.476
1174.488
1174.500
1174.513
1174.525
1174.537
1174.549
1174.561
1174.573
1174.585
1174.597
1174.609
1174.621
1174.633
1174.645
1174.657
1174.669
1174.681
1174.693
1174.705
1174.717
1174.729
1174.741
1174.753
1174.765
1174.777
1174.790
1174.802
1174.814
1174.826
1174.838
1174.850
1174.862
1174.874
1174.886
1174.898
1174.910
1174.922
1174.934
1174.946
1174.958
1174.970
1174.982
1174.994
1175.006
1175.018
1175.030
1175.042
1175.054
1175.066
1175.078
1175.090
1175.102
1175.114
1175.126
1175.139
1175.151
1175.163
1175.175
1175.187
1175.199
1175.211
1175.223
1175.235
1175.247
1175.259
1175.271
1175.283
1175.295
1175.307
1175.319
1175.331
1175.343
1175.355
1175.367
1175.379
1175.391
1175.403
1175.415
1175.427
1175.439
1175.451
1175.463
1175.475
1175.487
1175.499
1175.511
1175.523
1175.535
1175.547
1175.559
1175.571
1175.583
1175.595
1175.607
1175.619
1175.631
1175.643
1175.655
1175.667
1175.679
1175.692
1175.704
1175.716
1175.728
1175.740
1175.752
1175.764
1175.776
1175.788
1175.800
1175.812
1175.824
1175.836
1175.848
1175.860
1175.872
1175.884
1175.896
1175.908
1175.920
1175.932
1175.944
1175.956
1175.968
1175.980
1175.992
1176.004
1176.016
1176.028
1176.040
1176.052
1176.064
1176.076
1176.088
1176.100
1176.112
1176.124
1176.136
1176.148
1176.160
1176.172
1176.184
1176.196
1176.208
1176.220
1176.232
1176.244
1176.256
1176.268
1176.280
1176.292
1176.304
1176.316
1176.328
1176.340
1176.352
1176.364
1176.376
1176.388
1176.400
1176.412
1176.424
1176.436
1176.448
1176.460
1176.472
1176.484
1176.496
1176.508
1176.520
1176.532
1176.544
1176.556
1176.568
1176.580
1176.592
1176.604
1176.616
1176.627
1176.639
1176.651
1176.663
1176.675
1176.687
1176.699
1176.711
1176.723
1176.735
1176.747
1176.759
1176.771
1176.783
1176.795
1176.807
1176.819
1176.831
1176.843
1176.855
1176.867
1176.879
1176.891
1176.903
1176.915
1176.927
1176.939
1176.951
1176.963
1176.975
1176.987
1176.999
1177.011
1177.023
1177.035
1177.047
1177.059
1177.071
1177.083
1177.095
1177.107
1177.119
1177.131
1177.143
1177.155
1177.167
1177.178
1177.190
1177.202
1177.214
1177.226
1177.238
1177.250
1177.262
1177.274
1177.286
1177.298
1177.310
1177.322
1177.334
1177.346
1177.358
1177.370
1177.382
1177.394
1177.406
1177.418
1177.430
1177.442
1177.454
1177.466
1177.478
1177.490
1177.502
1177.513
1177.525
1177.537
1177.549
1177.561
1177.573
1177.585
1177.597
1177.609
1177.621
1177.633
1177.645
1177.657
1177.669
1177.681
1177.693
1177.705
1177.717
1177.729
1177.741
1177.753
1177.765
1177.777
1177.788
1177.800
1177.812
1177.824
1177.836
1177.848
1177.860
1177.872
1177.884
1177.896
1177.908
1177.920
1177.932
1177.944
1177.956
1177.968
1177.980
1177.992
1178.004
1178.016
1178.027
1178.039
1178.051
1178.063
1178.075
1178.087
1178.099
1178.111
1178.123
1178.135
1178.147
1178.159
1178.171
1178.183
1178.195
1178.207
1178.219
1178.230
1178.242
1178.254
1178.266
1178.278
1178.290
1178.302
1178.314
1178.326
1178.338
1178.350
1178.362
1178.374
1178.386
1178.398
1178.410
1178.421
1178.433
1178.445
1178.457
1178.469
1178.481
1178.493
1178.505
1178.517
1178.529
1178.541
1178.553
1178.565
1178.577
1178.589
1178.600
1178.612
1178.624
1178.636
1178.648
1178.660
1178.672
1178.684
1178.696
1178.708
1178.720
1178.732
1178.744
1178.755
1178.767
1178.779
1178.791
1178.803
1178.815
1178.827
1178.839
1178.851
1178.863
1178.875
1178.887
1178.899
1178.910
1178.922
1178.934
1178.946
1178.958
1178.970
1178.982
1178.994
1179.006
1179.018
1179.030
1179.042
1179.053
1179.065
1179.077
1179.089
1179.101
1179.113
1179.125
1179.137
1179.149
1179.161
1179.173
1179.185
1179.196
1179.208
1179.220
1179.232
1179.244
1179.256
1179.268
1179.280
1179.292
1179.304
1179.316
1179.327
1179.339
1179.351
1179.363
1179.375
1179.387
1179.399
1179.411
1179.423
1179.435
1179.446
1179.458
1179.470
1179.482
1179.494
1179.506
1179.518
1179.530
1179.542
1179.554
1179.566
1179.577
1179.589
1179.601
1179.613
1179.625
1179.637
1179.649
1179.661
1179.673
1179.684
1179.696
1179.708
1179.720
1179.732
1179.744
1179.756
1179.768
1179.780
1179.792
1179.803
1179.815
1179.827
1179.839
1179.851
1179.863
1179.875
1179.887
1179.899
1179.910
1179.922
1179.934
1179.946
1179.958
1179.970
1179.982
1179.994
1180.006
1180.017
1180.029
1180.041
1180.053
1180.065
1180.077
1180.089
1180.101
1180.113
1180.124
1180.136
1180.148
1180.160
1180.172
1180.184
1180.196
1180.208
1180.219
1180.231
1180.243
1180.255
1180.267
1180.279
1180.291
1180.303
1180.315
1180.326
1180.338
1180.350
1180.362
1180.374
1180.386
1180.398
1180.410
1180.421
1180.433
1180.445
1180.457
1180.469
1180.481
1180.493
1180.505
1180.516
1180.528
1180.540
1180.552
1180.564
1180.576
1180.588
1180.600
1180.611
1180.623
1180.635
1180.647
1180.659
1180.671
1180.683
1180.694
1180.706
1180.718
1180.730
1180.742
1180.754
1180.766
1180.778
1180.789
1180.801
1180.813
1180.825
1180.837
1180.849
1180.861
1180.872
1180.884
1180.896
1180.908
1180.920
1180.932
1180.944
1180.955
1180.967
1180.979
1180.991
1181.003
1181.015
1181.027
1181.038
1181.050
1181.062
1181.074
1181.086
1181.098
1181.110
1181.121
1181.133
1181.145
1181.157
1181.169
1181.181
1181.193
1181.204
1181.216
1181.228
1181.240
1181.252
1181.264
1181.276
1181.287
1181.299
1181.311
1181.323
1181.335
1181.347
1181.359
1181.370
1181.382
1181.394
1181.406
1181.418
1181.430
1181.441
1181.453
1181.465
1181.477
1181.489
1181.501
1181.512
1181.524
1181.536
1181.548
1181.560
1181.572
1181.584
1181.595
1181.607
1181.619
1181.631
1181.643
1181.655
1181.666
1181.678
1181.690
1181.702
1181.714
1181.726
1181.737
1181.749
1181.761
1181.773
1181.785
1181.797
1181.808
1181.820
1181.832
1181.844
1181.856
1181.868
1181.879
1181.891
1181.903
1181.915
1181.927
1181.939
1181.950
1181.962
1181.974
1181.986
1181.998
1182.010
1182.021
1182.033
1182.045
1182.057
1182.069
1182.081
1182.092
1182.104
1182.116
1182.128
1182.140
1182.152
1182.163
1182.175
1182.187
1182.199
1182.211
1182.222
1182.234
1182.246
1182.258
1182.270
1182.282
1182.293
1182.305
1182.317
1182.329
1182.341
1182.353
1182.364
1182.376
1182.388
1182.400
1182.412
1182.423
1182.435
1182.447
1182.459
1182.471
1182.483
1182.494
1182.506
1182.518
1182.530
1182.542
1182.553
1182.565
1182.577
1182.589
1182.601
1182.612
1182.624
1182.636
1182.648
1182.660
1182.672
1182.683
1182.695
1182.707
1182.719
1182.731
1182.742
1182.754
1182.766
1182.778
1182.790
1182.801
1182.813
1182.825
1182.837
1182.849
1182.860
1182.872
1182.884
1182.896
1182.908
1182.919
1182.931
1182.943
1182.955
1182.967
1182.978
1182.990
