1629.000
1629.018
1629.036
1629.054
1629.072
1629.089
1629.107
1629.125
1629.143
1629.161
1629.179
1629.197
1629.215
1629.233
1629.251
1629.268
1629.286
1629.304
1629.322
1629.340
1629.358
1629.376
1629.394
1629.412
1629.429
1629.447
1629.465
1629.483
1629.501
1629.519
1629.537
1629.555
1629.573
1629.590
1629.608
1629.626
1629.644
1629.662
1629.680
1629.698
1629.716
1629.733
1629.751
1629.769
1629.787
1629.805
1629.823
1629.841
1629.859
1629.876
1629.894
1629.912
1629.930
1629.948
1629.966
1629.984
1630.002
1630.019
1630.037
1630.055
1630.073
1630.091
1630.109
1630.127
1630.144
1630.162
1630.180
1630.198
1630.216
1630.234
1630.252
1630.270
1630.287
1630.305
1630.323
1630.341
1630.359
1630.377
1630.395
1630.412
1630.430
1630.448
1630.466
1630.484
1630.502
1630.520
1630.537
1630.555
1630.573
1630.591
1630.609
1630.627
1630.644
1630.662
1630.680
1630.698
1630.716
1630.734
1630.752
1630.769
1630.787
1630.805
1630.823
1630.841
1630.859
1630.876
1630.894
1630.912
1630.930
1630.948
1630.966
1630.983
1631.001
1631.019
1631.037
1631.055
1631.073
1631.091
1631.108
1631.126
1631.144
1631.162
1631.180
1631.198
1631.215
1631.233
1631.251
1631.269
1631.287
1631.304
1631.322
1631.340
1631.358
1631.376
1631.394
1631.411
1631.429
1631.447
1631.465
1631.483
1631.501
1631.518
1631.536
1631.554
1631.572
1631.590
1631.607
1631.625
1631.643
1631.661
1631.679
1631.697
1631.714
1631.732
1631.750
1631.768
1631.786
1631.803
1631.821
1631.839
1631.857
1631.875
1631.893
1631.910
1631.928
1631.946
1631.964
1631.982
1631.999
1632.017
1632.035
1632.053
1632.071
1632.088
1632.106
1632.124
1632.142
1632.160
1632.177
1632.195
1632.213
1632.231
1632.249
1632.266
1632.284
1632.302
1632.320
1632.338
1632.355
1632.373
1632.391
1632.409
1632.427
1632.444
1632.462
1632.480
1632.498
1632.516
1632.533
1632.551
1632.569
1632.587
1632.604
1632.622
1632.640
1632.658
1632.676
1632.693
1632.711
1632.729
1632.747
1632.765
1632.782
1632.800
1632.818
1632.836
1632.853
1632.871
1632.889
1632.907
1632.925
1632.942
1632.960
1632.978
1632.996
1633.013
1633.031
1633.049
1633.067
1633.085
1633.102
1633.120
1633.138
1633.156
1633.173
1633.191
1633.209
1633.227
1633.244
1633.262
1633.280
1633.298
1633.316
1633.333
1633.351
1633.369
1633.387
1633.404
1633.422
1633.440
1633.458
1633.475
1633.493
1633.511
1633.529
1633.546
1633.564
1633.582
1633.600
1633.617
1633.635
1633.653
1633.671
1633.688
1633.706
1633.724
1633.742
1633.759
1633.777
1633.795
1633.813
1633.830
1633.848
1633.866
1633.884
1633.901
1633.919
1633.937
1633.955
1633.972
1633.990
1634.008
1634.026
1634.043
1634.061
1634.079
1634.097
1634.114
1634.132
1634.150
1634.168
1634.185
1634.203
1634.221
1634.239
1634.256
1634.274
1634.292
1634.310
1634.327
1634.345
1634.363
1634.380
1634.398
1634.416
1634.434
1634.451
1634.469
1634.487
1634.505
1634.522
1634.540
1634.558
1634.575
1634.593
1634.611
1634.629
1634.646
1634.664
1634.682
1634.700
1634.717
1634.735
1634.753
1634.770
1634.788
1634.806
1634.824
1634.841
1634.859
1634.877
1634.894
1634.912
1634.930
1634.948
1634.965
1634.983
1635.001
1635.018
1635.036
1635.054
1635.072
1635.089
1635.107
1635.125
1635.142
1635.160
1635.178
1635.196
1635.213
1635.231
1635.249
1635.266
1635.284
1635.302
1635.319
1635.337
1635.355
1635.373
1635.390
1635.408
1635.426
1635.443
1635.461
1635.479
1635.496
1635.514
1635.532
1635.550
1635.567
1635.585
1635.603
1635.620
1635.638
1635.656
1635.673
1635.691
1635.709
1635.726
1635.744
1635.762
1635.780
1635.797
1635.815
1635.833
1635.850
1635.868
1635.886
1635.903
1635.921
1635.939
1635.956
1635.974
1635.992
1636.009
1636.027
1636.045
1636.063
1636.080
1636.098
1636.116
1636.133
1636.151
1636.169
1636.186
1636.204
1636.222
1636.239
1636.257
1636.275
1636.292
1636.310
1636.328
1636.345
1636.363
1636.381
1636.398
1636.416
1636.434
1636.451
1636.469
1636.487
1636.504
1636.522
1636.540
1636.557
1636.575
1636.593
1636.610
1636.628
1636.646
1636.663
1636.681
1636.699
1636.716
1636.734
1636.752
1636.769
1636.787
1636.805
1636.822
1636.840
1636.858
1636.875
1636.893
1636.910
1636.928
1636.946
1636.963
1636.981
1636.999
1637.016
1637.034
1637.052
1637.069
1637.087
1637.105
1637.122
1637.140
1637.158
1637.175
1637.193
1637.211
1637.228
1637.246
1637.263
1637.281
1637.299
1637.316
1637.334
1637.352
1637.369
1637.387
1637.405
1637.422
1637.440
1637.457
1637.475
1637.493
1637.510
1637.528
1637.546
1637.563
1637.581
1637.599
1637.616
1637.634
1637.651
1637.669
1637.687
1637.704
1637.722
1637.740
1637.757
1637.775
1637.792
1637.810
1637.828
1637.845
1637.863
1637.881
1637.898
1637.916
1637.933
1637.951
1637.969
1637.986
1638.004
1638.022
1638.039
1638.057
1638.074
1638.092
1638.110
1638.127
1638.145
1638.162
1638.180
1638.198
1638.215
1638.233
1638.251
1638.268
1638.286
1638.303
1638.321
1638.339
1638.356
1638.374
1638.391
1638.409
1638.427
1638.444
1638.462
1638.479
1638.497
1638.515
1638.532
1638.550
1638.567
1638.585
1638.603
1638.620
1638.638
1638.655
1638.673
1638.691
1638.708
1638.726
1638.743
1638.761
1638.779
1638.796
1638.814
1638.831
1638.849
1638.867
1638.884
1638.902
1638.919
1638.937
1638.955
1638.972
1638.990
1639.007
1639.025
1639.042
1639.060
1639.078
1639.095
1639.113
1639.130
1639.148
1639.166
1639.183
1639.201
1639.218
1639.236
1639.253
1639.271
1639.289
1639.306
1639.324
1639.341
1639.359
1639.377
1639.394
1639.412
1639.429
1639.447
1639.464
1639.482
1639.500
1639.517
1639.535
1639.552
1639.570
1639.587
1639.605
1639.623
1639.640
1639.658
1639.675
1639.693
1639.710
1639.728
1639.746
1639.763
1639.781
1639.798
1639.816
1639.833
1639.851
1639.868
1639.886
1639.904
1639.921
1639.939
1639.956
1639.974
1639.991
1640.009
1640.026
1640.044
1640.062
1640.079
1640.097
1640.114
1640.132
1640.149
1640.167
1640.184
1640.202
1640.220
1640.237
1640.255
1640.272
1640.290
1640.307
1640.325
1640.342
1640.360
1640.377
1640.395
1640.413
1640.430
1640.448
1640.465
1640.483
1640.500
1640.518
1640.535
1640.553
1640.570
1640.588
1640.606
1640.623
1640.641
1640.658
1640.676
1640.693
1640.711
1640.728
1640.746
1640.763
1640.781
1640.798
1640.816
1640.833
1640.851
1640.869
1640.886
1640.904
1640.921
1640.939
1640.956
1640.974
1640.991
1641.009
1641.026
1641.044
1641.061
1641.079
1641.096
1641.114
1641.131
1641.149
1641.166
1641.184
1641.201
1641.219
1641.236
1641.254
1641.272
1641.289
1641.307
1641.324
1641.342
1641.359
1641.377
1641.394
1641.412
1641.429
1641.447
1641.464
1641.482
1641.499
1641.517
1641.534
1641.552
1641.569
1641.587
1641.604
1641.622
1641.639
1641.657
1641.674
1641.692
1641.709
1641.727
1641.744
1641.762
1641.779
1641.797
1641.814
1641.832
1641.849
1641.867
1641.884
1641.902
1641.919
1641.937
1641.954
1641.972
1641.989
1642.007
1642.024
1642.042
1642.059
1642.077
1642.094
1642.112
1642.129
1642.147
1642.164
1642.182
1642.199
1642.217
1642.234
1642.252
1642.269
1642.287
1642.304
1642.322
1642.339
1642.357
1642.374
1642.391
1642.409
1642.426
1642.444
1642.461
1642.479
1642.496
1642.514
1642.531
1642.549
1642.566
1642.584
1642.601
1642.619
1642.636
1642.654
1642.671
1642.689
1642.706
1642.724
1642.741
1642.758
1642.776
1642.793
1642.811
1642.828
1642.846
1642.863
1642.881
1642.898
1642.916
1642.933
1642.951
1642.968
1642.986
1643.003
1643.020
1643.038
1643.055
1643.073
1643.090
1643.108
1643.125
1643.143
1643.160
1643.178
1643.195
1643.213
1643.230
1643.247
1643.265
1643.282
1643.300
1643.317
1643.335
1643.352
1643.370
1643.387
1643.405
1643.422
1643.439
1643.457
1643.474
1643.492
1643.509
1643.527
1643.544
1643.562
1643.579
1643.596
1643.614
1643.631
1643.649
1643.666
1643.684
1643.701
1643.719
1643.736
1643.753
1643.771
1643.788
1643.806
1643.823
1643.841
1643.858
1643.875
1643.893
1643.910
1643.928
1643.945
1643.963
1643.980
1643.998
1644.015
1644.032
1644.050
1644.067
1644.085
1644.102
1644.120
1644.137
1644.154
1644.172
1644.189
1644.207
1644.224
1644.241
1644.259
1644.276
1644.294
1644.311
1644.329
1644.346
1644.363
1644.381
1644.398
1644.416
1644.433
1644.451
1644.468
1644.485
1644.503
1644.520
1644.538
1644.555
1644.572
1644.590
1644.607
1644.625
1644.642
1644.660
1644.677
1644.694
1644.712
1644.729
1644.747
1644.764
1644.781
1644.799
1644.816
1644.834
1644.851
1644.868
1644.886
1644.903
1644.921
1644.938
1644.955
1644.973
1644.990
1645.008
1645.025
1645.042
1645.060
1645.077
1645.095
1645.112
1645.129
1645.147
1645.164
1645.182
1645.199
1645.216
1645.234
1645.251
1645.269
1645.286
1645.303
1645.321
1645.338
1645.356
1645.373
1645.390
1645.408
1645.425
1645.442
1645.460
1645.477
1645.495
1645.512
1645.529
1645.547
1645.564
1645.582
1645.599
1645.616
1645.634
1645.651
1645.668
1645.686
1645.703
1645.721
1645.738
1645.755
1645.773
1645.790
1645.807
1645.825
1645.842
1645.860
1645.877
1645.894
1645.912
1645.929
1645.946
1645.964
1645.981
1645.999
1646.016
1646.033
1646.051
1646.068
1646.085
1646.103
1646.120
1646.137
1646.155
1646.172
1646.190
1646.207
1646.224
1646.242
1646.259
1646.276
1646.294
1646.311
1646.328
1646.346
1646.363
1646.381
1646.398
1646.415
1646.433
1646.450
1646.467
1646.485
1646.502
1646.519
1646.537
1646.554
1646.571
1646.589
1646.606
1646.623
1646.641
1646.658
1646.676
1646.693
1646.710
1646.728
1646.745
1646.762
1646.780
1646.797
1646.814
1646.832
1646.849
1646.866
1646.884
1646.901
1646.918
1646.936
1646.953
1646.970
1646.988
1647.005
1647.022
1647.040
1647.057
1647.074
1647.092
1647.109
1647.126
1647.144
1647.161
1647.178
1647.196
1647.213
1647.230
1647.248
1647.265
1647.282
1647.300
1647.317
1647.334
1647.352
1647.369
1647.386
1647.404
1647.421
1647.438
1647.456
1647.473
1647.490
1647.508
1647.525
1647.542
1647.560
1647.577
1647.594
1647.612
1647.629
1647.646
1647.663
1647.681
1647.698
1647.715
1647.733
1647.750
1647.767
1647.785
1647.802
1647.819
1647.837
1647.854
1647.871
1647.889
1647.906
1647.923
1647.940
1647.958
1647.975
1647.992
1648.010
1648.027
1648.044
1648.062
1648.079
1648.096
1648.114
1648.131
1648.148
1648.165
1648.183
1648.200
1648.217
1648.235
1648.252
1648.269
1648.287
1648.304
1648.321
1648.338
1648.356
1648.373
1648.390
1648.408
1648.425
1648.442
1648.459
1648.477
1648.494
1648.511
1648.529
1648.546
1648.563
1648.581
1648.598
1648.615
1648.632
1648.650
1648.667
1648.684
1648.702
1648.719
1648.736
1648.753
1648.771
1648.788
1648.805
1648.822
1648.840
1648.857
1648.874
1648.892
1648.909
1648.926
1648.943
1648.961
1648.978
1648.995
1649.013
1649.030
1649.047
1649.064
1649.082
1649.099
1649.116
1649.133
1649.151
1649.168
1649.185
1649.203
1649.220
1649.237
1649.254
1649.272
1649.289
1649.306
1649.323
1649.341
1649.358
1649.375
1649.392
1649.410
1649.427
1649.444
1649.462
1649.479
1649.496
1649.513
1649.531
1649.548
1649.565
1649.582
1649.600
1649.617
1649.634
1649.651
1649.669
1649.686
1649.703
1649.720
1649.738
1649.755
1649.772
1649.789
1649.807
1649.824
1649.841
1649.858
1649.876
1649.893
1649.910
1649.927
1649.945
1649.962
1649.979
1649.996
1650.014
1650.031
1650.048
1650.065
1650.083
1650.100
1650.117
1650.134
1650.152
1650.169
1650.186
1650.203
1650.220
1650.238
1650.255
1650.272
1650.289
1650.307
1650.324
1650.341
1650.358
1650.376
1650.393
1650.410
1650.427
1650.445
1650.462
1650.479
1650.496
1650.513
1650.531
1650.548
1650.565
1650.582
1650.600
1650.617
1650.634
1650.651
1650.668
1650.686
1650.703
1650.720
1650.737
1650.755
1650.772
1650.789
1650.806
1650.823
1650.841
1650.858
1650.875
1650.892
1650.910
1650.927
1650.944
1650.961
1650.978
1650.996
1651.013
1651.030
1651.047
1651.064
1651.082
1651.099
1651.116
1651.133
1651.150
1651.168
1651.185
1651.202
1651.219
1651.237
1651.254
1651.271
1651.288
1651.305
1651.323
1651.340
1651.357
1651.374
1651.391
1651.409
1651.426
1651.443
1651.460
1651.477
1651.495
1651.512
1651.529
1651.546
1651.563
1651.581
1651.598
1651.615
1651.632
1651.649
1651.666
1651.684
1651.701
1651.718
1651.735
1651.752
1651.770
1651.787
1651.804
1651.821
1651.838
1651.856
1651.873
1651.890
1651.907
1651.924
1651.941
1651.959
1651.976
1651.993
1652.010
1652.027
1652.045
1652.062
1652.079
1652.096
1652.113
1652.130
1652.148
1652.165
1652.182
1652.199
1652.216
1652.234
1652.251
1652.268
1652.285
1652.302
1652.319
1652.337
1652.354
1652.371
1652.388
1652.405
1652.422
1652.440
1652.457
1652.474
1652.491
1652.508
1652.525
1652.543
1652.560
1652.577
1652.594
1652.611
1652.628
1652.646
1652.663
1652.680
1652.697
1652.714
1652.731
1652.749
1652.766
1652.783
1652.800
1652.817
1652.834
1652.851
1652.869
1652.886
1652.903
1652.920
1652.937
1652.954
1652.972
1652.989
1653.006
1653.023
1653.040
1653.057
1653.074
1653.092
1653.109
1653.126
1653.143
1653.160
1653.177
1653.194
1653.212
1653.229
1653.246
1653.263
1653.280
1653.297
1653.314
1653.332
1653.349
1653.366
1653.383
1653.400
1653.417
1653.434
1653.452
1653.469
1653.486
1653.503
1653.520
1653.537
1653.554
1653.571
1653.589
1653.606
1653.623
1653.640
1653.657
1653.674
1653.691
1653.709
1653.726
1653.743
1653.760
1653.777
1653.794
1653.811
1653.828
1653.846
1653.863
1653.880
1653.897
1653.914
1653.931
1653.948
1653.965
1653.983
1654.000
1654.017
1654.034
1654.051
1654.068
1654.085
1654.102
1654.119
1654.137
1654.154
1654.171
1654.188
1654.205
1654.222
1654.239
1654.256
1654.273
1654.291
1654.308
1654.325
1654.342
1654.359
1654.376
1654.393
1654.410
1654.427
1654.445
1654.462
1654.479
1654.496
1654.513
1654.530
1654.547
1654.564
1654.581
1654.598
1654.616
1654.633
1654.650
1654.667
1654.684
1654.701
1654.718
1654.735
1654.752
1654.769
1654.787
1654.804
1654.821
1654.838
1654.855
1654.872
1654.889
1654.906
1654.923
1654.940
1654.957
1654.975
1654.992
1655.009
1655.026
1655.043
1655.060
1655.077
1655.094
1655.111
1655.128
1655.145
1655.162
1655.180
1655.197
1655.214
1655.231
1655.248
1655.265
1655.282
1655.299
1655.316
1655.333
1655.350
1655.367
1655.385
1655.402
1655.419
1655.436
1655.453
1655.470
1655.487
1655.504
1655.521
1655.538
1655.555
1655.572
1655.589
1655.606
1655.624
1655.641
1655.658
1655.675
1655.692
1655.709
1655.726
1655.743
1655.760
1655.777
1655.794
1655.811
1655.828
1655.845
1655.862
1655.879
1655.897
1655.914
1655.931
1655.948
1655.965
1655.982
1655.999
1656.016
1656.033
1656.050
1656.067
1656.084
1656.101
1656.118
1656.135
1656.152
1656.169
1656.186
1656.204
1656.221
1656.238
1656.255
1656.272
1656.289
1656.306
1656.323
1656.340
1656.357
1656.374
1656.391
1656.408
1656.425
1656.442
1656.459
1656.476
1656.493
1656.510
1656.527
1656.544
1656.561
1656.579
1656.596
1656.613
1656.630
1656.647
1656.664
1656.681
1656.698
1656.715
1656.732
1656.749
1656.766
1656.783
1656.800
1656.817
1656.834
1656.851
1656.868
1656.885
1656.902
1656.919
1656.936
1656.953
1656.970
1656.987
1657.004
1657.021
1657.038
1657.055
1657.072
1657.089
1657.106
1657.123
1657.141
1657.158
1657.175
1657.192
1657.209
1657.226
1657.243
1657.260
1657.277
1657.294
1657.311
1657.328
1657.345
1657.362
1657.379
1657.396
1657.413
1657.430
1657.447
1657.464
1657.481
1657.498
1657.515
1657.532
1657.549
1657.566
1657.583
1657.600
1657.617
1657.634
1657.651
1657.668
1657.685
1657.702
1657.719
1657.736
1657.753
1657.770
1657.787
1657.804
1657.821
1657.838
1657.855
1657.872
1657.889
1657.906
1657.923
1657.940
1657.957
1657.974
1657.991
1658.008
1658.025
1658.042
1658.059
1658.076
1658.093
1658.110
1658.127
1658.144
1658.161
1658.178
1658.195
1658.212
1658.229
1658.246
1658.263
1658.280
1658.297
1658.314
1658.331
1658.348
1658.365
1658.382
1658.399
1658.416
1658.433
1658.450
1658.467
1658.483
1658.500
1658.517
1658.534
1658.551
1658.568
1658.585
1658.602
1658.619
1658.636
1658.653
1658.670
1658.687
1658.704
1658.721
1658.738
1658.755
1658.772
1658.789
1658.806
1658.823
1658.840
1658.857
1658.874
1658.891
1658.908
1658.925
1658.942
1658.959
1658.976
1658.993
1659.010
1659.027
1659.044
1659.060
1659.077
1659.094
1659.111
1659.128
1659.145
1659.162
1659.179
1659.196
1659.213
1659.230
1659.247
1659.264
1659.281
1659.298
1659.315
1659.332
1659.349
1659.366
1659.383
1659.400
1659.417
1659.433
1659.450
1659.467
1659.484
1659.501
1659.518
1659.535
1659.552
1659.569
1659.586
1659.603
1659.620
1659.637
1659.654
1659.671
1659.688
1659.705
1659.722
1659.738
1659.755
1659.772
1659.789
1659.806
1659.823
1659.840
1659.857
1659.874
1659.891
1659.908
1659.925
1659.942
1659.959
1659.976
1659.993
1660.009
1660.026
1660.043
1660.060
1660.077
1660.094
1660.111
1660.128
1660.145
1660.162
1660.179
1660.196
1660.213
1660.230
1660.246
1660.263
1660.280
1660.297
1660.314
1660.331
1660.348
1660.365
1660.382
1660.399
1660.416
1660.433
1660.449
1660.466
1660.483
1660.500
1660.517
1660.534
1660.551
1660.568
1660.585
1660.602
1660.619
1660.636
1660.652
1660.669
1660.686
1660.703
1660.720
1660.737
1660.754
1660.771
1660.788
1660.805
1660.822
1660.838
1660.855
1660.872
1660.889
1660.906
1660.923
1660.940
1660.957
1660.974
1660.991
1661.007
1661.024
1661.041
1661.058
1661.075
1661.092
1661.109
1661.126
1661.143
1661.160
1661.176
1661.193
1661.210
1661.227
1661.244
1661.261
1661.278
1661.295
1661.312
1661.328
1661.345
1661.362
1661.379
1661.396
1661.413
1661.430
1661.447
1661.464
1661.480
1661.497
1661.514
1661.531
1661.548
1661.565
1661.582
1661.599
1661.616
1661.632
1661.649
1661.666
1661.683
1661.700
1661.717
1661.734
1661.751
1661.767
1661.784
1661.801
1661.818
1661.835
1661.852
1661.869
1661.886
1661.902
1661.919
1661.936
1661.953
1661.970
1661.987
1662.004
1662.021
1662.037
1662.054
1662.071
1662.088
1662.105
1662.122
1662.139
1662.155
1662.172
1662.189
1662.206
1662.223
1662.240
1662.257
1662.273
1662.290
1662.307
1662.324
1662.341
1662.358
1662.375
1662.391
1662.408
1662.425
1662.442
1662.459
1662.476
1662.493
1662.509
1662.526
1662.543
1662.560
1662.577
1662.594
1662.611
1662.627
1662.644
1662.661
1662.678
1662.695
1662.712
1662.729
1662.745
1662.762
1662.779
1662.796
1662.813
1662.830
1662.846
1662.863
1662.880
1662.897
1662.914
1662.931
1662.947
1662.964
1662.981
1662.998
1663.015
1663.032
1663.049
1663.065
1663.082
1663.099
1663.116
1663.133
1663.150
1663.166
1663.183
1663.200
1663.217
1663.234
1663.251
1663.267
1663.284
1663.301
1663.318
1663.335
1663.351
1663.368
1663.385
1663.402
1663.419
1663.436
1663.452
1663.469
1663.486
1663.503
1663.520
1663.537
1663.553
1663.570
1663.587
1663.604
1663.621
1663.637
1663.654
1663.671
1663.688
1663.705
1663.722
1663.738
1663.755
1663.772
1663.789
1663.806
1663.822
1663.839
1663.856
1663.873
1663.890
1663.906
1663.923
1663.940
1663.957
1663.974
1663.991
1664.007
1664.024
1664.041
1664.058
1664.075
1664.091
1664.108
1664.125
1664.142
1664.159
1664.175
1664.192
1664.209
1664.226
1664.243
1664.259
1664.276
1664.293
1664.310
1664.327
1664.343
1664.360
1664.377
1664.394
1664.411
1664.427
1664.444
1664.461
1664.478
1664.494
1664.511
1664.528
1664.545
1664.562
1664.578
1664.595
1664.612
1664.629
1664.646
1664.662
1664.679
1664.696
1664.713
1664.730
1664.746
1664.763
1664.780
1664.797
1664.813
1664.830
1664.847
1664.864
1664.881
1664.897
1664.914
1664.931
1664.948
1664.964
1664.981
1664.998
1665.015
1665.032
1665.048
1665.065
1665.082
1665.099
1665.115
1665.132
1665.149
1665.166
1665.182
1665.199
1665.216
1665.233
1665.250
1665.266
1665.283
1665.300
1665.317
1665.333
1665.350
1665.367
1665.384
1665.400
1665.417
1665.434
1665.451
1665.467
1665.484
1665.501
1665.518
1665.535
1665.551
1665.568
1665.585
1665.602
1665.618
1665.635
1665.652
1665.669
1665.685
1665.702
1665.719
1665.736
1665.752
1665.769
1665.786
1665.803
1665.819
1665.836
1665.853
1665.870
1665.886
1665.903
1665.920
1665.937
1665.953
1665.970
1665.987
1666.004
1666.020
1666.037
1666.054
1666.071
1666.087
1666.104
1666.121
1666.137
1666.154
1666.171
1666.188
1666.204
1666.221
1666.238
1666.255
1666.271
1666.288
1666.305
1666.322
1666.338
1666.355
1666.372
1666.389
1666.405
1666.422
1666.439
1666.455
1666.472
1666.489
1666.506
1666.522
1666.539
1666.556
1666.573
1666.589
1666.606
1666.623
1666.639
1666.656
1666.673
1666.690
1666.706
1666.723
1666.740
1666.757
1666.773
1666.790
1666.807
1666.823
1666.840
1666.857
1666.874
1666.890
1666.907
1666.924
1666.940
1666.957
1666.974
1666.991
1667.007
1667.024
1667.041
1667.057
1667.074
1667.091
1667.108
1667.124
1667.141
1667.158
1667.174
1667.191
1667.208
1667.224
1667.241
1667.258
1667.275
1667.291
1667.308
1667.325
1667.341
1667.358
1667.375
1667.391
1667.408
1667.425
1667.442
1667.458
1667.475
1667.492
1667.508
1667.525
1667.542
1667.558
1667.575
1667.592
1667.609
1667.625
1667.642
1667.659
1667.675
1667.692
1667.709
1667.725
1667.742
1667.759
1667.775
1667.792
1667.809
1667.826
1667.842
1667.859
1667.876
1667.892
1667.909
1667.926
1667.942
1667.959
1667.976
1667.992
1668.009
1668.026
1668.042
1668.059
1668.076
1668.092
1668.109
1668.126
1668.142
1668.159
1668.176
1668.193
1668.209
1668.226
1668.243
1668.259
1668.276
1668.293
1668.309
1668.326
1668.343
1668.359
1668.376
1668.393
1668.409
1668.426
1668.443
1668.459
1668.476
1668.493
1668.509
1668.526
1668.543
1668.559
1668.576
1668.593
1668.609
1668.626
1668.643
1668.659
1668.676
1668.693
1668.709
1668.726
1668.743
1668.759
1668.776
1668.793
1668.809
1668.826
1668.842
1668.859
1668.876
1668.892
1668.909
1668.926
1668.942
1668.959
1668.976
1668.992
1669.009
1669.026
1669.042
1669.059
1669.076
1669.092
1669.109
1669.126
1669.142
1669.159
1669.175
1669.192
1669.209
1669.225
1669.242
1669.259
1669.275
1669.292
1669.309
1669.325
1669.342
1669.359
1669.375
1669.392
1669.408
1669.425
1669.442
1669.458
1669.475
1669.492
1669.508
1669.525
1669.542
1669.558
1669.575
1669.591
1669.608
1669.625
1669.641
1669.658
1669.675
1669.691
1669.708
1669.724
1669.741
1669.758
1669.774
1669.791
1669.808
1669.824
1669.841
1669.857
1669.874
1669.891
1669.907
1669.924
1669.941
1669.957
1669.974
1669.990
1670.007
1670.024
1670.040
1670.057
1670.074
1670.090
1670.107
1670.123
1670.140
1670.157
1670.173
1670.190
1670.206
1670.223
1670.240
1670.256
1670.273
1670.290
1670.306
1670.323
1670.339
1670.356
1670.373
1670.389
1670.406
1670.422
1670.439
1670.456
1670.472
1670.489
1670.505
1670.522
1670.539
1670.555
1670.572
1670.588
1670.605
1670.622
1670.638
1670.655
1670.671
1670.688
1670.705
1670.721
1670.738
1670.754
1670.771
1670.788
1670.804
1670.821
1670.837
1670.854
1670.871
1670.887
1670.904
1670.920
1670.937
1670.953
1670.970
1670.987
1671.003
1671.020
1671.036
1671.053
1671.070
1671.086
1671.103
1671.119
1671.136
1671.153
1671.169
1671.186
1671.202
1671.219
1671.235
1671.252
1671.269
1671.285
1671.302
1671.318
1671.335
1671.351
1671.368
1671.385
1671.401
1671.418
1671.434
1671.451
1671.468
1671.484
1671.501
1671.517
1671.534
1671.550
1671.567
1671.584
1671.600
1671.617
1671.633
1671.650
1671.666
1671.683
1671.699
1671.716
1671.733
1671.749
1671.766
1671.782
1671.799
1671.815
1671.832
1671.849
1671.865
1671.882
1671.898
1671.915
1671.931
1671.948
1671.964
1671.981
1671.998
1672.014
1672.031
1672.047
1672.064
1672.080
1672.097
1672.113
1672.130
1672.147
1672.163
1672.180
1672.196
1672.213
1672.229
1672.246
1672.262
1672.279
1672.296
1672.312
1672.329
1672.345
1672.362
1672.378
1672.395
1672.411
1672.428
1672.444
1672.461
1672.478
1672.494
1672.511
1672.527
1672.544
1672.560
1672.577
1672.593
1672.610
1672.626
1672.643
1672.659
1672.676
1672.692
1672.709
1672.726
1672.742
1672.759
1672.775
1672.792
1672.808
1672.825
1672.841
1672.858
1672.874
1672.891
1672.907
1672.924
1672.940
1672.957
1672.974
1672.990
1673.007
1673.023
1673.040
1673.056
1673.073
1673.089
1673.106
1673.122
1673.139
1673.155
1673.172
1673.188
1673.205
1673.221
1673.238
1673.254
1673.271
1673.287
1673.304
1673.320
1673.337
1673.353
1673.370
1673.387
1673.403
1673.420
1673.436
1673.453
1673.469
1673.486
1673.502
1673.519
1673.535
1673.552
1673.568
1673.585
1673.601
1673.618
1673.634
1673.651
1673.667
1673.684
1673.700
1673.717
1673.733
1673.750
1673.766
1673.783
1673.799
1673.816
1673.832
1673.849
1673.865
1673.882
1673.898
1673.915
1673.931
1673.948
1673.964
1673.981
1673.997
1674.014
1674.030
1674.047
1674.063
1674.080
1674.096
1674.113
1674.129
1674.146
1674.162
1674.179
1674.195
1674.212
1674.228
1674.244
1674.261
1674.277
1674.294
1674.310
1674.327
1674.343
1674.360
1674.376
1674.393
1674.409
1674.426
1674.442
1674.459
1674.475
1674.492
1674.508
1674.525
1674.541
1674.558
1674.574
1674.591
1674.607
1674.624
1674.640
1674.656
1674.673
1674.689
1674.706
1674.722
1674.739
1674.755
1674.772
1674.788
1674.805
1674.821
1674.838
1674.854
1674.871
1674.887
1674.904
1674.920
1674.936
1674.953
1674.969
1674.986
1675.002
1675.019
1675.035
1675.052
1675.068
1675.085
1675.101
1675.118
1675.134
1675.150
1675.167
1675.183
1675.200
1675.216
1675.233
1675.249
1675.266
1675.282
1675.299
1675.315
1675.331
1675.348
1675.364
1675.381
1675.397
1675.414
1675.430
1675.447
1675.463
1675.480
1675.496
1675.512
1675.529
1675.545
1675.562
1675.578
1675.595
1675.611
1675.628
1675.644
1675.660
1675.677
1675.693
1675.710
1675.726
1675.743
1675.759
1675.776
1675.792
1675.808
1675.825
1675.841
1675.858
1675.874
1675.891
1675.907
1675.923
1675.940
1675.956
1675.973
1675.989
1676.006
1676.022
1676.038
1676.055
1676.071
1676.088
1676.104
1676.121
1676.137
1676.153
1676.170
1676.186
1676.203
1676.219
1676.236
1676.252
1676.268
1676.285
1676.301
1676.318
1676.334
1676.351
1676.367
1676.383
1676.400
1676.416
1676.433
1676.449
1676.465
1676.482
1676.498
1676.515
1676.531
1676.548
1676.564
1676.580
1676.597
1676.613
1676.630
1676.646
1676.662
1676.679
1676.695
1676.712
1676.728
1676.744
1676.761
1676.777
1676.794
1676.810
1676.827
1676.843
1676.859
1676.876
1676.892
1676.909
1676.925
1676.941
1676.958
1676.974
1676.991
