133700.0
133724.46
133748.91
133773.33
133797.74
133822.13
133846.5
133870.85
133895.18
133919.49
133943.79
133968.06
133992.32
134016.56
134040.78
134064.98
134089.17
134113.33
134137.48
134161.61
134185.72
134209.82
134233.89
134257.95
134281.99
134306.01
134330.02
134354.0
134377.97
134401.92
134425.86
134449.77
134473.67
134497.55
134521.41
134545.26
134569.09
134592.9
134616.69
134640.47
134664.23
134687.97
134711.7
134735.41
134759.1
134782.77
134806.43
134830.07
134853.7
134877.3
134900.89
134924.47
134948.02
134971.56
134995.09
135018.6
135042.09
135065.56
135089.02
135112.46
135135.88
135159.29
135182.69
135206.06
135229.42
135252.77
135276.09
135299.41
135322.7
135345.98
135369.25
135392.49
135415.73
135438.94
135462.14
135485.33
135508.5
135531.65
135554.79
135577.91
135601.02
135624.11
135647.18
135670.24
135693.29
135716.32
135739.33
135762.33
135785.31
135808.28
135831.23
135854.17
135877.09
135900.0
135922.89
135945.77
135968.63
135991.48
136014.31
136037.13
136059.93
136082.72
136105.49
136128.25
136150.99
136173.72
136196.43
136219.13
136241.82
136264.49
136287.14
136309.79
136332.41
136355.02
136377.62
136400.21
136422.77
136445.33
136467.87
136490.4
136512.91
136535.41
136557.89
136580.36
136602.82
136625.26
136647.68
136670.1
136692.5
136714.88
136737.25
136759.61
136781.96
136804.29
136826.6
136848.91
136871.19
136893.47
136915.73
136937.98
136960.21
136982.43
137004.64
137026.83
137049.02
137071.18
137093.34
137115.48
137137.6
137159.71
137181.81
137203.9
137225.97
137248.03
137270.08
137292.12
137314.14
137336.14
137358.14
137380.12
137402.09
137424.04
137445.99
137467.91
137489.83
137511.73
137533.63
137555.5
137577.37
137599.22
137621.06
137642.89
137664.7
137686.5
137708.29
137730.07
137751.83
137773.58
137795.32
137817.05
137838.76
137860.46
137882.15
137903.82
137925.49
137947.14
137968.78
137990.4
138012.02
138033.62
138055.21
138076.79
138098.35
138119.9
138141.44
138162.97
138184.49
138205.99
138227.49
138248.97
138270.44
138291.89
138313.34
138334.77
138356.19
138377.6
138398.99
138420.38
138441.75
138463.11
138484.46
138505.8
138527.13
138548.44
138569.74
138591.04
138612.32
138633.58
138654.84
138676.08
138697.32
138718.54
138739.75
138760.95
138782.13
138803.31
138824.47
138845.63
138866.77
138887.9
138909.02
138930.12
138951.22
138972.31
138993.38
139014.44
139035.49
139056.53
139077.56
139098.58
139119.59
139140.58
139161.57
139182.54
139203.5
139224.45
139245.39
139266.32
139287.24
139308.15
139329.05
139349.93
139370.81
139391.67
139412.52
139433.37
139454.2
139475.02
139495.83
139516.63
139537.42
139558.2
139578.96
139599.72
139620.47
139641.2
139661.93
139682.64
139703.34
139724.04
139744.72
139765.39
139786.05
139806.7
139827.35
139847.98
139868.6
139889.21
139909.8
139930.39
139950.97
139971.54
139992.1
140012.65
140033.18
140053.71
140074.23
140094.73
140115.23
140135.72
140156.19
140176.66
140197.12
140217.56
140238.0
140258.42
140278.84
140299.25
140319.64
140340.03
140360.4
140380.77
140401.13
140421.47
140441.81
140462.13
140482.45
140502.76
140523.05
140543.34
140563.62
140583.89
140604.14
140624.39
140644.63
140664.86
140685.08
140705.29
140725.49
140745.68
140765.86
140786.03
140806.19
140826.34
140846.48
140866.61
140886.74
140906.85
140926.95
140947.05
140967.13
140987.21
141007.27
141027.33
141047.38
141067.42
141087.44
141107.46
141127.47
141147.47
141167.46
141187.45
141207.42
141227.38
141247.34
141267.28
141287.22
141307.14
141327.06
141346.97
141366.87
141386.76
141406.64
141426.51
141446.37
141466.23
141486.07
141505.91
141525.73
141545.55
141565.36
141585.16
141604.95
141624.73
141644.5
141664.26
141684.02
141703.76
141723.5
141743.23
141762.95
141782.66
141802.36
141822.05
141841.74
141861.41
141881.08
141900.74
141920.38
141940.02
141959.66
141979.28
141998.89
142018.5
142038.1
142057.68
142077.26
142096.83
142116.4
142135.95
142155.49
142175.03
142194.56
142214.08
142233.59
142253.09
142272.59
142292.07
142311.55
142331.02
142350.48
142369.93
142389.37
142408.81
142428.23
142447.65
142467.06
142486.46
142505.85
142525.24
142544.62
142563.98
142583.34
142602.7
142622.04
142641.37
142660.7
142680.02
142699.33
142718.63
142737.93
142757.21
142776.49
142795.76
142815.02
142834.27
142853.52
142872.76
142891.98
142911.21
142930.42
142949.62
142968.82
142988.01
143007.19
143026.36
143045.53
143064.68
143083.83
143102.97
143122.11
143141.23
143160.35
143179.46
143198.56
143217.65
143236.74
143255.82
143274.89
143293.95
143313.0
143332.05
143351.09
143370.12
143389.14
143408.16
143427.17
143446.17
143465.16
143484.14
143503.12
143522.09
143541.05
143560.01
143578.95
143597.89
143616.82
143635.75
143654.66
143673.57
143692.47
143711.36
143730.25
143749.13
143768.0
143786.86
143805.71
143824.56
143843.4
143862.23
143881.06
143899.88
143918.69
143937.49
143956.29
143975.07
143993.85
144012.63
144031.39
144050.15
144068.9
144087.65
144106.38
144125.11
144143.83
144162.55
144181.26
144199.96
144218.65
144237.33
144256.01
144274.68
144293.35
144312.0
144330.65
144349.29
144367.93
144386.55
144405.17
144423.79
144442.39
144460.99
144479.58
144498.17
144516.75
144535.32
144553.88
144572.43
144590.98
144609.53
144628.06
144646.59
144665.11
144683.62
144702.13
144720.63
144739.12
144757.61
144776.09
144794.56
144813.02
144831.48
144849.93
144868.38
144886.81
144905.24
144923.67
144942.08
144960.49
144978.89
144997.29
145015.68
145034.06
145052.43
145070.8
145089.16
145107.52
145125.87
145144.21
145162.54
145180.87
145199.19
145217.5
145235.81
145254.11
145272.41
145290.69
145308.97
145327.25
145345.51
145363.77
145382.03
145400.27
145418.51
145436.75
145454.97
145473.19
145491.41
145509.62
145527.82
145546.01
145564.2
145582.38
145600.55
145618.72
145636.88
145655.03
145673.18
145691.32
145709.46
145727.59
145745.71
145763.82
145781.93
145800.04
145818.13
145836.22
145854.3
145872.38
145890.45
145908.51
145926.57
145944.62
145962.67
145980.71
145998.74
146016.76
146034.78
146052.79
146070.8
146088.8
146106.79
146124.78
146142.76
146160.74
146178.71
146196.67
146214.62
146232.57
146250.52
146268.45
146286.39
146304.31
146322.23
146340.14
146358.05
146375.95
146393.84
146411.73
146429.61
146447.48
146465.35
146483.21
146501.07
146518.92
146536.76
146554.6
146572.43
146590.26
146608.08
146625.89
146643.7
146661.5
146679.3
146697.09
146714.87
146732.65
146750.42
146768.18
146785.94
146803.7
146821.44
146839.18
146856.92
146874.65
146892.37
146910.09
146927.8
146945.5
146963.2
146980.9
146998.58
147016.27
147033.94
147051.61
147069.27
147086.93
147104.58
147122.23
147139.87
147157.5
147175.13
147192.75
147210.37
147227.98
147245.59
147263.19
147280.78
147298.37
147315.95
147333.52
147351.09
147368.66
147386.22
147403.77
147421.32
147438.86
147456.39
147473.92
147491.45
147508.96
147526.48
147543.98
147561.48
147578.98
147596.47
147613.95
147631.43
147648.9
147666.37
147683.83
147701.29
147718.74
147736.18
147753.62
147771.05
147788.48
147805.9
147823.32
147840.73
147858.13
147875.53
147892.93
147910.32
147927.7
147945.08
147962.45
147979.81
147997.17
148014.53
148031.88
148049.22
148066.56
148083.89
148101.22
148118.54
148135.86
148153.17
148170.48
148187.78
148205.07
148222.36
148239.64
148256.92
148274.19
148291.46
148308.72
148325.98
148343.23
148360.48
148377.72
148394.95
148412.18
148429.4
148446.62
148463.84
148481.04
148498.25
148515.44
148532.64
148549.82
148567.0
148584.18
148601.35
148618.52
148635.68
148652.83
148669.98
148687.12
148704.26
148721.4
148738.53
148755.65
148772.77
148789.88
148806.99
148824.09
148841.18
148858.28
148875.36
148892.44
148909.52
148926.59
148943.66
148960.72
148977.77
148994.82
149011.87
149028.91
149045.94
149062.97
149079.99
149097.01
149114.03
149131.04
149148.04
149165.04
149182.03
149199.02
149216.0
149232.98
149249.95
149266.92
149283.89
149300.84
149317.8
149334.74
149351.69
149368.62
149385.56
149402.48
149419.41
149436.32
149453.24
149470.14
149487.05
149503.94
149520.84
149537.72
149554.6
149571.48
149588.35
149605.22
149622.08
149638.94
149655.79
149672.64
149689.48
149706.32
149723.16
149739.98
149756.81
149773.62
149790.44
149807.25
149824.05
149840.85
149857.64
149874.43
149891.21
149907.99
149924.77
149941.53
149958.3
149975.06
149991.81
150008.56
150025.31
150042.05
150058.78
150075.51
150092.24
150108.96
150125.67
150142.39
150159.09
150175.79
150192.49
150209.18
150225.87
150242.55
150259.23
150275.9
150292.57
150309.23
150325.89
150342.55
150359.2
150375.84
150392.48
150409.12
150425.75
150442.37
150458.99
150475.61
150492.22
150508.83
150525.43
150542.03
150558.62
150575.21
150591.79
150608.37
150624.94
150641.51
150658.08
150674.64
150691.19
150707.74
150724.29
150740.83
150757.37
150773.9
150790.43
150806.95
150823.47
150839.99
150856.5
150873.0
150889.5
150906.0
150922.49
150938.97
150955.46
150971.93
150988.41
151004.87
151021.34
151037.8
151054.25
151070.7
151087.15
151103.59
151120.03
151136.46
151152.89
151169.31
151185.73
151202.14
151218.55
151234.96
151251.36
151267.76
151284.15
151300.54
151316.92
151333.3
151349.67
151366.04
151382.41
151398.77
151415.12
151431.47
151447.82
151464.17
151480.5
151496.84
151513.17
151529.49
151545.81
151562.13
151578.44
151594.75
151611.06
151627.35
151643.65
151659.94
151676.23
151692.51
151708.79
151725.06
151741.33
151757.59
151773.85
151790.11
151806.36
151822.61
151838.85
151855.09
151871.32
151887.55
151903.78
151920.0
151936.22
151952.43
151968.64
151984.84
152001.04
152017.24
152033.43
152049.62
152065.8
152081.98
152098.15
152114.32
152130.49
152146.65
152162.81
152178.96
152195.11
152211.25
152227.4
152243.53
152259.66
152275.79
152291.92
152308.04
152324.15
152340.26
152356.37
152372.47
152388.57
152404.67
152420.76
152436.84
152452.93
152469.0
152485.08
152501.15
152517.21
152533.27
152549.33
152565.39
152581.43
152597.48
152613.52
152629.56
152645.59
152661.62
152677.64
152693.66
152709.68
152725.69
152741.7
152757.7
152773.7
152789.7
152805.69
152821.68
152837.66
152853.64
152869.62
152885.59
152901.56
152917.52
152933.48
152949.44
152965.39
152981.34
152997.28
153013.22
153029.15
153045.09
153061.01
153076.94
153092.86
153108.77
153124.68
153140.59
153156.49
153172.39
153188.29
153204.18
153220.07
153235.95
153251.83
153267.71
153283.58
153299.45
153315.31
153331.17
153347.03
153362.88
153378.73
153394.57
153410.41
153426.25
153442.08
153457.91
153473.74
153489.56
153505.37
153521.19
153537.0
153552.8
153568.6
153584.4
153600.19
153615.98
153631.77
153647.55
153663.33
153679.1
153694.88
153710.64
153726.4
153742.16
153757.92
153773.67
153789.42
153805.16
153820.9
153836.64
153852.37
153868.1
153883.82
153899.54
153915.26
153930.97
153946.68
153962.39
153978.09
153993.79
154009.48
154025.17
154040.86
154056.54
154072.22
154087.9
154103.57
154119.24
154134.9
154150.56
154166.22
154181.87
154197.52
154213.17
154228.81
154244.45
154260.08
154275.71
154291.34
154306.96
154322.58
154338.2
154353.81
154369.42
154385.02
154400.62
154416.22
154431.81
154447.4
154462.99
154478.57
154494.15
154509.72
154525.3
154540.86
154556.43
154571.99
154587.55
154603.1
154618.65
154634.19
154649.74
154665.28
154680.81
154696.34
154711.87
154727.39
154742.91
154758.43
154773.94
154789.45
154804.96
154820.46
154835.96
154851.46
154866.95
154882.44
154897.92
154913.4
154928.88
154944.35
154959.82
154975.29
154990.75
155006.21
155021.67
155037.12
155052.57
155068.01
155083.46
155098.89
155114.33
155129.76
155145.19
155160.61
155176.03
155191.45
155206.86
155222.27
155237.68
155253.08
155268.48
155283.88
155299.27
155314.66
155330.04
155345.42
155360.8
155376.18
155391.55
155406.92
155422.28
155437.64
155453.0
155468.35
155483.7
155499.05
155514.39
155529.73
155545.07
155560.4
155575.73
155591.06
155606.38
155621.7
155637.02
155652.33
155667.64
155682.94
155698.25
155713.55
155728.84
155744.13
155759.42
155774.71
155789.99
155805.27
155820.54
155835.81
155851.08
155866.35
155881.61
155896.86
155912.12
155927.37
155942.62
155957.86
155973.1
155988.34
156003.57
156018.81
156034.03
156049.26
156064.48
156079.7
156094.91
156110.12
156125.33
156140.53
156155.73
156170.93
156186.12
156201.32
156216.5
156231.69
156246.87
156262.04
156277.22
156292.39
156307.56
156322.72
156337.88
156353.04
156368.19
156383.34
156398.49
156413.64
156428.78
156443.92
156459.05
156474.18
156489.31
156504.43
156519.56
156534.67
156549.79
156564.9
156580.01
156595.11
156610.22
156625.31
156640.41
156655.5
156670.59
156685.68
156700.76
156715.84
156730.91
156745.99
156761.06
156776.12
156791.18
156806.24
156821.3
156836.35
156851.4
156866.45
156881.49
156896.54
156911.57
156926.61
156941.64
156956.67
156971.69
156986.71
157001.73
157016.74
157031.76
157046.76
157061.77
157076.77
157091.77
157106.77
157121.76
157136.75
157151.74
157166.72
157181.7
157196.68
157211.65
157226.62
157241.59
157256.55
157271.51
157286.47
157301.43
157316.38
157331.33
157346.27
157361.21
157376.15
157391.09
157406.02
157420.95
157435.88
157450.8
157465.72
157480.64
157495.56
157510.47
157525.38
157540.28
157555.18
157570.08
157584.98
157599.87
157614.76
157629.65
157644.53
157659.41
157674.29
157689.16
157704.03
157718.9
157733.77
157748.63
157763.49
157778.34
157793.2
157808.05
157822.89
157837.74
157852.58
157867.42
157882.25
157897.08
157911.91
157926.74
157941.56
157956.38
157971.19
157986.01
158000.82
