154000.0
154026.07
154052.15
154078.22
154104.29
154130.36
154156.43
154182.5
154208.56
154234.63
154260.69
154286.75
154312.8
154338.86
154364.91
154390.97
154417.02
154443.06
154469.11
154495.15
154521.2
154547.24
154573.28
154599.31
154625.35
154651.38
154677.42
154703.45
154729.47
154755.5
154781.53
154807.55
154833.57
154859.59
154885.61
154911.62
154937.64
154963.65
154989.66
155015.67
155041.67
155067.68
155093.68
155119.68
155145.68
155171.68
155197.68
155223.67
155249.66
155275.65
155301.64
155327.63
155353.61
155379.6
155405.58
155431.56
155457.54
155483.51
155509.49
155535.46
155561.43
155587.4
155613.37
155639.34
155665.3
155691.26
155717.22
155743.18
155769.14
155795.09
155821.05
155847.0
155872.95
155898.9
155924.84
155950.79
155976.73
156002.67
156028.61
156054.55
156080.48
156106.42
156132.35
156158.28
156184.21
156210.14
156236.06
156261.98
156287.91
156313.83
156339.74
156365.66
156391.58
156417.49
156443.4
156469.31
156495.22
156521.12
156547.03
156572.93
156598.83
156624.73
156650.63
156676.52
156702.42
156728.31
156754.2
156780.09
156805.98
156831.86
156857.75
156883.63
156909.51
156935.39
156961.26
156987.14
157013.01
157038.88
157064.75
157090.62
157116.49
157142.35
157168.21
157194.07
157219.93
157245.79
157271.65
157297.5
157323.36
157349.21
157375.06
157400.9
157426.75
157452.59
157478.44
157504.28
157530.11
157555.95
157581.79
157607.62
157633.45
157659.28
157685.11
157710.94
157736.77
157762.59
157788.41
157814.23
157840.05
157865.87
157891.68
157917.5
157943.31
157969.12
157994.93
158020.73
158046.54
158072.34
158098.14
158123.94
158149.74
158175.54
158201.33
158227.13
158252.92
158278.71
158304.5
158330.28
158356.07
158381.85
158407.63
158433.41
158459.19
158484.97
158510.74
158536.52
158562.29
158588.06
158613.83
158639.59
158665.36
158691.12
158716.88
158742.64
158768.4
158794.16
158819.91
158845.66
158871.42
158897.17
158922.91
158948.66
158974.41
159000.15
159025.89
159051.63
159077.37
159103.11
159128.84
159154.57
159180.31
159206.04
159231.77
159257.49
159283.22
159308.94
159334.66
159360.38
159386.1
159411.82
159437.53
159463.25
159488.96
159514.67
159540.38
159566.09
159591.79
159617.5
159643.2
159668.9
159694.6
159720.3
159745.99
159771.68
159797.38
159823.07
159848.76
159874.45
159900.13
159925.82
159951.5
159977.18
160002.86
160028.54
160054.21
160079.89
160105.56
160131.23
160156.9
160182.57
160208.24
160233.9
160259.56
160285.23
160310.89
160336.55
160362.2
160387.86
160413.51
160439.16
160464.81
160490.46
160516.11
160541.76
160567.4
160593.04
160618.68
160644.32
160669.96
160695.6
160721.23
160746.86
160772.49
160798.12
160823.75
160849.38
160875.0
160900.63
160926.25
160951.87
160977.49
161003.1
161028.72
161054.33
161079.95
161105.56
161131.16
161156.77
161182.38
161207.98
161233.58
161259.19
161284.79
161310.38
161335.98
161361.57
161387.17
161412.76
161438.35
161463.94
161489.52
161515.11
161540.69
161566.28
161591.86
161617.44
161643.01
161668.59
161694.16
161719.74
161745.31
161770.88
161796.44
161822.01
161847.58
161873.14
161898.7
161924.26
161949.82
161975.38
162000.93
162026.49
162052.04
162077.59
162103.14
162128.69
162154.23
162179.78
162205.32
162230.86
162256.4
162281.94
162307.48
162333.01
162358.55
162384.08
162409.61
162435.14
162460.67
162486.19
162511.72
162537.24
162562.76
162588.28
162613.8
162639.32
162664.83
162690.35
162715.86
162741.37
162766.88
162792.39
162817.89
162843.4
162868.9
162894.4
162919.9
162945.4
162970.9
162996.39
163021.89
163047.38
163072.87
163098.36
163123.85
163149.33
163174.82
163200.3
163225.78
163251.26
163276.74
163302.22
163327.69
163353.17
163378.64
163404.11
163429.58
163455.05
163480.52
163505.98
163531.44
163556.91
163582.37
163607.83
163633.28
163658.74
163684.19
163709.65
163735.1
163760.55
163786.0
163811.44
163836.89
163862.33
163887.77
163913.22
163938.65
163964.09
163989.53
164014.96
164040.4
164065.83
164091.26
164116.69
164142.12
164167.54
164192.97
164218.39
164243.81
164269.23
164294.65
164320.07
164345.48
164370.89
164396.31
164421.72
164447.13
164472.54
164497.94
164523.35
164548.75
164574.15
164599.55
164624.95
164650.35
164675.75
164701.14
164726.53
164751.93
164777.32
164802.7
164828.09
164853.48
164878.86
164904.25
164929.63
164955.01
164980.38
165005.76
165031.14
165056.51
165081.88
165107.26
165132.62
165157.99
165183.36
165208.72
165234.09
165259.45
165284.81
165310.17
165335.53
165360.89
165386.24
165411.59
165436.95
165462.3
165487.65
165512.99
165538.34
165563.68
165589.03
165614.37
165639.71
165665.05
165690.39
165715.72
165741.06
165766.39
165791.72
165817.05
165842.38
165867.71
165893.03
165918.36
165943.68
165969.0
165994.32
166019.64
166044.96
166070.28
166095.59
166120.9
166146.21
166171.52
166196.83
166222.14
166247.45
166272.75
166298.05
166323.35
166348.65
166373.95
166399.25
166424.55
166449.84
166475.13
166500.42
166525.71
166551.0
166576.29
166601.58
166626.86
166652.14
166677.42
166702.7
166727.98
166753.26
166778.54
166803.81
166829.08
166854.36
166879.63
166904.89
166930.16
166955.43
166980.69
167005.95
167031.22
167056.48
167081.73
167106.99
167132.25
167157.5
167182.76
167208.01
167233.26
167258.51
167283.75
167309.0
167334.24
167359.49
167384.73
167409.97
167435.21
167460.45
167485.68
167510.92
167536.15
167561.38
167586.61
167611.84
167637.07
167662.3
167687.52
167712.74
167737.97
167763.19
167788.41
167813.63
167838.84
167864.06
167889.27
167914.48
167939.69
167964.9
167990.11
168015.32
168040.52
168065.73
168090.93
168116.13
168141.33
168166.53
168191.73
168216.92
168242.12
168267.31
168292.5
168317.69
168342.88
168368.07
168393.26
168418.44
168443.62
168468.81
168493.99
168519.17
168544.34
168569.52
168594.69
168619.87
168645.04
168670.21
168695.38
168720.55
168745.72
168770.88
168796.05
168821.21
168846.37
168871.53
168896.69
168921.85
168947.0
168972.16
168997.31
169022.46
169047.61
169072.76
169097.91
169123.05
169148.2
169173.34
169198.48
169223.63
169248.76
169273.9
169299.04
169324.18
169349.31
169374.44
169399.57
169424.7
169449.83
169474.96
169500.09
169525.21
169550.33
169575.46
169600.58
169625.69
169650.81
169675.93
169701.04
169726.16
169751.27
169776.38
169801.49
169826.6
169851.71
169876.81
169901.92
169927.02
169952.12
169977.22
170002.32
170027.42
170052.52
170077.61
170102.7
170127.8
170152.89
170177.98
170203.07
170228.15
170253.24
170278.32
170303.41
170328.49
170353.57
170378.65
170403.72
170428.8
170453.88
170478.95
170504.02
170529.09
170554.16
170579.23
170604.3
170629.36
170654.43
170679.49
170704.55
170729.61
170754.67
170779.73
170804.79
170829.84
170854.89
170879.95
170905.0
170930.05
170955.1
170980.14
171005.19
171030.23
171055.28
171080.32
171105.36
171130.4
171155.44
171180.47
171205.51
171230.54
171255.58
171280.61
171305.64
171330.67
171355.69
171380.72
171405.75
171430.77
171455.79
171480.81
171505.83
171530.85
171555.87
171580.88
171605.9
171630.91
171655.92
171680.93
171705.94
171730.95
171755.96
171780.96
171805.97
171830.97
171855.97
171880.97
171905.97
171930.97
171955.96
171980.96
172005.95
172030.95
172055.94
172080.93
172105.92
172130.9
172155.89
172180.87
172205.86
172230.84
172255.82
172280.8
172305.78
172330.75
172355.73
172380.7
172405.68
172430.65
172455.62
172480.59
172505.56
172530.52
172555.49
172580.45
172605.42
172630.38
172655.34
172680.3
172705.25
172730.21
172755.17
172780.12
172805.07
172830.02
172854.97
172879.92
172904.87
172929.82
172954.76
172979.71
173004.65
173029.59
173054.53
173079.47
173104.41
173129.34
173154.28
173179.21
173204.14
173229.07
173254.0
173278.93
173303.86
173328.79
173353.71
173378.63
173403.56
173428.48
173453.4
173478.31
173503.23
173528.15
173553.06
173577.98
173602.89
173627.8
173652.71
173677.62
173702.52
173727.43
173752.33
173777.24
173802.14
173827.04
173851.94
173876.84
173901.74
173926.63
173951.53
173976.42
174001.31
174026.2
174051.09
174075.98
174100.87
174125.75
174150.64
174175.52
174200.4
174225.28
174250.16
174275.04
174299.92
174324.8
174349.67
174374.54
174399.42
174424.29
174449.16
174474.03
174498.89
174523.76
174548.62
174573.49
174598.35
174623.21
174648.07
174672.93
174697.79
174722.64
174747.5
174772.35
174797.2
174822.05
174846.9
174871.75
174896.6
174921.45
174946.29
174971.14
174995.98
175020.82
175045.66
175070.5
175095.34
175120.17
175145.01
175169.84
175194.68
175219.51
175244.34
175269.17
175293.99
175318.82
175343.65
175368.47
175393.29
175418.12
175442.94
175467.76
175492.57
175517.39
175542.21
175567.02
175591.84
175616.65
175641.46
175666.27
175691.08
175715.88
175740.69
175765.49
175790.3
175815.1
175839.9
175864.7
175889.5
175914.3
175939.09
175963.89
175988.68
176013.48
176038.27
176063.06
176087.85
176112.64
176137.42
176162.21
176186.99
176211.78
176236.56
176261.34
176286.12
176310.9
176335.67
176360.45
176385.22
176410.0
176434.77
176459.54
176484.31
176509.08
176533.85
176558.61
176583.38
176608.14
176632.91
176657.67
176682.43
176707.19
176731.95
176756.7
176781.46
176806.21
176830.97
176855.72
176880.47
176905.22
176929.97
176954.71
176979.46
177004.21
177028.95
177053.69
177078.43
177103.17
177127.91
177152.65
177177.39
177202.12
177226.86
177251.59
177276.32
177301.05
177325.78
177350.51
177375.24
177399.96
177424.69
177449.41
177474.14
177498.86
177523.58
177548.3
177573.01
177597.73
177622.45
177647.16
177671.87
177696.59
177721.3
177746.01
177770.71
177795.42
177820.13
177844.83
177869.54
177894.24
177918.94
177943.64
177968.34
177993.04
178017.74
178042.43
178067.13
178091.82
178116.51
178141.2
178165.89
178190.58
178215.27
178239.95
178264.64
178289.32
178314.01
178338.69
178363.37
178388.05
178412.73
178437.4
178462.08
178486.75
178511.43
178536.1
178560.77
178585.44
178610.11
178634.78
178659.45
178684.11
178708.78
178733.44
178758.1
178782.76
178807.42
178832.08
178856.74
178881.39
178906.05
178930.7
178955.36
178980.01
179004.66
179029.31
179053.96
179078.6
179103.25
179127.89
179152.54
179177.18
179201.82
179226.46
179251.1
179275.74
179300.38
179325.01
179349.65
179374.28
179398.91
179423.55
179448.18
179472.8
179497.43
179522.06
179546.68
179571.31
179595.93
179620.55
179645.18
179669.79
179694.41
179719.03
179743.65
179768.26
179792.88
179817.49
179842.1
179866.71
179891.32
179915.93
179940.54
179965.15
179989.75
180014.35
180038.96
180063.56
180088.16
180112.76
180137.36
180161.96
180186.55
180211.15
180235.74
180260.33
180284.93
180309.52
180334.11
180358.69
180383.28
180407.87
180432.45
180457.04
180481.62
180506.2
180530.78
180555.36
180579.94
180604.52
180629.09
180653.67
180678.24
180702.81
180727.39
180751.96
180776.53
180801.09
180825.66
180850.23
180874.79
180899.36
180923.92
180948.48
180973.04
180997.6
181022.16
181046.72
181071.27
181095.83
181120.38
181144.93
181169.48
181194.04
181218.58
181243.13
181267.68
181292.23
181316.77
181341.32
181365.86
181390.4
181414.94
181439.48
181464.02
181488.56
181513.09
181537.63
181562.16
181586.69
181611.23
181635.76
181660.29
181684.82
181709.34
181733.87
181758.39
181782.92
181807.44
181831.96
181856.48
181881.0
181905.52
181930.04
181954.56
181979.07
182003.59
