49699.998
49711.682
49723.366
49735.05
49746.733
49758.416
49770.099
49781.781
49793.463
49805.145
49816.827
49828.508
49840.189
49851.869
49863.55
49875.23
49886.91
49898.589
49910.268
49921.947
49933.626
49945.304
49956.982
49968.66
49980.337
49992.014
50003.691
50015.367
50027.043
50038.719
50050.395
50062.07
50073.745
50085.42
50097.094
50108.769
50120.442
50132.116
50143.789
50155.462
50167.135
50178.807
50190.479
50202.151
50213.823
50225.494
50237.165
50248.835
50260.506
50272.176
50283.845
50295.515
50307.184
50318.853
50330.521
50342.19
50353.858
50365.525
50377.193
50388.86
50400.527
50412.193
50423.86
50435.526
50447.191
50458.857
50470.522
50482.187
50493.851
50505.515
50517.179
50528.843
50540.506
50552.169
50563.832
50575.495
50587.157
50598.819
50610.48
50622.142
50633.803
50645.464
50657.124
50668.784
50680.444
50692.104
50703.763
50715.422
50727.081
50738.74
50750.398
50762.056
50773.713
50785.371
50797.028
50808.685
50820.341
50831.997
50843.653
50855.309
50866.964
50878.619
50890.274
50901.929
50913.583
50925.237
50936.89
50948.544
50960.197
50971.85
50983.502
50995.154
51006.806
51018.458
51030.11
51041.761
51053.411
51065.062
51076.712
51088.362
51100.012
51111.661
51123.311
51134.959
51146.608
51158.256
51169.904
51181.552
51193.2
51204.847
51216.494
51228.14
51239.787
51251.433
51263.079
51274.724
51286.369
51298.014
51309.659
51321.303
51332.948
51344.591
51356.235
51367.878
51379.521
51391.164
51402.806
51414.449
51426.091
51437.732
51449.374
51461.015
51472.655
51484.296
51495.936
51507.576
51519.216
51530.855
51542.494
51554.133
51565.772
51577.41
51589.048
51600.686
51612.324
51623.961
51635.598
51647.234
51658.871
51670.507
51682.143
51693.778
51705.414
51717.049
51728.683
51740.318
51751.952
51763.586
51775.22
51786.853
51798.486
51810.119
51821.752
51833.384
51845.016
51856.648
51868.279
51879.911
51891.541
51903.172
51914.803
51926.433
51938.063
51949.692
51961.322
51972.951
51984.579
51996.208
52007.836
52019.464
52031.092
52042.719
52054.346
52065.973
52077.6
52089.226
52100.852
52112.478
52124.104
52135.729
52147.354
52158.979
52170.603
52182.228
52193.852
52205.475
52217.099
52228.722
52240.345
52251.967
52263.59
52275.212
52286.834
52298.455
52310.076
52321.697
52333.318
52344.939
52356.559
52368.179
52379.799
52391.418
52403.037
52414.656
52426.275
52437.893
52449.511
52461.129
52472.747
52484.364
52495.981
52507.598
52519.214
52530.83
52542.446
52554.062
52565.678
52577.293
52588.908
52600.522
52612.137
52623.751
52635.365
52646.979
52658.592
52670.205
52681.818
52693.43
52705.043
52716.655
52728.267
52739.878
52751.489
52763.1
52774.711
52786.322
52797.932
52809.542
52821.152
52832.761
52844.37
52855.979
52867.588
52879.196
52890.804
52902.412
52914.02
52925.627
52937.234
52948.841
52960.448
52972.054
52983.66
52995.266
53006.872
53018.477
53030.082
53041.687
53053.291
53064.896
53076.5
53088.103
53099.707
53111.31
53122.913
53134.516
53146.118
53157.721
53169.323
53180.924
53192.526
53204.127
53215.728
53227.329
53238.929
53250.529
53262.129
53273.729
53285.328
53296.927
53308.526
53320.125
53331.723
53343.321
53354.919
53366.517
53378.114
53389.711
53401.308
53412.905
53424.501
53436.097
53447.693
53459.289
53470.884
53482.479
53494.074
53505.669
53517.263
53528.857
53540.451
53552.044
53563.638
53575.231
53586.824
53598.416
53610.009
53621.601
53633.192
53644.784
53656.375
53667.966
53679.557
53691.148
53702.738
53714.328
53725.918
53737.508
53749.097
53760.686
53772.275
53783.863
53795.452
53807.04
53818.627
53830.215
53841.802
53853.389
53864.976
53876.563
53888.149
53899.735
53911.321
53922.907
53934.492
53946.077
53957.662
53969.246
53980.831
53992.415
54003.999
54015.582
54027.166
54038.749
54050.332
54061.914
54073.497
54085.079
54096.661
54108.242
54119.824
54131.405
54142.986
54154.566
54166.147
54177.727
54189.307
54200.886
54212.466
54224.045
54235.624
54247.203
54258.781
54270.359
54281.937
54293.515
54305.092
54316.669
54328.246
54339.823
54351.4
54362.976
54374.552
54386.128
54397.703
54409.278
54420.853
54432.428
54444.003
54455.577
54467.151
54478.725
54490.298
54501.872
54513.445
54525.018
54536.59
54548.163
54559.735
54571.307
54582.878
54594.45
54606.021
54617.592
54629.162
54640.733
54652.303
54663.873
54675.443
54687.012
54698.581
54710.15
54721.719
54733.288
54744.856
54756.424
54767.992
54779.559
54791.127
54802.694
54814.26
54825.827
54837.393
54848.96
54860.525
54872.091
54883.656
54895.222
54906.787
54918.351
54929.916
54941.48
54953.044
54964.608
54976.171
54987.734
54999.297
55010.86
55022.423
55033.985
55045.547
55057.109
55068.671
55080.232
55091.793
55103.354
55114.915
55126.475
55138.035
55149.595
55161.155
55172.714
55184.274
55195.833
55207.391
55218.95
55230.508
55242.066
55253.624
55265.182
55276.739
55288.296
55299.853
55311.41
55322.966
55334.523
55346.078
55357.634
55369.19
55380.745
55392.3
55403.855
55415.409
55426.964
55438.518
55450.072
55461.625
55473.179
55484.732
55496.285
55507.838
55519.39
55530.942
55542.494
55554.046
55565.598
55577.149
55588.7
55600.251
55611.801
55623.352
55634.902
55646.452
55658.002
55669.551
55681.1
55692.649
55704.198
55715.747
55727.295
55738.843
55750.391
55761.938
55773.486
55785.033
55796.58
55808.127
55819.673
55831.219
55842.765
55854.311
55865.857
55877.402
55888.947
55900.492
55912.037
55923.581
55935.125
55946.669
55958.213
55969.757
55981.3
55992.843
56004.386
56015.928
56027.471
56039.013
56050.555
56062.096
56073.638
56085.179
56096.72
56108.261
56119.801
56131.342
56142.882
56154.422
56165.961
56177.501
56189.04
56200.579
56212.118
56223.656
56235.195
56246.733
56258.271
56269.808
56281.346
56292.883
56304.42
56315.956
56327.493
56339.029
56350.565
56362.101
56373.637
56385.172
56396.707
56408.242
56419.777
56431.311
56442.846
56454.38
56465.913
56477.447
56488.98
56500.514
56512.046
56523.579
56535.112
56546.644
56558.176
56569.708
56581.239
56592.771
56604.302
56615.833
56627.363
56638.894
56650.424
56661.954
56673.484
56685.014
56696.543
56708.072
56719.601
56731.13
56742.658
56754.186
56765.715
56777.242
56788.77
56800.297
56811.824
56823.351
56834.878
56846.405
56857.931
56869.457
56880.983
56892.508
56904.034
56915.559
56927.084
56938.609
56950.133
56961.658
56973.182
56984.706
56996.229
57007.753
57019.276
57030.799
57042.322
57053.844
57065.367
57076.889
57088.411
57099.932
57111.454
57122.975
57134.496
57146.017
57157.538
57169.058
57180.578
57192.098
57203.618
57215.137
57226.657
57238.176
57249.695
57261.213
57272.732
57284.25
57295.768
57307.286
57318.803
57330.321
57341.838
57353.355
57364.871
57376.388
57387.904
57399.42
57410.936
57422.452
57433.967
57445.482
57456.997
57468.512
57480.027
57491.541
57503.055
57514.569
57526.083
57537.596
57549.11
57560.623
57572.136
57583.648
57595.161
57606.673
57618.185
57629.697
57641.208
57652.72
57664.231
57675.742
57687.252
57698.763
57710.273
57721.783
57733.293
57744.803
57756.312
57767.821
57779.331
57790.839
57802.348
57813.856
57825.365
57836.872
57848.38
57859.888
57871.395
57882.902
57894.409
57905.916
57917.422
57928.929
57940.435
57951.941
57963.446
57974.952
57986.457
57997.962
58009.467
58020.971
58032.476
58043.98
58055.484
58066.988
58078.491
58089.995
58101.498
58113.001
58124.503
58136.006
58147.508
58159.01
58170.512
58182.014
58193.515
58205.016
58216.518
58228.018
58239.519
58251.019
58262.52
58274.02
58285.519
58297.019
58308.518
58320.018
58331.517
58343.015
58354.514
58366.012
58377.51
58389.008
58400.506
58412.004
58423.501
58434.998
58446.495
58457.992
58469.488
58480.984
58492.48
58503.976
58515.472
58526.967
58538.463
58549.958
58561.453
58572.947
58584.442
58595.936
58607.43
58618.924
58630.417
58641.911
58653.404
58664.897
58676.39
58687.882
58699.375
58710.867
58722.359
58733.851
58745.342
58756.834
58768.325
58779.816
58791.306
58802.797
58814.287
58825.777
58837.267
58848.757
58860.247
58871.736
58883.225
58894.714
58906.203
58917.691
58929.18
58940.668
58952.156
58963.643
58975.131
58986.618
58998.105
59009.592
