87299.9950
87315.4662
87330.9364
87346.4056
87361.8738
87377.34
87392.8070
87408.2731
87423.7392
87439.2032
87454.6672
87470.13
87485.5921
87501.0541
87516.5150
87531.9758
87547.4347
87562.8935
87578.35
87593.8080
87609.2648
87624.72
87640.1751
87655.6298
87671.0824
87686.5350
87701.9875
87717.4381
87732.8886
87748.3381
87763.7875
87779.2360
87794.6834
87810.13
87825.5761
87841.0214
87856.4667
87871.91
87887.3532
87902.7954
87918.2376
87933.6787
87949.1188
87964.5589
87979.9960
87995.4340
88010.8721
88026.3080
88041.7440
88057.1799
88072.6148
88088.0477
88103.48
88118.9124
88134.3442
88149.7740
88165.2047
88180.6344
88196.0621
88211.49
88226.9174
88242.3440
88257.7696
88273.1942
88288.6187
88304.0422
88319.4657
88334.8871
88350.3085
88365.7299
88381.1493
88396.5686
88411.9869
88427.4042
88442.8215
88458.2377
88473.6539
88489.0681
88504.4822
88519.8954
88535.3085
88550.72
88566.1316
88581.5426
88596.9516
88612.36
88627.7695
88643.1764
88658.5833
88673.99
88689.3959
88704.8
88720.2045
88735.6073
88751.01
88766.4127
88781.8133
88797.2140
88812.6146
88828.0132
88843.4118
88858.8093
88874.2068
88889.6023
88904.9987
88920.3932
88935.7876
88951.18
88966.5733
88981.9656
88997.3569
89012.7472
89028.1374
89043.5267
89058.9148
89074.3020
89089.6891
89105.0763
89120.4613
89135.8464
89151.2314
89166.6144
89181.9974
89197.3794
89212.7613
89228.1412
89243.5211
89258.9019
89274.2798
89289.6576
89305.0343
89320.4111
89335.7878
89351.1625
89366.5361
89381.91
89397.2834
89412.6560
89428.0276
89443.3981
89458.7686
89474.1381
89489.5075
89504.8750
89520.2424
89535.6098
89550.9751
89566.3414
89581.7057
89597.0690
89612.4333
89627.7955
89643.1577
89658.5189
89673.8790
89689.2391
89704.5982
89719.9563
89735.3143
89750.6713
89766.0273
89781.3833
89796.7382
89812.0922
89827.4460
89842.7999
89858.1517
89873.5036
89888.8543
89904.2041
89919.5538
89934.9025
89950.25
89965.5989
89980.9445
89996.29
90011.6367
90026.98
90042.3248
90057.6683
90073.01
90088.3522
90103.6946
90119.0340
90134.3744
90149.7138
90165.0521
90180.39
90195.7277
90211.0639
90226.3991
90241.7343
90257.0695
90272.4026
90287.7358
90303.0689
90318.4
90333.7310
90349.0610
90364.3910
90379.72
90395.0489
90410.3768
90425.7037
90441.0296
90456.3554
90471.68
90487.0040
90502.3278
90517.65
90532.9732
90548.2949
90563.6156
90578.9352
90594.2559
90609.5745
90624.8920
90640.21
90655.5261
90670.8436
90686.1580
90701.4735
90716.7879
90732.1013
90747.4146
90762.7260
90778.0373
90793.3486
90808.6588
90823.9681
90839.2773
90854.5855
90869.8926
90885.1998
90900.5059
90915.8110
90931.1161
90946.42
90961.7231
90977.0261
90992.3281
91007.63
91022.9319
91038.2318
91053.53
91068.8295
91084.1273
91099.4251
91114.7229
91130.0186
91145.3133
91160.6080
91175.9037
91191.1964
91206.4890
91221.7816
91237.0731
91252.3647
91267.6542
91282.9447
91298.2322
91313.5216
91328.8080
91344.0954
91359.3828
91374.6671
91389.9525
91405.2378
91420.52
91435.8033
91451.0865
91466.3677
91481.6489
91496.9290
91512.2082
91527.4883
91542.7663
91558.0444
91573.3214
91588.5974
91603.8734
91619.1484
91634.4233
91649.6972
91664.97
91680.2429
91695.5148
91710.7866
91726.0564
91741.3261
91756.5969
91771.8646
91787.1323
91802.4
91817.6666
91832.9322
91848.1988
91863.4634
91878.7279
91893.99
91909.2539
91924.5154
91939.7778
91955.0382
91970.2986
91985.5570
92000.8164
92016.0757
92031.3320
92046.5893
92061.8465
92077.1018
92092.3560
92107.6111
92122.8653
92138.1184
92153.37
92168.6226
92183.8747
92199.1247
92214.3747
92229.6237
92244.8727
92260.12
92275.3676
92290.6144
92305.86
92321.1062
92336.3510
92351.5958
92366.8386
92382.0813
92397.3240
92412.5657
92427.8064
92443.0471
92458.2867
92473.5253
92488.7649
92504.0025
92519.2390
92534.4765
92549.7110
92564.9475
92580.1819
92595.4153
92610.6497
92625.8821
92641.1144
92656.3458
92671.5761
92686.8063
92702.0366
92717.2658
92732.4930
92747.7212
92762.9484
92778.1745
92793.4
92808.6257
92823.85
92839.0748
92854.2978
92869.52
92884.7428
92899.9637
92915.1846
92930.4045
92945.6244
92960.8433
92976.0611
92991.2799
93006.4967
93021.7124
93036.9282
93052.1439
93067.3576
93082.5712
93097.7859
93112.9975
93128.2091
93143.4217
93158.6312
93173.8428
93189.0513
93204.26
93219.4682
93234.6766
93249.8830
93265.0894
93280.2958
93295.5
93310.7054
93325.9097
93341.1120
93356.3152
93371.5175
93386.7187
93401.9199
93417.12
93432.3191
93447.5182
93462.7173
93477.9144
93493.1114
93508.3084
93523.5044
93538.6994
93553.8944
93569.0883
93584.2812
93599.4741
93614.6669
93629.8588
93645.0496
93660.2393
93675.4291
93690.6188
93705.8076
93720.9953
93736.1829
93751.3696
93766.5552
93781.74
93796.9254
93812.1099
93827.2935
93842.4760
93857.6585
93872.84
93888.0214
93903.2028
93918.3822
93933.5616
93948.74
93963.9183
93979.0966
93994.2739
94009.4491
94024.6254
94039.8
94054.9748
94070.1489
94085.3211
94100.4942
94115.6663
94130.8384
94146.0094
94161.1795
94176.3485
94191.5185
94206.6865
94221.8544
94237.0213
94252.1882
94267.3541
94282.5199
94297.6848
94312.8486
94328.0124
94343.1751
94358.3379
94373.4996
94388.66
94403.8210
94418.9816
94434.14
94449.2999
94464.4574
94479.6150
94494.7725
94509.9281
94525.0846
94540.2390
94555.3945
94570.5489
94585.7013
94600.8547
94616.0071
94631.1584
94646.3097
94661.46
94676.6093
94691.7595
94706.9077
94722.0550
94737.2031
94752.35
94767.4964
94782.6425
94797.7876
94812.9317
94828.0758
94843.2198
94858.3618
94873.5038
94888.6457
94903.7867
94918.9266
94934.0665
94949.2054
94964.3442
94979.4820
94994.6198
95009.7566
95024.8924
95040.0281
95055.1638
95070.2975
95085.4312
95100.5649
95115.6975
95130.8291
95145.96
95161.0913
95176.2228
95191.3513
95206.48
95221.6093
95236.7377
95251.8642
95266.9916
95282.1170
95297.2433
95312.3687
95327.4930
95342.6163
95357.74
95372.8628
95387.9851
95403.1063
95418.2275
95433.3476
95448.4678
95463.5869
95478.7050
95493.8231
95508.94
95524.0572
95539.1742
95554.2892
95569.4042
95584.5191
95599.6331
95614.7460
95629.8599
95644.9717
95660.0836
95675.1944
95690.3052
95705.4150
95720.5247
95735.6335
95750.7412
95765.8489
95780.9556
95796.0622
95811.1688
95826.2734
95841.3780
95856.4826
95871.5851
95886.6886
95901.7911
95916.8936
95931.9941
95947.0955
95962.1959
95977.2943
95992.3937
96007.4920
96022.5894
96037.6877
96052.7830
96067.8792
96082.9755
96098.07
96113.1649
96128.2581
96143.3512
96158.4443
96173.5365
96188.6285
96203.7196
96218.8097
96233.8997
96248.9887
96264.0777
96279.1656
96294.2526
96309.3395
96324.4264
96339.5123
96354.5971
96369.6810
96384.7668
96399.8496
96414.9324
96430.0151
96445.0968
96460.1786
96475.2582
96490.3399
96505.4186
96520.4972
96535.5768
96550.6544
96565.7319
96580.8085
96595.8840
96610.9595
96626.0350
96641.1094
96656.1838
96671.2563
96686.3297
96701.4010
96716.4734
96731.5447
96746.6150
96761.6853
96776.7546
96791.8238
96806.8920
96821.9592
96837.0264
96852.0936
96867.1597
96882.2258
96897.29
96912.3540
96927.4181
96942.4811
96957.5441
96972.6061
96987.6681
97002.7291
97017.7890
97032.8499
97047.9098
97062.9677
97078.0265
97093.0833
97108.1411
97123.1979
97138.2537
97153.3094
97168.3642
97183.4189
97198.4725
97213.5252
97228.5788
97243.63
97258.6821
97273.7336
97288.7832
97303.8337
97318.8823
97333.9318
97348.98
97364.0277
97379.0751
97394.1215
97409.1679
97424.2133
97439.2586
97454.3020
97469.3463
97484.3896
97499.4328
97514.4741
97529.5163
97544.5575
97559.5987
97574.6389
97589.6770
97604.7162
97619.7553
97634.7923
97649.83
97664.8665
97679.9035
97694.9385
97709.9735
97725.0084
97740.0424
97755.0753
97770.1082
97785.1411
97800.1729
97815.2048
97830.2346
97845.2654
97860.2942
97875.3239
97890.3527
97905.38
97920.4071
97935.4348
97950.4614
97965.4860
97980.5127
97995.5363
98010.5618
98025.5844
98040.6079
98055.63
98070.6529
98085.6744
98100.6949
98115.7153
98130.7357
98145.7541
98160.7735
98175.7918
98190.8092
98205.8265
98220.8438
98235.8590
98250.8743
98265.8895
98280.9047
98295.9189
98310.9311
98325.9442
98340.9564
98355.9685
98370.9796
98385.99
98401.0
98416.01
98431.0197
98446.0287
98461.0367
98476.0436
98491.05
98506.0565
98521.0624
98536.0683
98551.0721
98566.0779
98581.0817
98596.0845
98611.0863
98626.0891
98641.09
98656.0915
98671.0922
98686.0929
98701.0915
98716.09
98731.0898
98746.0873
98761.0849
98776.0815
98791.0770
98806.0735
98821.0680
98836.0635
98851.0579
98866.0514
98881.0448
98896.0362
98911.0285
98926.02
98941.0112
98956.0015
98970.9918
98985.9811
99000.97
99015.9586
99030.9468
99045.9330
99060.92
99075.9064
99090.8925
99105.8776
99120.8627
99135.8468
99150.8298
99165.8139
99180.7959
99195.7779
99210.7599
99225.74
99240.72
99255.7
99270.68
99285.6585
99300.6373
99315.6152
99330.5920
99345.5698
99360.5456
99375.5214
99390.4961
99405.4718
99420.4455
99435.4192
99450.3929
99465.3645
99480.3372
99495.3088
99510.2794
99525.25
99540.22
99555.1890
99570.1585
99585.1270
99600.0955
99615.0629
99630.0294
99644.9958
99659.9612
99674.9276
99689.8919
99704.8563
99719.8196
99734.7839
99749.7462
99764.7084
99779.67
99794.6319
99809.5911
99824.5523
99839.5114
99854.47
99869.4297
99884.3878
99899.3459
99914.3029
99929.2580
99944.2140
99959.17
99974.1250
99989.08
100004.039
100018.999
100033.948
100048.897
100063.845
100078.8
100093.752
100108.7
100123.659
100138.6
100153.554
100168.491
100183.449
100198.396
100213.342
100228.289
100243.235
100258.172
100273.128
100288.064
100303.019
100317.955
100332.890
100347.835
100362.780
100377.725
100392.660
100407.6
100422.548
100437.482
100452.426
100467.359
100482.293
100497.236
100512.179
100527.1
100542.045
100556.977
100571.919
100586.841
100601.773
100616.715
100631.646
100646.578
100661.5
100676.430
100691.371
100706.3
100721.232
100736.152
100751.082
100766.012
100780.941
100795.871
100810.790
100825.729
100840.648
100855.577
100870.495
100885.423
100900.341
100915.269
100930.197
100945.115
100960.032
100974.959
100989.876
101004.793
101019.710
101034.636
101049.552
101064.479
101079.384
101094.3
101109.226
101124.131
101139.056
101153.961
101168.886
101183.790
101198.715
101213.629
101228.533
101243.447
101258.360
101273.274
101288.187
101303.090
101318.0
101332.916
101347.818
101362.721
101377.633
101392.545
101407.447
101422.358
101437.260
101452.161
101467.072
101481.973
101496.874
101511.784
101526.685
101541.585
101556.485
101571.384
101586.284
101601.193
101616.083
101630.982
101645.880
101660.789
101675.688
101690.586
101705.474
101720.372
101735.260
101750.167
101765.055
101779.952
101794.849
101809.746
101824.632
101839.529
101854.415
101869.3
101884.2
101899.093
101913.988
101928.874
101943.759
101958.644
101973.539
101988.423
102003.3
102018.192
102033.086
102047.960
102062.854
102077.737
102092.621
102107.5
102122.387
102137.270
102152.152
102167.035
102181.917
102196.799
102211.671
102226.553
102241.434
102256.316
102271.197
102286.068
102300.949
102315.829
102330.7
102345.570
102360.450
102375.320
102390.2
102405.079
102419.949
102434.828
102449.697
102464.566
102479.435
102494.3
102509.171
102524.040
102538.917
102553.785
102568.653
102583.520
102598.397
102613.255
102628.121
102642.998
102657.855
102672.721
102687.587
102702.453
102717.319
102732.174
102747.040
102761.9
102776.760
102791.625
102806.480
102821.344
102836.2
102851.063
102865.927
102880.781
102895.644
102910.5
102925.351
102940.214
102955.077
102969.920
102984.783
102999.635
103014.497
103029.349
103044.191
103059.053
103073.9
103088.756
103103.6
103118.458
103133.3
103148.159
103163.0
103177.850
103192.7
103207.550
103222.4
103237.240
103252.099
103266.948
103281.787
103296.636
103311.475
103326.323
103341.162
103356.0
103370.858
103385.696
103400.533
103415.371
103430.218
103445.055
103459.892
103474.739
103489.576
103504.412
103519.258
103534.094
103548.920
103563.766
103578.6
103593.437
103608.272
103623.1
103637.942
103652.777
103667.611
103682.445
103697.270
103712.1
