206299.99
206338.22
206376.47
206414.73
206453.0
206491.28
206529.58
206567.89
206606.21
206644.54
206682.89
206721.25
206759.63
206798.01
206836.41
206874.83
206913.25
206951.69
206990.14
207028.61
207067.09
207105.58
207144.08
207182.6
207221.13
207259.67
207298.23
207336.8
207375.38
207413.97
207452.58
207491.2
207529.84
207568.49
207607.15
207645.82
207684.51
207723.21
207761.92
207800.65
207839.39
207878.14
207916.91
207955.69
207994.48
208033.29
208072.11
208110.94
208149.78
208188.64
208227.51
208266.4
208305.3
208344.21
208383.14
208422.07
208461.03
208499.99
208538.97
208577.96
208616.97
208655.99
208695.02
208734.06
208773.12
208812.2
208851.28
208890.38
208929.49
208968.62
209007.76
209046.91
209086.08
209125.26
209164.45
209203.66
209242.88
209282.11
209321.36
209360.62
209399.89
209439.18
209478.48
209517.8
209557.13
209596.47
209635.82
209675.19
209714.58
209753.97
209793.38
209832.81
209872.24
209911.7
209951.16
209990.64
210030.13
210069.64
210109.16
210148.69
210188.24
210227.8
210267.37
210306.96
210346.56
210386.18
210425.8
210465.45
210505.1
210544.78
210584.46
210624.16
210663.87
210703.6
210743.34
210783.09
210822.86
210862.64
210902.43
210942.24
210982.07
211021.9
211061.75
211101.62
211141.5
211181.39
211221.3
211261.22
211301.15
211341.1
211381.06
211421.04
211461.03
211501.03
211541.05
211581.08
211621.13
211661.19
211701.27
211741.36
211781.46
211821.58
211861.71
211901.85
211942.01
211982.18
212022.37
212062.57
212102.79
212143.02
212183.26
212223.52
212263.79
212304.08
212344.38
212384.7
212425.03
212465.37
212505.73
212546.1
212586.49
212626.89
212667.3
212707.73
212748.18
212788.64
212829.11
212869.59
212910.1
212950.61
212991.14
213031.69
213072.24
213112.82
213153.4
213194.01
213234.62
213275.25
213315.9
213356.56
213397.23
213437.92
213478.62
213519.34
213560.07
213600.82
213641.58
213682.36
213723.15
213763.95
213804.77
213845.61
213886.46
213927.32
213968.2
214009.09
214050.0
214090.92
214131.85
214172.81
214213.77
214254.75
214295.75
214336.76
214377.78
214418.82
214459.87
214500.94
214542.03
214583.12
214624.24
214665.37
214706.51
214747.67
214788.84
214830.02
214871.23
214912.44
214953.67
214994.92
215036.18
215077.46
215118.75
215160.06
215201.38
215242.71
215284.06
215325.43
215366.81
215408.21
215449.62
215491.04
215532.48
215573.94
215615.41
215656.9
215698.4
215739.91
215781.44
215822.99
215864.55
215906.13
215947.72
215989.32
216030.95
216072.58
216114.23
216155.9
216197.58
216239.28
216280.99
216322.72
216364.46
216406.22
216448.0
216489.78
216531.59
216573.41
216615.24
216657.09
216698.96
216740.84
216782.73
216824.65
216866.57
216908.51
216950.47
216992.44
217034.43
217076.43
217118.45
217160.49
217202.54
217244.6
217286.68
217328.78
217370.89
217413.02
217455.16
217497.32
217539.49
217581.68
217623.89
217666.11
217708.34
217750.59
217792.86
217835.14
217877.44
217919.75
217962.08
218004.43
218046.79
218089.17
218131.56
218173.97
218216.39
218258.83
218301.28
218343.75
218386.24
218428.74
218471.26
218513.79
218556.34
218598.91
218641.49
218684.09
218726.7
218769.33
218811.97
218854.63
218897.31
218940.0
218982.71
219025.43
219068.17
219110.93
219153.7
219196.49
219239.29
219282.11
219324.95
219367.8
219410.67
219453.55
219496.45
219539.37
219582.3
219625.25
219668.21
219711.19
219754.19
219797.2
219840.23
219883.28
219926.34
219969.41
220012.51
220055.62
220098.74
220141.89
220185.04
220228.22
220271.41
220314.62
220357.84
220401.08
220444.34
220487.61
220530.9
220574.2
220617.52
220660.86
220704.21
220747.59
220790.97
220834.38
220877.8
220921.23
220964.68
221008.15
221051.64
221095.14
221138.66
221182.2
221225.75
221269.32
221312.9
221356.5
221400.12
221443.75
221487.4
221531.07
221574.76
221618.46
221662.18
221705.91
221749.66
221793.43
221837.21
221881.01
221924.83
221968.67
222012.52
222056.39
222100.27
222144.17
222188.09
222232.03
222275.98
222319.95
222363.93
222407.94
222451.96
222495.99
222540.05
222584.12
222628.2
222672.31
222716.43
222760.57
222804.72
222848.9
222893.08
222937.29
222981.51
223025.75
223070.01
223114.29
223158.58
223202.89
223247.21
223291.55
223335.91
223380.29
223424.69
223469.1
223513.53
223557.97
223602.44
223646.92
223691.41
223735.93
223780.46
223825.01
223869.58
223914.16
223958.76
224003.38
224048.02
224092.67
224137.34
224182.03
224226.73
224271.46
224316.2
224360.96
224405.73
224450.52
224495.33
224540.16
224585.01
224629.87
224674.75
224719.65
224764.56
224809.5
224854.45
224899.42
224944.4
224989.41
225034.43
225079.47
225124.52
225169.6
225214.69
225259.8
225304.92
225350.07
225395.23
225440.41
225485.61
225530.83
225576.06
225621.31
225666.58
225711.87
225757.18
225802.5
225847.84
225893.2
225938.58
225983.97
226029.38
226074.82
226120.26
226165.73
226211.22
226256.72
226302.24
226347.78
226393.34
226438.91
226484.5
226530.12
226575.75
226621.39
226667.06
226712.74
226758.44
226804.17
226849.9
226895.66
226941.44
226987.23
227033.04
227078.87
227124.72
227170.58
227216.47
227262.37
227308.29
227354.23
227400.19
227446.17
227492.16
227538.18
227584.21
227630.26
227676.33
227722.41
227768.52
227814.65
227860.79
227906.95
227953.13
227999.33
228045.54
228091.78
228138.03
228184.31
228230.6
228276.91
228323.24
228369.59
228415.95
228462.34
228508.74
228555.16
228601.61
228648.07
228694.54
228741.04
228787.56
228834.09
228880.65
228927.22
228973.81
229020.43
229067.06
229113.7
229160.37
229207.06
229253.76
229300.49
229347.23
229394.0
229440.78
229487.58
229534.4
229581.24
229628.1
229674.97
229721.87
229768.79
229815.72
229862.67
229909.65
229956.64
230003.65
230050.68
230097.73
230144.8
230191.89
230239.0
230286.13
230333.27
230380.44
230427.63
230474.83
230522.05
230569.3
230616.56
230663.84
230711.15
230758.47
230805.81
230853.17
230900.55
230947.95
230995.37
231042.81
231090.27
231137.74
231185.24
231232.76
231280.3
231327.85
231375.43
231423.03
231470.64
231518.28
231565.93
231613.61
231661.3
231709.02
231756.75
231804.51
231852.28
231900.07
231947.89
231995.72
232043.58
232091.45
232139.34
232187.26
232235.19
232283.15
232331.12
232379.11
232427.13
232475.16
232523.22
232571.29
232619.39
232667.5
232715.64
232763.79
232811.97
232860.16
232908.38
232956.61
233004.87
233053.14
233101.44
233149.76
233198.1
233246.45
233294.83
233343.23
233391.65
233440.09
233488.55
233537.03
233585.53
233634.05
233682.59
233731.15
233779.74
233828.34
233876.97
233925.61
233974.27
234022.96
234071.67
234120.39
234169.14
234217.91
234266.7
234315.51
234364.34
234413.19
234462.06
234510.96
234559.87
234608.81
234657.76
234706.74
234755.74
234804.76
234853.79
234902.86
234951.94
235001.04
235050.16
235099.31
235148.47
235197.66
235246.87
235296.09
235345.34
235394.62
235443.91
235493.22
235542.55
235591.91
235641.29
235690.69
235740.11
235789.55
235839.01
235888.49
235938.0
235987.52
236037.07
236086.64
236136.23
236185.84
236235.47
236285.13
236334.8
236384.5
236434.22
236483.96
236533.72
236583.51
236633.31
236683.14
236732.99
236782.86
236832.75
236882.67
236932.6
236982.56
237032.54
237082.54
237132.56
237182.61
237232.67
237282.76
237332.87
237383.0
237433.16
237483.33
237533.53
237583.75
237633.99
237684.25
237734.54
237784.85
237835.18
237885.53
237935.9
237986.3
238036.72
238087.16
238137.62
238188.11
238238.61
238289.14
238339.69
238390.27
238440.86
238491.48
238542.12
238592.79
238643.47
238694.18
238744.91
238795.66
238846.44
238897.24
238948.06
238998.9
239049.77
239100.66
239151.57
239202.5
239253.46
239304.43
239355.44
239406.46
239457.51
239508.58
239559.67
239610.78
239661.92
239713.08
239764.26
239815.47
239866.7
239917.95
239969.23
240020.53
240071.85
240123.19
240174.56
240225.95
240277.36
240328.8
240380.26
240431.74
240483.24
240534.77
240586.32
240637.9
240689.5
240741.12
240792.76
240844.43
240896.12
240947.84
240999.58
241051.34
241103.12
241154.93
241206.76
241258.62
241310.5
241362.4
241414.32
241466.27
241518.25
241570.24
241622.26
241674.31
241726.37
241778.46
241830.58
241882.72
241934.88
241987.06
242039.27
242091.51
242143.76
242196.05
242248.35
242300.68
242353.03
242405.41
242457.81
242510.24
242562.68
242615.16
242667.65
242720.17
242772.72
242825.29
242877.88
242930.5
242983.14
243035.81
243088.5
243141.21
243193.95
243246.71
243299.5
243352.31
243405.15
243458.01
243510.89
243563.8
243616.74
243669.7
243722.68
243775.69
243828.72
243881.78
243934.86
243987.96
244041.09
244094.25
244147.43
244200.63
244253.86
244307.12
244360.4
244413.7
244467.03
244520.38
244573.76
244627.16
244680.59
244734.05
244787.52
244841.03
244894.56
244948.11
245001.69
245055.29
245108.92
245162.57
245216.25
245269.96
245323.69
245377.44
245431.22
245485.03
245538.86
245592.71
245646.6
245700.5
245754.43
245808.39
245862.38
245916.38
245970.42
246024.48
246078.56
246132.68
246186.81
246240.97
246295.16
246349.38
246403.62
246457.88
246512.17
246566.49
246620.83
246675.2
246729.6
246784.02
246838.46
246892.93
246947.43
247001.96
