176700.0
176729.1
176758.21
176787.33
176816.46
176845.59
176874.73
176903.89
176933.05
176962.22
176991.4
177020.58
177049.78
177078.98
177108.2
177137.42
177166.65
177195.89
177225.13
177254.39
177283.66
177312.93
177342.21
177371.5
177400.8
177430.11
177459.43
177488.75
177518.09
177547.43
177576.78
177606.15
177635.52
177664.89
177694.28
177723.68
177753.08
177782.49
177811.92
177841.35
177870.79
177900.24
177929.69
177959.16
177988.63
178018.12
178047.61
178077.11
178106.62
178136.14
178165.67
178195.21
178224.75
178254.31
178283.87
178313.44
178343.02
178372.61
178402.21
178431.82
178461.43
178491.06
178520.69
178550.34
178579.99
178609.65
178639.32
178669.0
178698.69
178728.38
178758.09
178787.8
178817.53
178847.26
178877.0
178906.75
178936.51
178966.28
178996.06
179025.84
179055.64
179085.44
179115.25
179145.08
179174.91
179204.75
179234.6
179264.46
179294.32
179324.2
179354.08
179383.98
179413.88
179443.79
179473.72
179503.65
179533.59
179563.54
179593.49
179623.46
179653.44
179683.42
179713.42
179743.42
179773.43
179803.45
179833.48
179863.52
179893.57
179923.63
179953.7
179983.77
180013.86
180043.95
180074.06
180104.17
180134.29
180164.42
180194.57
180224.71
180254.87
180285.04
180315.22
180345.41
180375.6
180405.81
180436.02
180466.24
180496.48
180526.72
180556.97
180587.23
180617.5
180647.78
180678.07
180708.36
180738.67
180768.99
180799.31
180829.65
180859.99
180890.34
180920.71
180951.08
180981.46
181011.85
181042.25
181072.66
181103.08
181133.51
181163.94
181194.39
181224.85
181255.31
181285.79
181316.27
181346.76
181377.27
181407.78
181438.3
181468.83
181499.37
181529.92
181560.48
181591.05
181621.63
181652.22
181682.81
181713.42
181744.04
181774.66
181805.3
181835.94
181866.6
181897.26
181927.93
181958.62
181989.31
182020.01
182050.72
182081.44
182112.17
182142.91
182173.66
182204.42
182235.19
182265.97
182296.75
182327.55
182358.36
182389.17
182420.0
182450.83
182481.68
182512.53
182543.4
182574.27
182605.15
182636.05
182666.95
182697.86
182728.78
182759.72
182790.66
182821.61
182852.57
182883.54
182914.52
182945.51
182976.51
183007.52
183038.53
183069.56
183100.6
183131.65
183162.71
183193.77
183224.85
183255.94
183287.03
183318.14
183349.26
183380.38
183411.52
183442.66
183473.82
183504.98
183536.16
183567.34
183598.54
183629.74
183660.96
183692.18
183723.41
183754.66
183785.91
183817.17
183848.45
183879.73
183911.02
183942.32
183973.64
184004.96
184036.29
184067.63
184098.99
184130.35
184161.72
184193.1
184224.49
184255.89
184287.31
184318.73
184350.16
184381.6
184413.05
184444.51
184475.98
184507.47
184538.96
184570.46
184601.97
184633.49
184665.02
184696.56
184728.12
184759.68
184791.25
184822.83
184854.42
184886.02
184917.64
184949.26
184980.89
185012.53
185044.18
185075.84
185107.52
185139.2
185170.89
185202.59
185234.31
185266.03
185297.76
185329.51
185361.26
185393.02
185424.8
185456.58
185488.37
185520.18
185551.99
185583.82
185615.65
185647.5
185679.35
185711.22
185743.09
185774.98
185806.87
185838.78
185870.7
185902.62
185934.56
185966.51
185998.46
186030.43
186062.41
186094.4
186126.4
186158.41
186190.43
186222.45
186254.49
186286.55
186318.61
186350.68
186382.76
186414.85
186446.95
186479.06
186511.19
186543.32
186575.46
186607.62
186639.78
186671.96
186704.14
186736.34
186768.54
186800.76
186832.99
186865.22
186897.47
186929.73
186962.0
186994.28
187026.57
187058.87
187091.18
187123.5
187155.83
187188.17
187220.53
187252.89
187285.26
187317.65
187350.04
187382.45
187414.87
187447.29
187479.73
187512.18
187544.63
187577.1
187609.58
187642.07
187674.57
187707.09
187739.61
187772.14
187804.68
187837.24
187869.8
187902.38
187934.96
187967.56
188000.17
188032.79
188065.41
188098.05
188130.7
188163.36
188196.04
188228.72
188261.41
188294.12
188326.83
188359.55
188392.29
188425.04
188457.8
188490.56
188523.34
188556.13
188588.93
188621.75
188654.57
188687.4
188720.24
188753.1
188785.97
188818.84
188851.73
188884.63
188917.54
188950.46
188983.39
189016.33
189049.28
189082.25
189115.22
189148.21
189181.2
189214.21
189247.23
189280.26
189313.3
189346.35
189379.41
189412.49
189445.57
189478.67
189511.77
189544.89
189578.02
189611.16
189644.31
189677.47
189710.64
189743.82
189777.02
189810.22
189843.44
189876.67
189909.91
189943.16
189976.42
190009.69
190042.97
190076.27
190109.57
190142.89
190176.22
190209.56
190242.91
190276.27
190309.64
190343.02
190376.42
190409.82
190443.24
190476.67
190510.11
190543.56
190577.02
190610.5
190643.98
190677.48
190710.98
190744.5
190778.03
190811.57
190845.13
190878.69
190912.26
190945.85
190979.45
191013.06
191046.68
191080.31
191113.95
191147.61
191181.27
191214.95
191248.64
191282.34
191316.05
191349.77
191383.5
191417.25
191451.01
191484.78
191518.55
191552.35
191586.15
191619.96
191653.79
191687.63
191721.47
191755.33
191789.21
191823.09
191856.98
191890.89
191924.81
191958.74
191992.68
192026.63
192060.59
192094.57
192128.56
192162.56
192196.57
192230.59
192264.62
192298.67
192332.72
192366.79
192400.87
192434.96
192469.07
192503.18
192537.31
192571.45
192605.6
192639.76
192673.93
192708.12
192742.31
192776.52
192810.74
192844.98
192879.22
192913.47
192947.74
192982.02
193016.31
193050.62
193084.93
193119.26
193153.59
193187.94
193222.31
193256.68
193291.07
193325.46
193359.87
193394.29
193428.73
193463.17
193497.63
193532.1
193566.58
193601.07
193635.58
193670.09
193704.62
193739.16
193773.71
193808.28
193842.85
193877.44
193912.04
193946.65
193981.28
194015.92
194050.56
194085.22
194119.9
194154.58
194189.28
194223.99
194258.71
194293.44
194328.18
194362.94
194397.71
194432.49
194467.29
194502.09
194536.91
194571.74
194606.58
194641.43
194676.3
194711.18
194746.07
194780.97
194815.89
194850.82
194885.76
194920.71
194955.67
194990.65
195025.64
195060.64
195095.65
195130.68
195165.71
195200.76
195235.83
195270.9
195305.99
195341.09
195376.2
195411.32
195446.46
195481.61
195516.77
195551.94
195587.13
195622.33
195657.54
195692.76
195728.0
195763.25
195798.51
195833.78
195869.07
195904.36
195939.67
195975.0
196010.33
196045.68
196081.04
196116.41
196151.8
196187.2
196222.61
196258.03
196293.47
196328.92
196364.38
196399.85
196435.34
196470.84
196506.35
196541.87
196577.41
196612.96
196648.52
196684.1
196719.68
196755.28
196790.9
196826.52
196862.16
196897.81
196933.48
196969.15
197004.84
197040.54
197076.26
197111.99
197147.73
197183.48
197219.25
197255.02
197290.82
197326.62
197362.44
197398.27
197434.11
197469.97
197505.84
197541.72
197577.61
197613.52
197649.44
197685.37
197721.32
197757.28
197793.25
197829.24
197865.24
197901.25
197937.27
197973.31
198009.36
198045.42
198081.5
198117.59
198153.69
198189.81
198225.93
198262.08
198298.23
198334.4
198370.58
198406.77
198442.98
198479.2
198515.43
198551.68
198587.94
198624.21
198660.5
198696.8
198733.11
198769.44
198805.78
198842.13
198878.49
198914.87
198951.26
198987.67
199024.09
199060.52
199096.96
199133.42
199169.89
199206.38
199242.88
199279.39
199315.91
199352.45
199389.01
199425.57
199462.15
199498.74
199535.35
199571.97
199608.6
199645.24
199681.9
199718.58
199755.26
199791.96
199828.67
199865.4
199902.14
199938.89
199975.66
200012.44
200049.24
200086.04
200122.87
200159.7
200196.55
200233.41
200270.29
200307.18
200344.08
200381.0
200417.93
200454.87
200491.83
200528.8
200565.79
200602.79
200639.8
200676.82
200713.86
200750.92
200787.99
200825.07
200862.16
200899.27
200936.39
200973.53
201010.68
201047.84
201085.02
201122.21
201159.42
201196.64
201233.87
201271.12
201308.38
201345.66
201382.95
201420.25
201457.57
201494.9
201532.24
201569.6
201606.97
201644.36
201681.76
201719.18
201756.6
201794.05
201831.5
201868.98
201906.46
201943.96
201981.47
202019.0
202056.54
202094.1
202131.67
202169.25
202206.85
202244.46
202282.09
202319.73
202357.38
202395.05
202432.74
202470.43
202508.15
202545.87
202583.61
202621.37
202659.13
202696.92
202734.72
202772.53
202810.35
202848.19
202886.05
202923.92
202961.8
202999.7
203037.61
203075.54
203113.48
203151.43
203189.4
203227.39
203265.39
203303.4
203341.43
203379.47
203417.53
203455.6
203493.68
203531.79
203569.9
203608.03
203646.17
203684.33
203722.51
203760.69
203798.9
203837.11
203875.35
203913.59
203951.85
203990.13
204028.42
204066.72
204105.04
204143.38
204181.73
204220.09
204258.47
204296.86
204335.27
204373.7
204412.13
204450.59
204489.05
204527.54
204566.03
204604.55
204643.07
204681.62
204720.17
204758.74
204797.33
204835.93
204874.55
204913.18
204951.83
204990.49
205029.16
205067.86
205106.56
205145.28
205184.02
205222.77
205261.54
205300.32
205339.12
205377.93
205416.76
205455.6
205494.45
205533.33
205572.21
205611.12
205650.04
205688.97
205727.92
205766.88
205805.86
205844.85
205883.86
205922.89
205961.93
206000.98
206040.05
206079.14
206118.24
206157.35
206196.49
206235.63
206274.79
206313.97
206353.17
206392.37
206431.6
206470.84
206510.09
206549.36
206588.65
206627.95
206667.27
206706.6
206745.95
206785.31
206824.69
206864.08
206903.49
206942.92
206982.36
207021.82
207061.29
207100.78
207140.28
207179.8
207219.34
207258.89
207298.45
207338.03
207377.63
207417.25
207456.87
207496.52
207536.18
207575.86
207615.55
207655.26
207694.98
207734.72
207774.48
207814.25
207854.04
207893.84
207933.66
207973.5
208013.35
208053.21
208093.1
208133.0
208172.91
208212.84
208252.79
208292.75
208332.73
208372.73
208412.74
208452.76
208492.81
208532.87
208572.94
208613.03
208653.14
208693.27
208733.41
208773.56
208813.73
208853.92
208894.13
208934.35
208974.59
209014.84
209055.11
209095.4
209135.7
209176.02
209216.35
209256.7
209297.07
209337.46
209377.86
209418.27
209458.71
209499.16
209539.62
209580.11
209620.61
209661.12
209701.65
209742.2
209782.77
209823.35
209863.95
209904.56
209945.19
209985.84
210026.51
210067.19
210107.88
210148.6
210189.33
210230.08
210270.84
210311.62
210352.42
210393.24
210434.07
210474.92
210515.78
210556.66
210597.56
210638.48
210679.41
210720.36
210761.32
210802.3
210843.3
210884.32
210925.35
210966.4
211007.47
211048.56
211089.66
211130.77
211171.91
211213.06
211254.23
211295.42
211336.62
