240700.0
240750.23
240800.48
240850.75
240901.04
240951.35
241001.68
241052.03
241102.4
241152.79
241203.21
241253.64
241304.09
241354.57
241405.06
241455.58
241506.11
241556.67
241607.25
241657.84
241708.46
241759.1
241809.76
241860.44
241911.14
241961.86
242012.6
242063.37
242114.15
242164.95
242215.78
242266.62
242317.49
242368.38
242419.28
242470.21
242521.16
242572.13
242623.12
242674.14
242725.17
242776.22
242827.3
242878.39
242929.51
242980.65
243031.81
243082.99
243134.19
243185.41
243236.65
243287.92
243339.2
243390.51
243441.84
243493.19
243544.56
243595.95
243647.36
243698.8
243750.25
243801.73
243853.22
243904.74
243956.28
244007.85
244059.43
244111.03
244162.66
244214.31
244265.98
244317.67
244369.38
244421.11
244472.86
244524.64
244576.44
244628.26
244680.1
244731.96
244783.85
244835.75
244887.68
244939.63
244991.6
245043.59
245095.61
245147.64
245199.7
245251.78
245303.88
245356.0
245408.15
245460.31
245512.5
245564.71
245616.95
245669.2
245721.48
245773.77
245826.09
245878.44
245930.8
245983.19
246035.6
246088.03
246140.48
246192.95
246245.45
246297.97
246350.51
246403.07
246455.66
246508.27
246560.9
246613.55
246666.22
246718.92
246771.64
246824.38
246877.14
246929.93
246982.74
247035.57
247088.42
247141.3
247194.2
247247.12
247300.06
247353.02
247406.01
247459.02
247512.06
247565.11
247618.19
247671.29
247724.42
247777.56
247830.73
247883.92
247937.14
247990.38
248043.64
248096.92
248150.23
248203.55
248256.91
248310.28
248363.68
248417.1
248470.54
248524.01
248577.5
248631.01
248684.54
248738.1
248791.68
248845.29
248898.91
248952.56
249006.24
249059.93
249113.65
249167.4
249221.16
249274.95
249328.76
249382.6
249436.46
249490.34
249544.25
249598.18
249652.13
249706.1
249760.1
249814.13
249868.17
249922.24
249976.34
250030.45
250084.59
250138.76
250192.94
250247.15
250301.39
250355.65
250409.93
250464.23
250518.56
250572.92
250627.29
250681.69
250736.12
250790.57
250845.04
250899.53
250954.05
251008.6
251063.16
251117.75
251172.37
251227.01
251281.67
251336.36
251391.07
251445.8
251500.56
251555.35
251610.15
251664.99
251719.84
251774.72
251829.63
251884.55
251939.51
251994.48
252049.48
252104.51
252159.56
252214.63
252269.73
252324.86
252380.0
252435.17
252490.37
252545.59
252600.84
252656.11
252711.4
252766.72
252822.06
252877.43
252932.82
252988.24
253043.68
253099.15
253154.64
253210.16
253265.7
253321.26
253376.86
253432.47
253488.11
253543.78
253599.47
253655.18
253710.92
253766.69
253822.48
253878.29
253934.13
253990.0
254045.89
254101.8
254157.74
254213.71
254269.7
254325.71
254381.75
254437.82
254493.91
254550.03
254606.17
254662.34
254718.53
254774.75
254830.99
254887.26
254943.56
254999.88
255056.22
255112.6
255168.99
255225.41
255281.86
255338.34
255394.83
255451.36
255507.91
255564.49
255621.09
255677.72
255734.37
255791.05
255847.75
255904.48
255961.24
256018.02
256074.83
256131.67
256188.53
256245.41
256302.33
256359.26
256416.23
256473.22
256530.24
256587.28
256644.35
256701.44
256758.57
256815.71
256872.89
256930.09
256987.31
257044.57
257101.85
257159.15
257216.49
257273.84
257331.23
257388.64
257446.08
257503.54
257561.03
257618.55
257676.1
257733.67
257791.27
257848.89
257906.54
257964.22
258021.92
258079.66
258137.41
258195.2
258253.01
258310.85
258368.71
258426.61
258484.53
258542.47
258600.45
258658.45
258716.48
258774.53
258832.61
258890.72
258948.86
259007.02
259065.21
259123.43
259181.68
259239.95
259298.25
259356.58
259414.93
259473.31
259531.72
259590.16
259648.62
259707.11
259765.63
259824.18
259882.76
259941.36
259999.99
260058.65
260117.33
260176.04
260234.78
260293.55
260352.35
260411.17
260470.03
260528.91
260587.81
260646.75
260705.71
260764.7
260823.72
260882.77
260941.85
261000.95
261060.08
261119.24
261178.43
261237.65
261296.89
261356.17
261415.47
261474.8
261534.16
261593.54
261652.96
261712.4
261771.87
261831.37
261890.9
261950.46
262010.05
262069.66
262129.3
262188.98
262248.68
262308.41
262368.16
262427.95
262487.77
262547.61
262607.48
262667.39
262727.32
262787.28
262847.27
262907.28
262967.33
263027.41
263087.51
263147.65
263207.81
263268.0
263328.22
263388.48
263448.76
263509.07
263569.41
263629.77
263690.17
263750.6
263811.05
263871.54
263932.06
263992.6
264053.18
264113.78
264174.41
264235.08
264295.77
264356.49
264417.25
264478.03
264538.84
264599.68
264660.55
264721.46
264782.39
264843.35
264904.34
264965.36
265026.41
265087.5
265148.61
265209.75
265270.92
265332.12
265393.36
265454.62
265515.91
265577.24
265638.59
265699.97
265761.39
265822.83
265884.31
265945.82
266007.35
266068.92
266130.52
266192.15
266253.8
266315.49
266377.21
266438.97
266500.75
266562.56
266624.4
266686.28
266748.18
266810.12
266872.09
266934.09
266996.12
267058.18
267120.27
267182.39
267244.54
267306.73
267368.95
267431.19
267493.47
267555.78
267618.12
267680.5
267742.9
267805.34
267867.8
267930.3
267992.83
268055.4
268117.99
268180.62
268243.27
268305.96
268368.68
268431.43
268494.22
268557.04
268619.88
268682.76
268745.67
268808.62
268871.59
268934.6
268997.64
269060.72
269123.82
269186.96
269250.13
269313.33
269376.56
269439.83
269503.12
269566.45
269629.82
269693.21
269756.64
269820.1
269883.6
269947.12
270010.68
270074.27
270137.89
270201.55
270265.24
270328.96
270392.72
270456.51
270520.33
270584.18
270648.07
270711.99
270775.94
270839.93
270903.95
270968.0
271032.08
271096.2
271160.36
271224.54
271288.76
271353.01
271417.3
271481.62
271545.97
271610.36
271674.78
271739.23
271803.72
271868.24
271932.79
271997.38
272062.0
272126.66
272191.35
272256.07
272320.83
272385.62
272450.45
272515.31
272580.2
272645.13
272710.09
272775.09
272840.12
272905.19
272970.29
273035.42
273100.59
273165.79
273231.03
273296.3
273361.61
273426.95
273492.32
273557.73
273623.18
273688.66
273754.17
273819.72
273885.31
273950.92
274016.58
274082.27
274147.99
274213.75
274279.54
274345.37
274411.24
274477.14
274543.07
274609.04
274675.05
274741.09
274807.17
274873.28
274939.43
275005.61
275071.83
275138.08
275204.37
275270.7
275337.06
275403.45
275469.89
275536.36
275602.86
275669.4
275735.98
275802.59
275869.24
275935.92
276002.64
276069.4
276136.2
276203.02
276269.89
276336.79
276403.73
276470.71
276537.72
276604.77
276671.85
276738.97
276806.13
276873.33
276940.56
277007.82
277075.13
277142.47
277209.85
277277.27
277344.72
277412.21
277479.74
277547.3
277614.9
277682.54
277750.21
277817.93
277885.68
277953.47
278021.29
278089.15
278157.05
278224.99
278292.97
278360.98
278429.03
278497.12
278565.24
278633.41
278701.61
278769.85
278838.13
278906.44
278974.8
279043.19
279111.62
279180.09
279248.59
279317.14
279385.72
279454.34
279523.0
279591.7
279660.44
279729.21
279798.02
279866.88
279935.77
280004.7
280073.67
280142.67
280211.72
280280.81
280349.93
280419.09
280488.29
280557.54
280626.82
280696.14
280765.5
280834.89
280904.33
280973.81
281043.32
281112.88
281182.48
281252.11
281321.79
281391.5
281461.25
281531.05
281600.88
281670.75
281740.67
281810.62
281880.61
281950.65
282020.72
282090.84
282160.99
282231.18
282301.42
282371.69
282442.01
282512.36
282582.76
282653.2
282723.67
282794.19
282864.75
282935.35
283005.99
283076.67
283147.39
283218.16
283288.96
283359.81
283430.69
283501.62
283572.59
283643.6
283714.65
283785.74
283856.87
283928.05
283999.27
284070.53
284141.83
284213.17
284284.55
284355.98
284427.44
284498.95
284570.5
284642.1
284713.73
284785.41
284857.13
284928.89
285000.69
285072.54
285144.43
285216.36
285288.33
285360.35
285432.4
285504.51
285576.65
285648.84
285721.06
285793.34
285865.65
285938.01
286010.41
286082.85
286155.34
286227.87
286300.45
286373.06
286445.72
286518.43
286591.17
286663.96
286736.8
286809.68
286882.6
286955.56
287028.57
287101.62
287174.72
287247.86
287321.05
