57300.0
57313.953
57327.905
57341.856
57355.806
57369.755
57383.704
57397.651
57411.598
57425.543
57439.488
57453.432
57467.375
57481.317
57495.258
57509.199
57523.138
57537.077
57551.015
57564.951
57578.887
57592.822
57606.757
57620.69
57634.622
57648.554
57662.485
57676.414
57690.343
57704.271
57718.198
57732.125
57746.05
57759.975
57773.898
57787.821
57801.743
57815.664
57829.584
57843.503
57857.422
57871.339
57885.256
57899.172
57913.087
57927.001
57940.914
57954.827
57968.738
57982.649
57996.558
58010.467
58024.375
58038.282
58052.189
58066.094
58079.999
58093.902
58107.805
58121.707
58135.608
58149.509
58163.408
58177.307
58191.204
58205.101
58218.997
58232.892
58246.787
58260.68
58274.573
58288.464
58302.355
58316.245
58330.135
58344.023
58357.91
58371.797
58385.683
58399.568
58413.452
58427.335
58441.217
58455.099
58468.98
58482.859
58496.738
58510.617
58524.494
58538.37
58552.246
58566.121
58579.995
58593.868
58607.74
58621.612
58635.482
58649.352
58663.221
58677.089
58690.956
58704.822
58718.688
58732.553
58746.417
58760.28
58774.142
58788.003
58801.864
58815.724
58829.583
58843.441
58857.298
58871.154
58885.01
58898.865
58912.719
58926.572
58940.424
58954.275
58968.126
58981.976
58995.825
59009.673
59023.52
59037.367
59051.212
59065.057
59078.901
59092.745
59106.587
59120.429
59134.269
59148.109
59161.948
59175.787
59189.624
59203.461
59217.297
59231.132
59244.966
59258.799
59272.632
59286.464
59300.295
59314.125
59327.954
59341.783
59355.61
59369.437
59383.263
59397.089
59410.913
59424.737
59438.56
59452.382
59466.203
59480.023
59493.843
59507.662
59521.48
59535.297
59549.114
59562.929
59576.744
59590.558
59604.371
59618.184
59631.995
59645.806
59659.616
59673.425
59687.234
59701.041
59714.848
59728.654
59742.459
59756.264
59770.067
59783.87
59797.672
59811.473
59825.274
59839.074
59852.872
59866.67
59880.468
59894.264
59908.06
59921.855
59935.649
59949.442
59963.235
59977.027
59990.818
60004.608
60018.397
60032.186
60045.974
60059.761
60073.547
60087.332
60101.117
60114.901
60128.684
60142.466
60156.248
60170.029
60183.809
60197.588
60211.366
60225.144
60238.921
60252.697
60266.472
60280.247
60294.021
60307.794
60321.566
60335.337
60349.108
60362.878
60376.647
60390.415
60404.183
60417.95
60431.716
60445.481
60459.245
60473.009
60486.772
60500.534
60514.296
60528.056
60541.816
60555.575
60569.333
60583.091
60596.848
60610.604
60624.359
60638.114
60651.867
60665.62
60679.373
60693.124
60706.875
60720.625
60734.374
60748.122
60761.87
60775.617
60789.363
60803.108
60816.853
60830.597
60844.34
60858.082
60871.824
60885.564
60899.304
60913.044
60926.782
60940.52
60954.257
60967.993
60981.729
60995.464
61009.198
61022.931
61036.664
61050.395
61064.126
61077.857
61091.586
61105.315
61119.043
61132.77
61146.497
61160.223
61173.948
61187.672
61201.396
61215.118
61228.84
61242.562
61256.282
61270.002
61283.721
61297.44
61311.157
61324.874
61338.59
61352.306
61366.02
61379.734
61393.447
61407.16
61420.871
61434.582
61448.292
61462.002
61475.711
61489.419
61503.126
61516.832
61530.538
61544.243
61557.948
61571.651
61585.354
61599.056
61612.758
61626.458
61640.158
61653.857
61667.556
61681.254
61694.951
61708.647
61722.342
61736.037
61749.731
61763.425
61777.117
61790.809
61804.5
61818.191
61831.881
61845.57
61859.258
61872.946
61886.632
61900.318
61914.004
61927.689
61941.373
61955.056
61968.738
61982.42
61996.101
62009.781
62023.461
62037.14
62050.818
62064.496
62078.172
62091.848
62105.524
62119.198
62132.872
62146.545
62160.218
62173.89
62187.561
62201.231
62214.901
62228.57
62242.238
62255.905
62269.572
62283.238
62296.903
62310.568
62324.232
62337.895
62351.558
62365.219
62378.88
62392.541
62406.201
62419.859
62433.518
62447.175
62460.832
62474.488
62488.144
62501.798
62515.452
62529.106
62542.758
62556.41
62570.062
62583.712
62597.362
62611.011
62624.659
62638.307
62651.954
62665.6
62679.246
62692.891
62706.535
62720.179
62733.822
62747.464
62761.105
62774.746
62788.386
62802.025
62815.664
62829.302
62842.939
62856.576
62870.212
62883.847
62897.481
62911.115
62924.748
62938.38
62952.012
62965.643
62979.274
62992.903
63006.532
63020.16
63033.788
63047.415
63061.041
63074.667
63088.292
63101.916
63115.539
63129.162
63142.784
63156.405
63170.026
63183.646
63197.266
63210.884
63224.502
63238.12
63251.736
63265.352
63278.967
63292.582
63306.196
63319.809
63333.422
63347.034
63360.645
63374.255
63387.865
63401.474
63415.083
63428.691
63442.298
63455.904
63469.51
63483.115
63496.719
63510.323
63523.926
63537.529
63551.13
63564.731
63578.332
63591.931
63605.531
63619.129
63632.727
63646.324
63659.92
63673.516
63687.111
63700.705
63714.299
63727.892
63741.484
63755.076
63768.667
63782.257
63795.847
63809.436
63823.024
63836.612
63850.199
63863.785
63877.371
63890.956
63904.54
63918.124
63931.707
63945.289
63958.871
63972.452
63986.032
63999.612
64013.191
64026.77
64040.347
64053.924
64067.501
64081.077
64094.652
64108.226
64121.8
64135.373
64148.946
64162.517
64176.089
64189.659
64203.229
64216.798
64230.367
64243.935
64257.502
64271.069
64284.634
64298.2
64311.764
64325.328
64338.892
64352.454
64366.016
64379.578
64393.139
64406.699
64420.258
64433.817
64447.375
64460.932
64474.489
64488.045
64501.601
64515.156
64528.71
64542.264
64555.817
64569.369
64582.921
64596.472
64610.022
64623.572
64637.121
64650.669
64664.217
64677.764
64691.311
64704.857
64718.402
64731.947
64745.491
64759.034
64772.577
64786.119
64799.66
64813.201
64826.741
64840.28
64853.819
64867.357
64880.895
64894.432
64907.968
64921.504
64935.039
64948.573
64962.107
64975.64
64989.173
65002.705
65016.236
65029.766
65043.296
65056.826
65070.354
65083.883
65097.41
65110.937
65124.463
65137.988
65151.513
65165.038
65178.561
65192.084
65205.607
65219.129
65232.65
65246.17
65259.69
65273.209
65286.728
65300.246
65313.763
65327.28
65340.796
65354.312
65367.827
65381.341
65394.855
65408.368
65421.88
65435.392
65448.903
65462.413
65475.923
65489.433
65502.941
65516.449
65529.957
65543.464
65556.97
65570.475
65583.98
65597.485
65610.988
65624.491
65637.994
65651.496
65664.997
65678.498
65691.998
65705.497
65718.996
65732.494
65745.991
65759.488
65772.985
65786.48
65799.975
65813.47
65826.964
65840.457
65853.95
65867.442
65880.933
65894.424
65907.914
65921.404
65934.893
65948.381
65961.869
65975.356
65988.843
66002.328
66015.814
66029.299
66042.783
66056.266
66069.749
66083.231
66096.713
66110.194
66123.675
66137.154
66150.634
66164.112
66177.59
66191.068
66204.545
66218.021
66231.497
66244.972
66258.446
66271.92
66285.393
66298.866
66312.338
66325.809
66339.28
66352.75
66366.22
66379.689
66393.157
66406.625
66420.092
66433.559
66447.025
66460.49
66473.955
66487.42
66500.883
66514.346
66527.809
66541.271
66554.732
66568.193
66581.653
66595.112
66608.571
66622.029
66635.487
66648.944
66662.401
66675.857
66689.312
66702.767
66716.221
66729.674
66743.127
66756.58
66770.032
66783.483
66796.933
66810.383
66823.833
66837.282
66850.73
66864.178
66877.625
66891.071
66904.517
66917.962
66931.407
66944.851
66958.295
66971.738
66985.18
66998.622
67012.063
67025.504
67038.944
67052.383
67065.822
67079.261
67092.698
67106.136
67119.572
67133.008
67146.443
67159.878
67173.313
67186.746
67200.179
67213.612
67227.044
67240.475
67253.906
67267.336
67280.766
67294.195
67307.623
67321.051
67334.478
67347.905
67361.331
67374.757
67388.182
67401.606
67415.03
67428.453
67441.876
67455.298
67468.72
67482.141
67495.561
67508.981
67522.4
67535.819
67549.237
67562.654
67576.071
67589.488
67602.904
67616.319
67629.733
67643.148
67656.561
67669.974
67683.386
67696.798
67710.21
67723.62
67737.03
67750.44
67763.849
67777.257
67790.665
67804.073
67817.479
67830.885
67844.291
67857.696
67871.101
67884.504
67897.908
67911.311
67924.713
67938.114
67951.516
67964.916
67978.316
67991.715
68005.114
