115700.0
115717.2
115734.39
115751.59
115768.79
115785.98
115803.18
115820.37
115837.56
115854.76
115871.95
115889.14
115906.32
115923.51
115940.7
115957.88
115975.07
115992.25
116009.43
116026.61
116043.8
116060.97
116078.15
116095.33
116112.51
116129.68
116146.86
116164.03
116181.2
116198.38
116215.55
116232.72
116249.88
116267.05
116284.22
116301.39
116318.55
116335.71
116352.88
116370.04
116387.2
116404.36
116421.52
116438.68
116455.83
116472.99
116490.14
116507.3
116524.45
116541.6
116558.75
116575.9
116593.05
116610.2
116627.35
116644.5
116661.64
116678.79
116695.93
116713.07
116730.21
116747.35
116764.49
116781.63
116798.77
116815.9
116833.04
116850.18
116867.31
116884.44
116901.57
116918.7
116935.83
116952.96
116970.09
116987.22
117004.34
117021.47
117038.59
117055.72
117072.84
117089.96
117107.08
117124.2
117141.32
117158.43
117175.55
117192.67
117209.78
117226.89
117244.01
117261.12
117278.23
117295.34
117312.45
117329.56
117346.66
117363.77
117380.87
117397.98
117415.08
117432.18
117449.28
117466.38
117483.48
117500.58
117517.68
117534.78
117551.87
117568.97
117586.06
117603.15
117620.24
117637.33
117654.42
117671.51
117688.6
117705.69
117722.77
117739.86
117756.94
117774.03
117791.11
117808.19
117825.27
117842.35
117859.43
117876.51
117893.58
117910.66
117927.73
117944.81
117961.88
117978.95
117996.02
118013.09
118030.16
118047.23
118064.3
118081.36
118098.43
118115.49
118132.56
118149.62
118166.68
118183.74
118200.8
118217.86
118234.92
118251.97
118269.03
118286.09
118303.14
118320.19
118337.25
118354.3
118371.35
118388.4
118405.45
118422.49
118439.54
118456.59
118473.63
118490.67
118507.72
118524.76
118541.8
118558.84
118575.88
118592.92
118609.96
118626.99
118644.03
118661.06
118678.1
118695.13
118712.16
118729.19
118746.22
118763.25
118780.28
118797.31
118814.34
118831.36
118848.39
118865.41
118882.43
118899.46
118916.48
118933.5
118950.52
118967.53
118984.55
119001.57
119018.58
119035.6
119052.61
119069.62
119086.64
119103.65
119120.66
119137.67
119154.68
119171.68
119188.69
119205.69
119222.7
119239.7
119256.71
119273.71
119290.71
119307.71
119324.71
119341.71
119358.7
119375.7
119392.7
119409.69
119426.69
119443.68
119460.67
119477.66
119494.65
119511.64
119528.63
119545.62
119562.6
119579.59
119596.57
119613.56
119630.54
119647.52
119664.5
119681.48
119698.46
119715.44
119732.42
119749.4
119766.37
119783.35
119800.32
119817.3
119834.27
119851.24
119868.21
119885.18
119902.15
119919.12
119936.08
119953.05
119970.01
119986.98
120003.94
120020.9
120037.87
120054.83
120071.79
120088.75
120105.7
120122.66
120139.62
120156.57
120173.53
120190.48
120207.43
120224.39
120241.34
120258.29
120275.24
120292.18
120309.13
120326.08
120343.02
120359.97
120376.91
120393.86
120410.8
120427.74
120444.68
120461.62
120478.56
120495.5
120512.43
120529.37
120546.3
120563.24
120580.17
120597.1
120614.04
120630.97
120647.9
120664.83
120681.75
120698.68
120715.61
120732.53
120749.46
120766.38
120783.31
120800.23
120817.15
120834.07
120850.99
120867.91
120884.83
120901.74
120918.66
120935.57
120952.49
120969.4
120986.31
121003.23
121020.14
121037.05
121053.96
121070.86
121087.77
121104.68
121121.58
121138.49
121155.39
121172.29
121189.2
121206.1
121223.0
121239.9
121256.8
121273.7
121290.59
121307.49
121324.38
121341.28
121358.17
121375.06
121391.96
121408.85
121425.74
121442.63
121459.52
121476.4
121493.29
121510.18
121527.06
121543.95
121560.83
121577.71
121594.59
121611.47
121628.35
121645.23
121662.11
121678.99
121695.86
121712.74
121729.62
121746.49
121763.36
121780.23
121797.11
121813.98
121830.85
121847.72
121864.58
121881.45
121898.32
121915.18
121932.05
121948.91
121965.77
121982.64
121999.5
122016.36
122033.22
122050.08
122066.93
122083.79
122100.65
122117.5
122134.36
122151.21
122168.06
122184.92
122201.77
122218.62
122235.47
122252.32
122269.16
122286.01
122302.86
122319.7
122336.55
122353.39
122370.23
122387.07
122403.92
122420.76
122437.6
122454.43
122471.27
122488.11
122504.95
122521.78
122538.62
122555.45
122572.28
122589.11
122605.94
122622.78
122639.6
122656.43
122673.26
122690.09
122706.91
122723.74
122740.56
122757.39
122774.21
122791.03
122807.85
122824.67
122841.49
122858.31
122875.13
122891.95
122908.76
122925.58
122942.39
122959.21
122976.02
122992.83
123009.64
123026.45
123043.26
123060.07
123076.88
123093.69
123110.49
123127.3
123144.1
123160.91
123177.71
123194.51
123211.32
123228.12
123244.92
123261.72
123278.51
123295.31
123312.11
123328.9
123345.7
123362.49
123379.29
123396.08
123412.87
123429.66
123446.45
123463.24
123480.03
123496.82
123513.6
123530.39
123547.17
123563.96
123580.74
123597.52
123614.31
123631.09
123647.87
123664.65
123681.43
123698.2
123714.98
123731.76
123748.53
123765.31
123782.08
123798.85
123815.63
123832.4
123849.17
123865.94
123882.71
123899.48
123916.24
123933.01
123949.78
123966.54
123983.3
124000.07
124016.83
124033.59
124050.35
124067.11
124083.87
124100.63
124117.39
124134.15
124150.9
124167.66
124184.41
124201.17
124217.92
124234.67
124251.42
124268.17
124284.92
124301.67
124318.42
124335.17
124351.91
124368.66
124385.4
124402.15
124418.89
124435.63
124452.38
124469.12
124485.86
124502.6
124519.34
124536.07
124552.81
124569.55
124586.28
124603.02
124619.75
124636.48
124653.22
124669.95
124686.68
124703.41
124720.14
124736.87
124753.59
124770.32
124787.05
124803.77
124820.5
124837.22
124853.94
124870.67
124887.39
124904.11
124920.83
124937.55
124954.26
124970.98
124987.7
125004.41
125021.13
125037.84
125054.56
125071.27
125087.98
125104.69
125121.4
125138.11
125154.82
125171.53
125188.24
125204.94
125221.65
125238.35
125255.06
125271.76
125288.46
125305.17
125321.87
125338.57
125355.27
125371.96
125388.66
125405.36
125422.06
125438.75
125455.45
125472.14
125488.83
125505.53
125522.22
125538.91
125555.6
125572.29
125588.98
125605.66
125622.35
125639.04
125655.72
125672.41
125689.09
125705.78
125722.46
125739.14
125755.82
125772.5
125789.18
125805.86
125822.54
125839.21
125855.89
125872.57
125889.24
125905.91
125922.59
125939.26
125955.93
125972.6
125989.27
126005.94
126022.61
126039.28
126055.95
126072.61
126089.28
126105.94
126122.61
126139.27
126155.93
126172.59
126189.26
126205.92
126222.58
126239.23
126255.89
126272.55
126289.21
126305.86
126322.52
126339.17
126355.82
126372.48
126389.13
126405.78
126422.43
126439.08
126455.73
126472.38
126489.02
126505.67
126522.32
126538.96
126555.61
126572.25
126588.89
126605.53
126622.18
126638.82
126655.46
126672.1
126688.73
126705.37
126722.01
126738.64
126755.28
126771.91
126788.55
126805.18
126821.81
126838.44
126855.08
126871.71
126888.34
126904.96
126921.59
126938.22
126954.85
126971.47
126988.1
127004.72
127021.34
127037.97
127054.59
127071.21
127087.83
127104.45
127121.07
127137.69
127154.3
127170.92
127187.54
127204.15
127220.77
127237.38
127253.99
127270.6
127287.22
127303.83
127320.44
127337.05
127353.65
127370.26
127386.87
127403.48
127420.08
127436.69
127453.29
127469.89
127486.5
127503.1
127519.7
127536.3
127552.9
127569.5
127586.1
127602.69
127619.29
127635.89
127652.48
127669.08
127685.67
127702.26
127718.85
127735.45
127752.04
127768.63
127785.22
127801.81
127818.39
127834.98
127851.57
127868.15
127884.74
127901.32
127917.91
127934.49
127951.07
127967.65
127984.23
128000.81
128017.39
128033.97
128050.55
128067.12
128083.7
128100.28
128116.85
128133.42
128150.0
128166.57
128183.14
128199.71
128216.28
128232.85
128249.42
128265.99
128282.56
128299.13
128315.69
128332.26
128348.82
128365.39
128381.95
128398.51
128415.07
128431.63
128448.19
128464.75
128481.31
128497.87
128514.43
128530.98
128547.54
128564.1
128580.65
128597.2
128613.76
128630.31
128646.86
128663.41
128679.96
128696.51
128713.06
128729.61
128746.16
128762.7
128779.25
128795.79
128812.34
128828.88
128845.43
128861.97
128878.51
128895.05
128911.59
128928.13
128944.67
128961.21
128977.74
128994.28
129010.82
129027.35
129043.89
129060.42
129076.95
129093.49
129110.02
129126.55
129143.08
129159.61
129176.14
129192.67
129209.19
129225.72
129242.25
129258.77
129275.3
129291.82
129308.34
129324.86
129341.39
129357.91
129374.43
129390.95
129407.47
129423.99
129440.5
129457.02
129473.54
129490.05
129506.57
129523.08
129539.59
129556.11
129572.62
129589.13
129605.64
129622.15
129638.66
129655.17
129671.67
129688.18
129704.69
129721.19
129737.7
129754.2
129770.71
129787.21
129803.71
129820.21
129836.71
129853.21
129869.71
129886.21
129902.71
129919.21
129935.7
129952.2
129968.69
129985.19
130001.68
130018.17
130034.67
130051.16
130067.65
130084.14
130100.63
130117.12
130133.61
130150.09
130166.58
130183.07
130199.55
130216.04
130232.52
130249.0
130265.49
130281.97
130298.45
130314.93
130331.41
130347.89
130364.37
130380.85
130397.32
130413.8
130430.28
130446.75
130463.22
130479.7
130496.17
130512.64
130529.12
130545.59
130562.06
130578.53
130595.0
130611.46
130627.93
130644.4
130660.86
130677.33
130693.79
130710.26
130726.72
130743.18
130759.65
130776.11
130792.57
130809.03
130825.49
130841.95
130858.4
130874.86
130891.32
130907.77
130924.23
130940.68
130957.14
130973.59
130990.04
131006.49
131022.95
131039.4
131055.85
131072.3
131088.74
131105.19
131121.64
131138.08
131154.53
131170.98
131187.42
131203.86
131220.31
131236.75
131253.19
131269.63
131286.07
131302.51
131318.95
131335.39
131351.83
131368.26
131384.7
131401.13
131417.57
131434.0
131450.44
131466.87
131483.3
131499.73
131516.16
131532.6
131549.02
131565.45
131581.88
131598.31
131614.74
131631.16
131647.59
131664.01
131680.44
131696.86
131713.28
131729.71
131746.13
131762.55
131778.97
131795.39
131811.81
131828.22
131844.64
131861.06
131877.47
131893.89
131910.3
131926.72
131943.13
131959.55
131975.96
131992.37
132008.78
132025.19
132041.6
132058.01
132074.42
132090.82
132107.23
132123.64
132140.04
132156.45
132172.85
132189.25
132205.66
132222.06
132238.46
132254.86
132271.26
132287.66
132304.06
132320.46
132336.86
132353.25
132369.65
132386.05
132402.44
132418.83
132435.23
132451.62
132468.01
132484.41
132500.8
132517.19
132533.58
132549.97
132566.35
132582.74
132599.13
132615.51
132631.9
132648.29
132664.67
132681.05
132697.44
132713.82
132730.2
132746.58
132762.96
132779.34
132795.72
132812.1
132828.48
132844.86
132861.23
132877.61
132893.98
132910.36
132926.73
132943.11
132959.48
132975.85
132992.22
133008.59
133024.96
133041.33
133057.7
133074.07
133090.44
133106.8
133123.17
133139.54
133155.9
133172.26
133188.63
133204.99
133221.35
133237.71
133254.08
133270.44
133286.8
133303.16
133319.51
133335.87
133352.23
133368.59
133384.94
133401.3
133417.65
133434.0
133450.36
133466.71
133483.06
133499.41
133515.76
133532.11
133548.46
133564.81
133581.16
133597.51
133613.86
133630.2
133646.55
133662.89
133679.24
133695.58
133711.92
133728.27
133744.61
133760.95
133777.29
133793.63
133809.97
133826.31
133842.64
133858.98
133875.32
133891.65
133907.99
133924.32
133940.66
133956.99
133973.33
133989.66
134005.99
134022.32
134038.65
134054.98
134071.31
134087.64
134103.96
134120.29
134136.62
134152.94
134169.27
134185.59
134201.92
134218.24
134234.56
134250.89
134267.21
134283.53
134299.85
134316.17
134332.49
134348.81
134365.12
134381.44
134397.76
134414.07
134430.39
134446.7
134463.02
134479.33
134495.64
134511.95
134528.26
134544.58
134560.89
134577.19
134593.5
134609.81
134626.12
134642.43
134658.73
134675.04
134691.34
134707.65
134723.95
134740.25
134756.56
134772.86
134789.16
134805.46
134821.76
134838.06
134854.36
134870.66
134886.96
134903.25
134919.55
134935.84
134952.14
134968.43
134984.73
135001.02
135017.31
135033.61
135049.9
135066.19
135082.48
135098.77
135115.06
135131.34
135147.63
135163.92
135180.21
135196.49
135212.78
135229.06
135245.35
135261.63
135277.91
135294.19
135310.47
135326.76
135343.04
135359.32
135375.59
135391.87
135408.15
135424.43
135440.7
135456.98
135473.26
135489.53
135505.8
135522.08
135538.35
135554.62
135570.89
135587.17
135603.44
135619.71
135635.97
135652.24
135668.51
135684.78
135701.04
135717.31
135733.58
135749.84
135766.11
135782.37
135798.63
135814.89
135831.16
135847.42
135863.68
135879.94
135896.2
135912.46
135928.71
135944.97
135961.23
135977.49
135993.74
136010.0
136026.25
136042.5
136058.76
136075.01
136091.26
136107.51
136123.76
136140.01
136156.26
136172.51
136188.76
136205.01
136221.26
136237.5
136253.75
136269.99
136286.24
136302.48
136318.73
136334.97
136351.21
136367.45
136383.7
136399.94
136416.18
136432.42
136448.65
136464.89
136481.13
136497.37
136513.6
136529.84
136546.07
136562.31
136578.54
136594.78
136611.01
136627.24
136643.47
136659.7
136675.93
136692.16
136708.39
136724.62
136740.85
136757.08
136773.3
136789.53
136805.76
136821.98
136838.2
136854.43
136870.65
136886.87
136903.1
136919.32
136935.54
136951.76
136967.98
136984.2
137000.42
