99700.003
99716.633
99733.263
99749.891
99766.519
99783.145
99799.771
99816.395
99833.019
99849.641
99866.263
99882.883
99899.503
99916.121
99932.739
99949.355
99965.971
99982.585
99999.199
100015.81
100032.42
100049.03
100065.64
100082.25
100098.86
100115.47
100132.07
100148.68
100165.28
100181.88
100198.48
100215.08
100231.68
100248.28
100264.88
100281.48
100298.07
100314.67
100331.26
100347.85
100364.44
100381.03
100397.62
100414.21
100430.8
100447.39
100463.97
100480.56
100497.14
100513.72
100530.31
100546.89
100563.47
100580.05
100596.62
100613.2
100629.78
100646.35
100662.93
100679.5
100696.07
100712.64
100729.21
100745.78
100762.35
100778.92
100795.48
100812.05
100828.61
100845.17
100861.74
100878.3
100894.86
100911.42
100927.98
100944.53
100961.09
100977.65
100994.2
101010.75
101027.31
101043.86
101060.41
101076.96
101093.51
101110.05
101126.6
101143.15
101159.69
101176.24
101192.78
101209.32
101225.86
101242.4
101258.94
101275.48
101292.02
101308.55
101325.09
101341.62
101358.16
101374.69
101391.22
101407.75
101424.28
101440.81
101457.34
101473.86
101490.39
101506.91
101523.44
101539.96
101556.48
101573.0
101589.52
101606.04
101622.56
101639.08
101655.59
101672.11
101688.62
101705.14
101721.65
101738.16
101754.67
101771.18
101787.69
101804.2
101820.7
101837.21
101853.71
101870.22
101886.72
101903.22
101919.72
101936.22
101952.72
101969.22
101985.72
102002.21
102018.71
102035.2
102051.7
102068.19
102084.68
102101.17
102117.66
102134.15
102150.64
102167.13
102183.61
102200.1
102216.58
102233.06
102249.55
102266.03
102282.51
102298.99
102315.47
102331.94
102348.42
102364.9
102381.37
102397.85
102414.32
102430.79
102447.26
102463.73
102480.2
102496.67
102513.14
102529.6
102546.07
102562.54
102579.0
102595.46
102611.92
102628.38
102644.84
102661.3
102677.76
102694.22
102710.68
102727.13
102743.59
102760.04
102776.49
102792.94
102809.4
102825.85
102842.29
102858.74
102875.19
102891.64
102908.08
102924.53
102940.97
102957.41
102973.85
102990.29
103006.73
103023.17
103039.61
103056.05
103072.49
103088.92
103105.36
103121.79
103138.22
103154.65
103171.08
103187.51
103203.94
103220.37
103236.8
103253.22
103269.65
103286.07
103302.5
103318.92
103335.34
103351.76
103368.18
103384.6
103401.02
103417.44
103433.85
103450.27
103466.68
103483.1
103499.51
103515.92
103532.33
103548.74
103565.15
103581.56
103597.97
103614.38
103630.78
103647.19
103663.59
103679.99
103696.39
103712.8
103729.2
103745.6
103761.99
103778.39
103794.79
103811.18
103827.58
103843.97
103860.37
103876.76
103893.15
103909.54
103925.93
103942.32
103958.71
103975.09
103991.48
104007.86
104024.25
104040.63
104057.01
104073.4
104089.78
104106.16
104122.54
104138.91
104155.29
104171.67
104188.04
104204.42
104220.79
104237.16
104253.54
104269.91
104286.28
104302.65
104319.02
104335.38
104351.75
104368.12
104384.48
104400.84
104417.21
104433.57
104449.93
104466.29
104482.65
104499.01
104515.37
104531.72
104548.08
104564.44
104580.79
104597.14
104613.5
104629.85
104646.2
104662.55
104678.9
104695.25
104711.6
104727.94
104744.29
104760.63
104776.98
104793.32
104809.66
104826.0
104842.34
104858.68
104875.02
104891.36
104907.7
104924.03
104940.37
104956.7
104973.04
104989.37
105005.7
105022.03
105038.36
105054.69
105071.02
105087.35
105103.68
105120.0
105136.33
105152.65
105168.97
105185.3
105201.62
105217.94
105234.26
105250.58
105266.9
105283.21
105299.53
105315.85
105332.16
105348.48
105364.79
105381.1
105397.41
105413.72
105430.03
105446.34
105462.65
105478.96
105495.26
105511.57
105527.87
105544.18
105560.48
105576.78
105593.08
105609.38
105625.68
105641.98
105658.28
105674.58
105690.87
105707.17
105723.46
105739.76
105756.05
105772.34
105788.63
105804.92
105821.21
105837.5
105853.79
105870.08
105886.36
105902.65
105918.93
105935.21
105951.5
105967.78
105984.06
106000.34
106016.62
106032.9
106049.18
106065.45
106081.73
106098.0
106114.28
106130.55
106146.83
106163.1
106179.37
106195.64
106211.91
106228.18
106244.44
106260.71
106276.98
106293.24
106309.51
106325.77
106342.03
106358.3
106374.56
106390.82
106407.08
106423.34
106439.59
106455.85
106472.11
106488.36
106504.62
106520.87
106537.12
106553.37
106569.63
106585.88
106602.13
106618.37
106634.62
106650.87
106667.12
106683.36
106699.61
106715.85
106732.09
106748.34
106764.58
106780.82
106797.06
106813.3
106829.53
106845.77
106862.01
106878.24
106894.48
106910.71
106926.95
106943.18
106959.41
106975.64
106991.87
107008.1
107024.33
107040.56
107056.78
107073.01
107089.23
107105.46
107121.68
107137.9
107154.13
107170.35
107186.57
107202.79
107219.0
107235.22
107251.44
107267.66
107283.87
107300.09
107316.3
107332.51
107348.72
107364.94
107381.15
107397.36
107413.57
107429.77
107445.98
107462.19
107478.39
107494.6
107510.8
107527.01
107543.21
107559.41
107575.61
107591.81
107608.01
107624.21
107640.41
107656.6
107672.8
107689.0
107705.19
107721.38
107737.58
107753.77
107769.96
107786.15
107802.34
107818.53
107834.72
107850.91
107867.09
107883.28
107899.46
107915.65
107931.83
107948.01
107964.2
107980.38
107996.56
108012.74
108028.91
108045.09
108061.27
108077.45
108093.62
108109.8
108125.97
108142.14
108158.32
108174.49
108190.66
108206.83
108223.0
108239.17
108255.33
108271.5
108287.67
108303.83
108320.0
108336.16
108352.32
108368.49
108384.65
108400.81
108416.97
108433.13
108449.28
108465.44
108481.6
108497.76
108513.91
108530.06
108546.22
108562.37
108578.52
108594.67
108610.83
108626.97
108643.12
108659.27
108675.42
108691.57
108707.71
108723.86
108740.0
108756.14
108772.29
108788.43
108804.57
108820.71
108836.85
108852.99
108869.13
108885.27
108901.4
108917.54
108933.67
108949.81
108965.94
108982.07
108998.2
109014.34
109030.47
109046.6
109062.72
109078.85
109094.98
109111.11
109127.23
109143.36
109159.48
109175.61
109191.73
109207.85
109223.97
109240.09
109256.21
109272.33
109288.45
109304.57
109320.68
109336.8
109352.91
109369.03
109385.14
109401.25
109417.37
109433.48
109449.59
109465.7
109481.81
109497.92
109514.02
109530.13
109546.24
109562.34
109578.45
109594.55
109610.65
109626.75
109642.86
109658.96
109675.06
109691.16
109707.25
109723.35
109739.45
109755.55
109771.64
109787.74
109803.83
109819.92
109836.01
109852.11
109868.2
109884.29
109900.38
109916.47
109932.55
109948.64
109964.73
109980.81
109996.9
110012.98
110029.07
110045.15
110061.23
110077.31
110093.39
110109.47
110125.55
110141.63
110157.71
110173.78
110189.86
110205.93
110222.01
110238.08
110254.15
110270.23
110286.3
110302.37
110318.44
110334.51
110350.58
110366.64
110382.71
110398.78
110414.84
110430.91
110446.97
110463.04
110479.1
110495.16
110511.22
110527.28
110543.34
110559.4
110575.46
110591.52
110607.57
110623.63
110639.68
110655.74
110671.79
110687.85
110703.9
110719.95
110736.0
110752.05
110768.1
110784.15
110800.2
110816.24
110832.29
110848.34
110864.38
110880.42
110896.47
110912.51
110928.55
110944.59
110960.63
110976.67
110992.71
111008.75
111024.79
111040.83
111056.86
111072.9
111088.93
111104.97
111121.0
111137.03
111153.06
111169.1
111185.13
111201.16
111217.18
111233.21
111249.24
111265.27
111281.29
111297.32
111313.34
111329.37
111345.39
111361.41
111377.43
111393.46
111409.48
111425.5
111441.51
111457.53
111473.55
111489.57
111505.58
111521.6
111537.61
111553.63
111569.64
111585.65
111601.66
111617.67
111633.68
111649.69
111665.7
111681.71
111697.72
111713.72
111729.73
111745.74
111761.74
111777.74
111793.75
111809.75
111825.75
111841.75
111857.75
111873.75
111889.75
111905.75
111921.75
111937.74
111953.74
111969.73
111985.73
112001.72
112017.72
112033.71
112049.7
112065.69
112081.68
112097.67
112113.66
112129.65
112145.63
112161.62
112177.61
112193.59
112209.58
112225.56
112241.54
112257.53
112273.51
112289.49
112305.47
112321.45
112337.43
112353.41
112369.38
112385.36
112401.34
112417.31
112433.29
112449.26
112465.24
112481.21
112497.18
112513.15
112529.12
112545.09
112561.06
112577.03
112593.0
112608.96
112624.93
112640.9
112656.86
112672.83
112688.79
112704.75
112720.71
112736.68
112752.64
112768.6
112784.56
112800.51
112816.47
112832.43
112848.39
112864.34
112880.3
112896.25
112912.21
112928.16
112944.11
112960.06
112976.01
112991.96
113007.91
113023.86
113039.81
113055.76
113071.71
113087.65
113103.6
113119.54
113135.49
113151.43
113167.37
113183.32
113199.26
113215.2
113231.14
113247.08
113263.02
113278.95
113294.89
113310.83
113326.76
113342.7
113358.63
113374.57
113390.5
113406.43
113422.36
113438.3
113454.23
113470.16
113486.08
113502.01
113517.94
113533.87
113549.79
113565.72
113581.64
113597.57
113613.49
113629.42
113645.34
113661.26
113677.18
113693.1
113709.02
113724.94
113740.86
113756.77
113772.69
113788.61
113804.52
113820.44
113836.35
113852.27
113868.18
113884.09
113900.0
113915.91
113931.82
113947.73
113963.64
113979.55
113995.46
114011.36
114027.27
114043.17
114059.08
114074.98
114090.89
114106.79
114122.69
114138.59
114154.49
114170.39
114186.29
114202.19
114218.09
114233.99
114249.88
114265.78
114281.67
114297.57
114313.46
114329.36
114345.25
114361.14
114377.03
114392.92
114408.81
114424.7
114440.59
114456.48
114472.36
114488.25
114504.14
114520.02
114535.91
114551.79
114567.67
114583.56
114599.44
114615.32
114631.2
114647.08
114662.96
114678.84
114694.72
114710.59
114726.47
114742.35
114758.22
114774.1
114789.97
114805.84
114821.72
114837.59
114853.46
114869.33
114885.2
114901.07
114916.94
114932.81
114948.67
114964.54
114980.41
114996.27
115012.14
115028.0
115043.86
115059.73
115075.59
115091.45
115107.31
115123.17
115139.03
115154.89
115170.75
115186.61
115202.46
115218.32
115234.17
115250.03
115265.88
115281.74
115297.59
115313.44
115329.29
115345.15
115361.0
115376.85
115392.69
115408.54
115424.39
115440.24
115456.08
115471.93
115487.78
115503.62
115519.46
115535.31
115551.15
115566.99
115582.83
115598.67
115614.51
115630.35
115646.19
115662.03
115677.87
115693.7
115709.54
115725.38
115741.21
115757.04
115772.88
115788.71
115804.54
115820.38
115836.21
115852.04
115867.87
115883.7
115899.52
115915.35
115931.18
115947.0
115962.83
115978.66
115994.48
116010.3
116026.13
116041.95
116057.77
116073.59
116089.41
116105.23
116121.05
116136.87
116152.69
116168.51
116184.33
116200.14
116215.96
116231.77
116247.59
116263.4
116279.21
116295.03
116310.84
116326.65
116342.46
116358.27
116374.08
116389.89
116405.69
116421.5
116437.31
116453.11
116468.92
116484.72
116500.53
116516.33
116532.14
116547.94
116563.74
116579.54
116595.34
116611.14
116626.94
116642.74
116658.54
116674.33
116690.13
116705.93
116721.72
116737.52
116753.31
116769.1
116784.9
116800.69
116816.48
116832.27
116848.06
116863.85
116879.64
116895.43
116911.22
116927.0
116942.79
116958.58
116974.36
116990.15
117005.93
117021.71
117037.5
117053.28
117069.06
117084.84
117100.62
117116.4
117132.18
117147.96
117163.74
117179.51
117195.29
117211.07
117226.84
117242.62
117258.39
117274.16
117289.94
117305.71
117321.48
117337.25
117353.02
117368.79
117384.56
117400.33
117416.1
117431.86
117447.63
117463.4
117479.16
117494.93
117510.69
117526.45
117542.22
117557.98
117573.74
117589.5
117605.26
117621.02
117636.78
117652.54
117668.3
117684.06
117699.81
117715.57
117731.32
117747.08
117762.83
117778.59
117794.34
117810.09
117825.84
117841.6
117857.35
117873.1
117888.85
117904.59
117920.34
117936.09
117951.84
117967.58
117983.33
117999.07
118014.82
118030.56
118046.31
118062.05
118077.79
118093.53
118109.27
118125.01
118140.75
118156.49
118172.23
118187.97
118203.71
118219.44
118235.18
118250.91
118266.65
118282.38
118298.12
118313.85
118329.58
118345.31
118361.04
118376.77
118392.5
118408.23
118423.96
118439.69
118455.42
118471.15
118486.87
118502.6
118518.32
118534.05
118549.77
118565.49
118581.22
118596.94
118612.66
118628.38
118644.1
118659.82
118675.54
118691.26
118706.98
118722.69
118738.41
118754.13
118769.84
118785.56
118801.27
118816.99
118832.7
118848.41
118864.12
118879.84
118895.55
118911.26
118926.97
118942.67
118958.38
118974.09
118989.8
119005.5
119021.21
119036.92
119052.62
119068.32
119084.03
119099.73
119115.43
119131.14
119146.84
119162.54
119178.24
119193.94
119209.64
119225.33
119241.03
119256.73
119272.42
119288.12
119303.82
119319.51
119335.2
119350.9
119366.59
119382.28
119397.98
119413.67
119429.36
119445.05
119460.74
119476.43
119492.11
119507.8
119523.49
119539.17
119554.86
119570.55
119586.23
119601.91
119617.6
119633.28
119648.96
119664.65
119680.33
119696.01
119711.69
