75300.002
75312.783
75325.563
75338.342
75351.121
75363.899
75376.676
75389.452
75402.227
75415.001
75427.775
75440.548
75453.32
75466.092
75478.862
75491.632
75504.401
75517.169
75529.936
75542.703
75555.468
75568.233
75580.998
75593.761
75606.524
75619.285
75632.046
75644.807
75657.566
75670.325
75683.082
75695.839
75708.596
75721.351
75734.106
75746.86
75759.613
75772.365
75785.117
75797.867
75810.617
75823.367
75836.115
75848.863
75861.609
75874.355
75887.101
75899.845
75912.589
75925.332
75938.074
75950.815
75963.556
75976.296
75989.035
76001.773
76014.51
76027.247
76039.983
76052.718
76065.452
76078.186
76090.919
76103.651
76116.382
76129.112
76141.842
76154.571
76167.299
76180.026
76192.753
76205.479
76218.204
76230.928
76243.651
76256.374
76269.096
76281.817
76294.538
76307.257
76319.976
76332.694
76345.412
76358.128
76370.844
76383.559
76396.273
76408.987
76421.699
76434.411
76447.123
76459.833
76472.543
76485.252
76497.96
76510.667
76523.374
76536.08
76548.785
76561.489
76574.192
76586.895
76599.597
76612.299
76624.999
76637.699
76650.398
76663.096
76675.794
76688.49
76701.186
76713.881
76726.576
76739.27
76751.962
76764.655
76777.346
76790.037
76802.727
76815.416
76828.104
76840.792
76853.479
76866.165
76878.85
76891.535
76904.219
76916.902
76929.584
76942.266
76954.947
76967.627
76980.306
76992.985
77005.663
77018.34
77031.016
77043.692
77056.367
77069.041
77081.715
77094.387
77107.059
77119.73
77132.401
77145.07
77157.739
77170.407
77183.075
77195.742
77208.408
77221.073
77233.737
77246.401
77259.064
77271.726
77284.388
77297.049
77309.709
77322.368
77335.026
77347.684
77360.341
77372.998
77385.653
77398.308
77410.962
77423.616
77436.268
77448.92
77461.571
77474.222
77486.872
77499.521
77512.169
77524.816
77537.463
77550.109
77562.754
77575.399
77588.043
77600.686
77613.328
77625.97
77638.611
77651.251
77663.891
77676.529
77689.167
77701.805
77714.441
77727.077
77739.712
77752.347
77764.98
77777.613
77790.245
77802.877
77815.508
77828.138
77840.767
77853.395
77866.023
77878.65
77891.277
77903.903
77916.528
77929.152
77941.775
77954.398
77967.02
77979.642
77992.262
78004.882
78017.501
78030.12
78042.738
78055.355
78067.971
78080.586
78093.201
78105.816
78118.429
78131.042
78143.654
78156.265
78168.876
78181.486
78194.095
78206.703
78219.311
78231.918
78244.524
78257.13
78269.735
78282.339
78294.942
78307.545
78320.147
78332.748
78345.349
78357.949
78370.548
78383.147
78395.745
78408.342
78420.938
78433.534
78446.129
78458.723
78471.316
78483.909
78496.501
78509.093
78521.683
78534.273
78546.863
78559.451
78572.039
78584.626
78597.213
78609.799
78622.384
78634.968
78647.552
78660.135
78672.717
78685.299
78697.88
78710.46
78723.039
78735.618
78748.196
78760.773
78773.35
78785.926
78798.501
78811.076
78823.65
78836.223
78848.796
78861.367
78873.939
78886.509
78899.079
78911.648
78924.216
78936.784
78949.351
78961.917
78974.482
78987.047
78999.611
79012.175
79024.738
79037.3
79049.861
79062.422
79074.982
79087.541
79100.1
79112.658
79125.215
79137.772
79150.328
79162.883
79175.437
79187.991
79200.544
79213.097
79225.648
79238.2
79250.75
79263.3
79275.849
79288.397
79300.945
79313.492
79326.038
79338.584
79351.128
79363.673
79376.216
79388.759
79401.301
79413.843
79426.384
79438.924
79451.463
79464.002
79476.54
79489.078
79501.614
79514.15
79526.686
79539.22
79551.754
79564.288
79576.821
79589.353
79601.884
79614.415
79626.944
79639.474
79652.002
79664.53
79677.058
79689.584
79702.11
79714.635
79727.16
79739.684
79752.207
79764.73
79777.252
79789.773
79802.293
79814.813
79827.332
79839.851
79852.369
79864.886
79877.403
79889.918
79902.434
79914.948
79927.462
79939.975
79952.488
79964.999
79977.511
79990.021
80002.531
80015.04
80027.549
80040.057
80052.564
80065.07
80077.576
80090.081
80102.586
80115.09
80127.593
80140.095
80152.597
80165.098
80177.599
80190.099
80202.598
80215.097
80227.595
80240.092
80252.588
80265.084
80277.58
80290.074
80302.568
80315.061
80327.554
80340.046
80352.537
80365.028
80377.518
80390.007
80402.496
80414.984
80427.471
80439.958
80452.444
80464.93
80477.414
80489.898
80502.382
80514.865
80527.347
80539.828
80552.309
80564.789
80577.269
80589.748
80602.226
80614.704
80627.18
80639.657
80652.132
80664.607
80677.082
80689.555
80702.028
80714.501
80726.972
80739.444
80751.914
80764.384
80776.853
80789.321
80801.789
80814.256
80826.723
80839.189
80851.654
80864.119
80876.583
80889.046
80901.509
80913.971
80926.432
80938.893
80951.353
80963.812
80976.271
80988.729
81001.187
81013.644
81026.1
81038.556
81051.011
81063.465
81075.919
81088.372
81100.824
81113.276
81125.727
81138.178
81150.627
81163.077
81175.525
81187.973
81200.42
81212.867
81225.313
81237.759
81250.203
81262.647
81275.091
81287.534
81299.976
81312.418
81324.859
81337.299
81349.739
81362.178
81374.616
81387.054
81399.491
81411.927
81424.363
81436.799
81449.233
81461.667
81474.101
81486.533
81498.965
81511.397
81523.828
81536.258
81548.687
81561.116
81573.545
81585.972
81598.4
81610.826
81623.252
81635.677
81648.102
81660.525
81672.949
81685.371
81697.794
81710.215
81722.636
81735.056
81747.475
81759.894
81772.313
81784.73
81797.147
81809.564
81821.98
81834.395
81846.809
81859.223
81871.637
81884.049
81896.462
81908.873
81921.284
81933.694
81946.104
81958.513
81970.921
81983.329
81995.736
82008.142
82020.548
82032.954
82045.358
82057.762
82070.166
82082.568
82094.971
82107.372
82119.773
82132.174
82144.573
82156.972
82169.371
82181.769
82194.166
82206.563
82218.959
82231.354
82243.749
82256.143
82268.537
82280.93
82293.322
82305.714
82318.105
82330.495
82342.885
82355.275
82367.663
82380.051
82392.439
82404.826
82417.212
82429.598
82441.983
82454.367
82466.751
82479.134
82491.517
82503.899
82516.28
82528.661
82541.041
82553.421
82565.799
82578.178
82590.556
82602.933
82615.309
82627.685
82640.061
82652.435
82664.809
82677.183
82689.556
82701.928
82714.3
82726.671
82739.041
82751.411
82763.781
82776.149
82788.517
82800.885
82813.252
82825.618
82837.984
82850.349
82862.713
82875.077
82887.44
82899.803
82912.165
82924.527
82936.888
82949.248
82961.608
82973.967
82986.325
82998.683
83011.041
83023.397
83035.753
83048.109
83060.464
83072.818
83085.172
83097.525
83109.878
83122.23
83134.581
83146.932
83159.282
83171.631
83183.98
83196.329
83208.677
83221.024
83233.37
83245.716
83258.062
83270.407
83282.751
83295.095
83307.438
83319.78
83332.122
83344.463
83356.804
83369.144
83381.484
83393.823
83406.161
83418.499
83430.836
83443.173
83455.509
83467.844
83480.179
83492.513
83504.847
83517.18
83529.512
83541.844
83554.176
83566.506
83578.837
83591.166
83603.495
83615.824
83628.151
83640.479
83652.805
83665.131
83677.457
83689.782
83702.106
83714.43
83726.753
83739.076
83751.398
83763.719
83776.04
83788.36
83800.68
83812.999
83825.317
83837.635
83849.953
83862.269
83874.586
83886.901
83899.216
83911.531
83923.845
83936.158
83948.471
83960.783
83973.094
83985.405
83997.716
84010.026
84022.335
84034.644
84046.952
84059.259
84071.566
84083.873
84096.179
84108.484
84120.788
84133.093
84145.396
84157.699
84170.001
84182.303
84194.605
84206.905
84219.205
84231.505
84243.804
84256.102
84268.4
84280.697
84292.994
84305.29
84317.586
84329.881
84342.175
84354.469
84366.762
84379.055
84391.347
84403.638
84415.929
84428.22
84440.51
84452.799
84465.088
84477.376
84489.663
84501.951
84514.237
84526.523
84538.808
84551.093
84563.377
84575.661
84587.944
84600.226
84612.508
84624.79
84637.071
84649.351
84661.63
84673.91
84686.188
84698.466
84710.744
84723.02
84735.297
84747.573
84759.848
84772.122
84784.396
84796.67
84808.943
84821.215
84833.487
84845.758
84858.029
84870.299
84882.569
84894.838
84907.106
84919.374
84931.642
84943.909
84956.175
84968.441
84980.706
84992.97
85005.234
85017.498
85029.761
85042.023
85054.285
85066.546
85078.807
85091.067
85103.327
85115.586
85127.844
85140.102
85152.359
85164.616
85176.872
85189.128
85201.383
85213.638
85225.892
85238.146
85250.398
85262.651
85274.903
85287.154
85299.405
85311.655
85323.905
85336.154
85348.402
85360.65
85372.898
85385.145
85397.391
85409.637
85421.882
85434.127
85446.371
85458.615
85470.858
85483.1
85495.342
85507.584
85519.825
85532.065
85544.305
85556.544
85568.783
85581.021
85593.258
85605.495
85617.732
85629.968
85642.203
85654.438
85666.673
85678.906
85691.14
85703.372
85715.605
85727.836
85740.067
85752.298
85764.528
85776.757
85788.986
85801.215
85813.442
85825.67
85837.897
85850.123
85862.348
85874.574
85886.798
85899.022
85911.246
85923.469
85935.691
85947.913
85960.134
85972.355
85984.576
85996.795
86009.015
86021.233
86033.451
86045.669
86057.886
86070.103
86082.319
86094.534
86106.749
86118.963
86131.177
86143.391
86155.603
86167.816
86180.027
86192.239
86204.449
86216.659
86228.869
86241.078
86253.286
86265.494
86277.702
86289.909
86302.115
86314.321
86326.526
86338.731
86350.935
86363.139
86375.342
86387.545
86399.747
86411.949
86424.15
86436.35
86448.55
86460.75
86472.949
86485.147
86497.345
86509.543
86521.74
86533.936
86546.132
86558.327
86570.522
86582.716
86594.91
86607.103
86619.295
86631.488
86643.679
86655.87
86668.061
86680.251
86692.44
86704.629
86716.818
86729.005
86741.193
86753.38
86765.566
86777.752
86789.937
86802.122
86814.306
86826.49
86838.673
86850.856
86863.038
86875.22
86887.401
86899.581
86911.761
86923.941
86936.12
86948.298
86960.476
86972.654
86984.831
86997.007
87009.183
87021.359
87033.534
87045.708
87057.882
87070.055
87082.228
87094.4
87106.572
87118.743
87130.914
87143.084
87155.254
87167.423
87179.592
87191.76
87203.927
87216.094
87228.261
87240.427
87252.593
87264.758
87276.922
87289.086
87301.25
87313.413
87325.575
87337.737
87349.899
87362.06
87374.22
87386.38
87398.539
87410.698
87422.857
87435.015
87447.172
87459.329
87471.485
87483.641
87495.796
87507.951
87520.105
87532.259
87544.412
87556.565
87568.717
87580.869
87593.02
87605.171
87617.321
87629.471
87641.62
87653.769
87665.917
87678.065
87690.212
87702.358
87714.505
87726.65
87738.795
87750.94
87763.084
87775.228
87787.371
87799.513
87811.655
87823.797
87835.938
87848.079
87860.219
87872.358
87884.497
87896.636
87908.774
87920.912
87933.049
87945.185
87957.321
87969.457
87981.592
87993.726
88005.86
88017.994
88030.127
88042.259
88054.391
88066.523
88078.654
88090.785
88102.915
88115.044
88127.173
88139.302
88151.43
88163.557
88175.684
88187.811
88199.937
88212.062
88224.187
88236.312
88248.436
88260.559
88272.682
88284.805
88296.927
88309.048
88321.169
88333.29
88345.41
88357.529
88369.649
88381.767
88393.885
88406.003
88418.12
88430.236
88442.352
88454.468
88466.583
88478.698
88490.812
88502.925
88515.038
88527.151
88539.263
88551.375
88563.486
88575.597
88587.707
88599.816
88611.926
88624.034
88636.142
88648.25
88660.357
88672.464
88684.57
88696.676
88708.781
88720.886
88732.99
88745.094
88757.197
88769.3
88781.402
88793.504
88805.605
88817.706
88829.806
88841.906
88854.006
88866.104
88878.203
88890.301
88902.398
88914.495
88926.591
88938.687
88950.783
88962.878
88974.972
88987.066
88999.16
89011.253
89023.345
89035.437
89047.529
89059.62
89071.71
89083.801
89095.89
89107.979
89120.068
89132.156
89144.244
89156.331
89168.418
89180.504
89192.59
89204.675
89216.76
89228.844
89240.928
89253.011
89265.094
89277.176
89289.258
89301.34
89313.42
89325.501
89337.581
89349.66
89361.739
89373.818
89385.896
89397.973
89410.05
89422.127
89434.203
89446.279
89458.354
89470.429
89482.503
89494.577
89506.65
89518.723
89530.795
89542.867
89554.938
89567.009
89579.079
89591.149
89603.218
89615.287
89627.356
89639.424
89651.491
89663.558
89675.625
89687.691
89699.757
89711.822
89723.886
89735.951
89748.014
89760.078
89772.14
89784.203
89796.264
89808.326
89820.387
89832.447
89844.507
89856.566
89868.625
89880.684
89892.742
89904.799
89916.856
89928.913
89940.969
89953.025
89965.08
89977.135
89989.189
90001.243
