65700.002
65716.648
65733.293
65749.936
65766.577
65783.217
65799.855
65816.492
65833.127
65849.76
65866.391
65883.021
65899.649
65916.276
65932.901
65949.524
65966.146
65982.766
65999.384
66016.001
66032.616
66049.23
66065.841
66082.452
66099.06
66115.667
66132.272
66148.876
66165.478
66182.079
66198.678
66215.275
66231.87
66248.464
66265.057
66281.647
66298.236
66314.824
66331.41
66347.994
66364.577
66381.158
66397.737
66414.315
66430.892
66447.466
66464.039
66480.611
66497.181
66513.749
66530.315
66546.881
66563.444
66580.006
66596.566
66613.125
66629.682
66646.237
66662.791
66679.344
66695.895
66712.444
66728.991
66745.537
66762.082
66778.625
66795.166
66811.706
66828.244
66844.78
66861.315
66877.849
66894.381
66910.911
66927.44
66943.967
66960.492
66977.016
66993.539
67010.06
67026.579
67043.097
67059.613
67076.128
67092.641
67109.152
67125.662
67142.171
67158.678
67175.183
67191.687
67208.189
67224.69
67241.189
67257.687
67274.183
67290.677
67307.17
67323.662
67340.152
67356.64
67373.127
67389.612
67406.096
67422.578
67439.059
67455.538
67472.016
67488.492
67504.967
67521.44
67537.912
67554.382
67570.85
67587.317
67603.783
67620.247
67636.709
67653.17
67669.63
67686.088
67702.544
67718.999
67735.452
67751.904
67768.355
67784.803
67801.251
67817.697
67834.141
67850.584
67867.025
67883.465
67899.904
67916.34
67932.776
67949.21
67965.642
67982.073
67998.503
68014.93
68031.357
68047.782
68064.205
68080.627
68097.048
68113.467
68129.884
68146.3
68162.715
68179.128
68195.54
68211.95
68228.358
68244.766
68261.171
68277.576
68293.978
68310.38
68326.78
68343.178
68359.575
68375.97
68392.364
68408.757
68425.148
68441.537
68457.926
68474.312
68490.697
68507.081
68523.464
68539.844
68556.224
68572.602
68588.978
68605.353
68621.727
68638.099
68654.47
68670.839
68687.207
68703.573
68719.938
68736.302
68752.664
68769.024
68785.383
68801.741
68818.097
68834.452
68850.806
68867.158
68883.508
68899.857
68916.205
68932.551
68948.896
68965.24
68981.582
68997.922
69014.261
69030.599
69046.935
69063.27
69079.604
69095.936
69112.266
69128.596
69144.923
69161.25
69177.575
69193.898
69210.22
69226.541
69242.861
69259.178
69275.495
69291.81
69308.124
69324.436
69340.747
69357.056
69373.365
69389.671
69405.977
69422.28
69438.583
69454.884
69471.184
69487.482
69503.779
69520.075
69536.369
69552.661
69568.953
69585.243
69601.531
69617.819
69634.104
69650.389
69666.672
69682.954
69699.234
69715.513
69731.79
69748.067
69764.341
69780.615
69796.887
69813.157
69829.427
69845.695
69861.961
69878.226
69894.49
69910.753
69927.014
69943.273
69959.532
69975.789
69992.044
70008.299
70024.551
70040.803
70057.053
70073.302
70089.549
70105.796
70122.04
70138.284
70154.526
70170.766
70187.006
70203.244
70219.48
70235.716
70251.95
70268.182
70284.414
70300.643
70316.872
70333.099
70349.325
70365.55
70381.773
70397.995
70414.215
70430.434
70446.652
70462.869
70479.084
70495.298
70511.51
70527.722
70543.931
70560.14
70576.347
70592.553
70608.758
70624.961
70641.163
70657.363
70673.563
70689.76
70705.957
70722.152
70738.346
70754.539
70770.73
70786.92
70803.109
70819.296
70835.483
70851.667
70867.851
70884.033
70900.214
70916.393
70932.571
70948.748
70964.924
70981.098
70997.271
71013.443
71029.613
71045.782
71061.95
71078.117
71094.282
71110.446
71126.608
71142.77
71158.93
71175.088
71191.246
71207.402
71223.557
71239.71
71255.863
71272.013
71288.163
71304.312
71320.459
71336.604
71352.749
71368.892
71385.034
71401.175
71417.314
71433.452
71449.589
71465.725
71481.859
71497.992
71514.124
71530.254
71546.383
71562.511
71578.638
71594.763
71610.887
71627.01
71643.132
71659.252
71675.371
71691.489
71707.605
71723.721
71739.835
71755.947
71772.059
71788.169
71804.278
71820.385
71836.492
71852.597
71868.701
71884.804
71900.905
71917.005
71933.104
71949.202
71965.298
71981.393
71997.487
72013.579
72029.671
72045.761
72061.85
72077.937
72094.024
72110.109
72126.193
72142.276
72158.357
72174.437
72190.516
72206.594
72222.67
72238.745
72254.819
72270.892
72286.964
72303.034
72319.103
72335.171
72351.237
72367.303
72383.367
72399.43
72415.491
72431.552
72447.611
72463.669
72479.726
72495.781
72511.836
72527.889
72543.941
72559.991
72576.041
72592.089
72608.136
72624.182
72640.226
72656.27
72672.312
72688.353
72704.392
72720.431
72736.468
72752.504
72768.539
72784.573
72800.605
72816.637
72832.667
72848.695
72864.723
72880.749
72896.775
72912.799
72928.821
72944.843
72960.863
72976.883
72992.901
73008.917
73024.933
73040.948
73056.961
73072.973
73088.984
73104.993
73121.002
73137.009
73153.015
73169.02
73185.024
73201.026
73217.027
73233.027
73249.026
73265.024
73281.021
73297.016
73313.01
73329.003
73344.995
73360.986
73376.975
73392.964
73408.951
73424.937
73440.921
73456.905
73472.887
73488.869
73504.849
73520.828
73536.805
73552.782
73568.757
73584.731
73600.704
73616.676
73632.647
73648.617
73664.585
73680.552
73696.518
73712.483
73728.447
73744.409
73760.371
73776.331
73792.29
73808.248
73824.205
73840.16
73856.115
73872.068
73888.02
73903.971
73919.921
73935.87
73951.817
73967.763
73983.709
73999.653
74015.596
74031.537
74047.478
74063.417
74079.356
74095.293
74111.229
74127.164
74143.098
74159.03
74174.962
74190.892
74206.821
74222.749
74238.676
74254.602
74270.526
74286.45
74302.372
74318.293
74334.213
74350.132
74366.05
74381.967
74397.882
74413.797
74429.71
74445.622
74461.533
74477.443
74493.352
74509.26
74525.166
74541.071
74556.976
74572.879
74588.781
74604.682
74620.581
74636.48
74652.378
74668.274
74684.169
74700.064
74715.957
74731.849
74747.739
74763.629
74779.518
74795.405
74811.291
74827.177
74843.061
74858.944
74874.826
74890.707
74906.586
74922.465
74938.342
74954.219
74970.094
74985.968
75001.841
75017.713
75033.584
75049.454
75065.322
75081.19
75097.056
75112.922
75128.786
75144.649
75160.511
75176.372
75192.232
75208.091
75223.948
75239.805
75255.661
75271.515
75287.368
75303.22
75319.072
75334.922
75350.77
75366.618
75382.465
75398.311
75414.155
75429.999
75445.841
75461.683
75477.523
75493.362
75509.2
75525.037
75540.873
75556.708
75572.541
75588.374
75604.206
75620.036
75635.866
75651.694
75667.521
75683.348
75699.173
75714.997
75730.82
75746.642
75762.462
75778.282
75794.101
75809.919
75825.735
75841.551
75857.365
75873.178
75888.991
75904.802
75920.612
75936.421
75952.229
75968.036
75983.842
75999.647
76015.451
76031.253
76047.055
76062.856
76078.655
76094.454
76110.251
76126.047
76141.843
76157.637
76173.43
76189.222
76205.013
76220.803
76236.592
76252.38
76268.167
76283.953
76299.738
76315.521
76331.304
76347.086
76362.866
76378.646
76394.424
76410.202
76425.978
76441.754
76457.528
76473.301
76489.073
76504.845
76520.615
76536.384
76552.152
76567.919
76583.685
76599.45
76615.214
76630.977
76646.739
76662.499
76678.259
76694.018
76709.776
76725.532
76741.288
76757.043
76772.796
76788.549
76804.3
76820.051
76835.8
76851.549
76867.296
76883.042
76898.788
76914.532
76930.275
76946.018
76961.759
76977.499
76993.238
77008.977
77024.714
77040.45
77056.185
77071.919
77087.652
77103.384
77119.115
77134.846
77150.575
77166.303
77182.03
77197.756
77213.481
77229.204
77244.927
77260.649
77276.37
77292.09
77307.809
77323.527
77339.244
77354.96
77370.675
77386.388
77402.101
77417.813
77433.524
77449.234
77464.943
77480.651
77496.357
77512.063
77527.768
77543.472
77559.175
77574.877
77590.577
77606.277
77621.976
77637.674
77653.371
77669.067
77684.761
77700.455
77716.148
77731.84
77747.531
77763.221
77778.91
77794.598
77810.284
77825.97
77841.655
77857.339
77873.022
77888.704
77904.385
77920.065
77935.744
77951.422
77967.099
77982.775
77998.45
78014.124
