# Wavelength table for the nicmos g096 grism
# lambda_0 = 0.964300   lambda/pix = 0.00535100   -31 < pix < 44
      7984.19
      8037.70
      8091.21
      8144.72
      8198.23
      8251.74
      8305.25
      8358.76
      8412.27
      8465.78
      8519.29
      8572.80
      8626.31
      8679.82
      8733.33
      8786.84
      8840.35
      8893.86
      8947.37
      9000.88
      9054.39
      9107.90
      9161.41
      9214.92
      9268.43
      9321.94
      9375.45
      9428.96
      9482.47
      9535.98
      9589.49
      9643.00
      9696.51
      9750.02
      9803.53
      9857.04
      9910.55
      9964.06
      10017.6
      10071.1
      10124.6
      10178.1
      10231.6
      10285.1
      10338.6
      10392.1
      10445.6
      10499.2
      10552.7
      10606.2
      10659.7
      10713.2
      10766.7
      10820.2
      10873.7
      10927.2
      10980.7
      11034.3
      11087.8
      11141.3
      11194.8
      11248.3
      11301.8
      11355.3
      11408.8
      11462.3
      11515.8
      11569.4
      11622.9
      11676.4
      11729.9
      11783.4
      11836.9
      11890.4
      11943.9
      11997.4
