          7000.
       7002.217
       7004.439
       7006.655
       7008.878
       7011.099
       7013.324
       7015.542
       7017.769
       7019.992
       7022.216
        7024.44
        7026.67
       7028.896
       7031.123
        7033.35
       7035.583
       7037.808
       7040.045
       7042.271
       7044.502
       7046.738
       7048.971
       7051.204
       7053.441
       7055.676
       7057.912
       7060.147
       7062.388
       7064.622
       7066.864
       7069.103
       7071.346
       7073.583
       7075.827
       7078.069
       7080.312
       7082.559
       7084.798
       7087.047
       7089.292
       7091.538
       7093.785
       7096.036
       7098.284
       7100.533
       7102.786
       7105.037
       7107.284
       7109.539
       7111.792
       7114.048
       7116.298
       7118.561
       7120.812
       7123.068
       7125.329
       7127.586
       7129.844
       7132.107
       7134.366
       7136.626
       7138.888
       7141.153
       7143.412
       7145.683
       7147.942
       7150.207
       7152.472
       7154.742
       7157.009
       7159.276
       7161.548
       7163.817
       7166.083
       7168.357
       7170.628
         7172.9
       7175.176
        7177.45
       7179.723
       7181.998
       7184.277
       7186.549
       7188.834
       7191.107
        7193.39
       7195.665
       7197.948
       7200.229
        7202.51
       7204.796
       7207.078
       7209.361
       7211.649
        7213.93
        7216.22
       7218.506
       7220.797
       7223.081
       7225.373
       7227.662
       7229.952
       7232.246
       7234.537
       7236.829
       7239.122
       7241.416
       7243.713
       7246.004
       7248.308
       7250.601
       7252.897
       7255.199
       7257.494
       7259.797
       7262.097
       7264.402
       7266.699
       7269.009
       7271.308
       7273.612
        7275.92
       7278.226
       7280.531
       7282.838
       7285.149
       7287.457
       7289.762
       7292.079
       7294.385
         7296.7
       7299.012
       7301.329
       7303.638
       7305.956
        7308.27
       7310.585
       7312.906
       7315.222
        7317.54
       7319.862
       7322.177
       7324.501
       7326.817
       7329.146
       7331.465
       7333.787
       7336.115
       7338.439
       7340.764
       7343.089
        7345.42
       7347.743
       7350.075
       7352.403
       7354.733
       7357.067
       7359.397
       7361.729
       7364.065
       7366.395
       7368.732
       7371.063
       7373.406
       7375.738
       7378.079
       7380.416
       7382.754
       7385.093
       7387.437
       7389.777
       7392.119
       7394.465
       7396.807
       7399.146
       7401.499
        7403.84
       7406.189
       7408.536
       7410.883
        7413.23
       7415.579
       7417.933
       7420.283
       7422.634
       7424.985
       7427.342
        7429.69
       7432.048
       7434.403
       7436.758
       7439.119
       7441.475
       7443.829
       7446.195
        7448.55
       7450.914
       7453.271
        7455.64
       7457.998
        7460.36
       7462.728
       7465.092
       7467.458
       7469.827
       7472.194
       7474.561
       7476.929
       7479.302
       7481.667
       7484.046
       7486.413
       7488.789
       7491.161
       7493.535
       7495.909
       7498.283
       7500.663
        7503.04
       7505.417
       7507.798
       7510.173
       7512.552
       7514.937
       7517.317
       7519.699
       7522.081
       7524.468
       7526.848
       7529.241
       7531.622
       7534.012
       7536.399
       7538.791
       7541.175
       7543.568
       7545.958
       7548.349
        7550.74
       7553.137
       7555.525
       7557.923
       7560.317
       7562.717
       7565.109
       7567.514
       7569.907
       7572.305
       7574.708
       7577.108
       7579.509
       7581.914
       7584.316
       7586.719
       7589.123
       7591.531
       7593.932
       7596.346
       7598.749
       7601.156
       7603.564
       7605.973
       7608.387
       7610.793
       7613.212
        7615.62
       7618.037
       7620.451
       7622.865
        7625.28
         7627.7
       7630.116
       7632.534
       7634.952
       7637.375
        7639.79
       7642.215
       7644.636
       7647.062
       7649.485
       7651.908
       7654.333
       7656.757
       7659.188
       7661.614
       7664.041
       7666.474
       7668.898
       7671.332
       7673.762
       7676.198
       7678.625
       7681.062
       7683.496
        7685.93
       7688.365
         7690.8
       7693.241
       7695.674
       7698.121
       7700.556
       7702.995
        7705.44
       7707.881
       7710.323
        7712.77
       7715.209
       7717.658
       7720.098
       7722.553
       7724.995
       7727.451
       7729.895
       7732.348
       7734.793
       7737.248
       7739.699
       7742.151
       7744.608
       7747.062
       7749.512
       7751.976
       7754.427
       7756.888
       7759.346
       7761.808
       7764.263
       7766.727
       7769.188
       7771.649
       7774.111
       7776.579
       7779.042
       7781.507
       7783.972
       7786.438
       7788.905
       7791.376
       7793.845
        7796.31
       7798.789
       7801.255
       7803.731
       7806.203
        7808.68
        7811.15
       7813.633
       7816.104
       7818.581
       7821.062
        7823.54
       7826.018
       7828.502
       7830.978
       7833.463
        7835.94
       7838.432
       7840.911
       7843.399
       7845.884
       7848.374
       7850.856
       7853.348
       7855.835
       7858.324
       7860.818
       7863.309
       7865.795
       7868.296
       7870.785
       7873.278
       7875.772
       7878.268
       7880.768
       7883.265
       7885.767
        7888.26
       7890.764
       7893.264
       7895.769
       7898.266
       7900.772
       7903.275
       7905.779
       7908.288
       7910.794
       7913.295
       7915.812
       7918.315
       7920.828
       7923.333
       7925.852
       7928.358
       7930.875
       7933.387
         7935.9
       7938.415
       7940.934
        7943.45
       7945.966
       7948.484
       7951.006
       7953.521
       7956.045
       7958.565
       7961.091
       7963.613
       7966.136
        7968.66
        7971.18
       7973.714
       7976.236
       7978.772
       7981.295
       7983.824
       7986.354
       7988.888
       7991.419
       7993.951
       7996.483
       7999.021
       8001.551
       8004.094
       8006.626
       8009.167
         8011.7
       8014.247
       8016.781
       8019.321
       8021.866
       8024.408
        8026.95
       8029.498
       8032.037
       8034.586
       8037.131
       8039.682
       8042.225
       8044.781
       8047.326
       8049.879
        8052.43
       8054.981
       8057.533
       8060.085
       8062.644
       8065.193
       8067.749
       8070.309
       8072.866
       8075.423
       8077.986
       8080.545
       8083.105
       8085.666
       8088.232
        8090.79
       8093.358
       8095.922
       8098.491
       8101.057
       8103.624
        8106.19
       8108.763
       8111.332
       8113.902
       8116.468
       8119.048
       8121.616
       8124.198
       8126.768
       8129.347
       8131.917
       8134.503
       8137.075
       8139.653
       8142.236
       8144.816
       8147.396
       8149.982
        8152.56
       8155.143
       8157.726
       8160.315
         8162.9
       8165.486
       8168.078
       8170.666
       8173.254
       8175.843
       8178.438
       8181.025
       8183.625
       8186.214
       8188.807
       8191.406
       8194.001
       8196.597
       8199.193
       8201.791
       8204.395
       8206.993
       8209.599
       8212.194
       8214.801
       8217.403
       8220.011
       8222.611
       8225.221
       8227.826
       8230.433
       8233.045
       8235.653
       8238.258
       8240.877
       8243.483
         8246.1
       8248.712
       8251.325
       8253.939
       8256.559
       8259.175
       8261.786
       8264.413
       8267.026
        8269.65
       8272.266
       8274.891
       8277.513
       8280.135
       8282.763
       8285.387
       8288.012
       8290.642
       8293.264
       8295.896
        8298.52
       8301.158
       8303.783
       8306.423
        8309.05
       8311.683
       8314.315
       8316.954
       8319.589
       8322.225
       8324.861
       8327.504
       8330.137
       8332.785
       8335.421
       8338.066
       8340.703
       8343.354
       8345.993
       8348.638
       8351.287
       8353.928
       8356.579
       8359.227
       8361.875
       8364.529
       8367.179
        8369.83
       8372.486
       8375.139
       8377.792
       8380.446
       8383.105
       8385.757
       8388.418
       8391.075
       8393.738
       8396.394
       8399.058
       8401.719
       8404.381
       8407.048
       8409.711
       8412.371
       8415.045
       8417.711
       8420.378
       8423.041
       8425.719
       8428.384
       8431.063
       8433.729
       8436.401
       8439.074
       8441.752
       8444.427
       8447.098
       8449.773
       8452.455
       8455.133
       8457.812
       8460.496
       8463.177
       8465.857
       8468.544
       8471.228
       8473.911
       8476.601
       8479.281
       8481.972
       8484.659
       8487.348
       8490.036
        8492.73
       8495.421
       8498.112
       8500.805
       8503.503
       8506.196
       8508.896
       8511.587
       8514.288
       8516.981
       8519.688
       8522.384
       8525.083
       8527.789
        8530.49
       8533.193
       8535.901
       8538.601
       8541.311
       8544.017
       8546.724
       8549.431
       8552.145
       8554.854
       8557.564
        8560.28
       8562.987
       8565.705
       8568.414
       8571.138
       8573.849
       8576.564
       8579.286
       8582.005
       8584.724
       8587.448
       8590.164
        8592.89
       8595.617
        8598.34
        8601.06
       8603.794
       8606.515
       8609.246
       8611.969
       8614.702
       8617.432
       8620.161
       8622.897
       8625.629
       8628.361
         8631.1
       8633.835
       8636.569
       8639.306
       8642.048
       8644.785
       8647.524
       8650.264
          8653.
       8655.751
       8658.488
       8661.236
       8663.979
       8666.725
       8669.471
       8672.222
        8674.97
       8677.718
       8680.467
       8683.222
       8685.973
       8688.725
       8691.478
       8694.235
       8696.985
        8699.75
       8702.501
       8705.259
       8708.021
        8710.78
       8713.539
       8716.305
       8719.062
       8721.828
       8724.597
        8727.36
       8730.121
       8732.892
       8735.658
       8738.431
       8741.194
       8743.968
       8746.738
        8749.51
       8752.286
       8755.054
       8757.828
       8760.603
       8763.388
       8766.159
       8768.937
       8771.719
       8774.498
       8777.278
       8780.063
        8782.84
       8785.628
       8788.411
         8791.2
       8793.985
       8796.771
       8799.559
       8802.351
        8805.14
       8807.929
       8810.715
       8813.511
       8816.308
       8819.101
       8821.896
       8824.694
       8827.485
       8830.287
       8833.085
       8835.883
       8838.688
       8841.487
       8844.288
       8847.091
       8849.894
       8852.697
       8855.507
       8858.313
       8861.118
       8863.926
       8866.739
       8869.548
       8872.358
       8875.164
       8877.985
       8880.793
       8883.611
       8886.426
       8889.241
       8892.058
        8894.88
       8897.697
       8900.517
       8903.341
       8906.162
       8908.983
       8911.811
       8914.629
       8917.458
       8920.278
       8923.114
       8925.937
       8928.765
       8931.598
       8934.428
       8937.258
       8940.095
       8942.922
        8945.76
       8948.599
       8951.434
        8954.27
       8957.106
       8959.944
       8962.783
       8965.623
       8968.463
        8971.31
       8974.151
       8976.999
       8979.839
       8982.688
       8985.534
       8988.386
       8991.233
       8994.082
       8996.932
       8999.787
       9002.638
        9005.49
       9008.338
       9011.202
       9014.052
       9016.912
        9019.77
       9022.627
       9025.485
        9028.35
        9031.21
       9034.071
       9036.934
       9039.801
       9042.665
        9045.53
       9048.396
       9051.268
        9054.13
       9057.008
       9059.872
       9062.743
       9065.619
       9068.486
       9071.364
       9074.233
       9077.112
       9079.988
       9082.875
       9085.748
       9088.626
       9091.506
       9094.391
       9097.272
       9100.154
       9103.037
       9105.926
       9108.811
       9111.702
       9114.583
       9117.471
       9120.359
       9123.254
       9126.145
       9129.035
       9131.933
       9134.826
        9137.72
        9140.62
       9143.511
       9146.412
       9149.311
       9152.214
       9155.113
       9158.014
       9160.915
       9163.822
       9166.726
        9169.63
       9172.529
        9175.44
       9178.353
       9181.256
       9184.169
       9187.079
       9189.989
       9192.906
       9195.818
       9198.727
       9201.651
       9204.562
       9207.482
       9210.395
       9213.317
       9216.236
       9219.161
       9222.082
       9225.003
       9227.926
       9230.854
       9233.779
       9236.704
       9239.626
       9242.563
       9245.486
       9248.425
       9251.351
       9254.281
       9257.213
        9260.15
       9263.085
        9266.02
        9268.96
       9271.896
       9274.834
       9277.768
       9280.712
       9283.651
       9286.593
        9289.54
       9292.483
       9295.427
       9298.377
       9301.317
        9304.27
       9307.218
       9310.166
       9313.121
       9316.076
       9319.022
        9321.98
       9324.934
       9327.888
       9330.848
       9333.804
       9336.756
       9339.725
       9342.678
       9345.643
       9348.599
       9351.565
       9354.528
       9357.497
       9360.462
       9363.427
       9366.394
       9369.366
       9372.334
       9375.304
       9378.269
        9381.25
       9384.217
        9387.19
       9390.169
       9393.139
        9396.12
       9399.097
        9402.08
       9405.053
       9408.038
       9411.019
       9414.005
       9416.982
       9419.971
       9422.955
        9425.94
       9428.932
       9431.919
       9434.907
       9437.901
       9440.887
       9443.883
       9446.869
       9449.867
       9452.861
       9455.866
       9458.857
       9461.854
       9464.852
       9467.855
       9470.854
       9473.855
       9476.856
       9479.864
       9482.867
       9485.877
       9488.877
       9491.889
       9494.896
       9497.903
       9500.918
       9503.923
       9506.938
       9509.945
       9512.969
       9515.978
       9518.992
       9522.013
       9525.029
       9528.047
       9531.071
       9534.086
       9537.111
       9540.128
        9543.16
       9546.179
       9549.203
       9552.233
       9555.265
       9558.287
        9561.32
        9564.35
        9567.38
       9570.416
       9573.448
       9576.476
        9579.52
        9582.55
       9585.591
       9588.628
       9591.665
       9594.704
       9597.754
        9600.79
       9603.831
       9606.874
       9609.923
       9612.968
       9616.008
        9619.06
       9622.106
       9625.155
       9628.204
        9631.26
       9634.306
       9637.363
       9640.417
       9643.477
       9646.531
       9649.588
       9652.645
       9655.708
       9658.768
       9661.827
       9664.894
       9667.955
       9671.019
       9674.088
       9677.147
       9680.218
       9683.279
       9686.353
       9689.422
       9692.491
       9695.567
       9698.645
       9701.712
        9704.79
       9707.865
        9710.94
       9714.022
         9717.1
       9720.173
       9723.253
       9726.338
        9729.42
       9732.502
        9735.58
       9738.675
       9741.761
       9744.853
       9747.934
       9751.027
       9754.111
       9757.213
       9760.298
       9763.391
       9766.489
       9769.583
       9772.679
       9775.779
       9778.871
       9781.975
       9785.074
        9788.18
        9791.28
       9794.382
       9797.485
       9800.595
       9803.699
       9806.806
       9809.918
       9813.021
       9816.135
       9819.244
       9822.355
       9825.473
        9828.58
       9831.699
       9834.813
        9837.93
       9841.052
       9844.164
       9847.288
       9850.402
       9853.528
        9856.65
       9859.784
       9862.902
       9866.027
       9869.152
       9872.284
       9875.412
       9878.541
       9881.665
       9884.807
       9887.938
       9891.076
       9894.204
       9897.345
       9900.475
       9903.616
       9906.754
       9909.893
       9913.038
       9916.179
        9919.32
       9922.468
       9925.606
       9928.756
       9931.896
       9935.054
       9938.195
       9941.344
       9944.499
       9947.655
       9950.801
       9953.959
       9957.112
       9960.268
       9963.428
       9966.579
       9969.742
         9972.9
       9976.061
       9979.227
       9982.388
       9985.545
       9988.714
       9991.878
        9995.05
       9998.211
       10001.38
       10004.55
       10007.73
        10010.9
       10014.06
       10017.24
       10020.42
       10023.59
       10026.77
       10029.94
       10033.13
        10036.3
       10039.49
       10042.67
       10045.85
       10049.03
       10052.22
        10055.4
       10058.59
       10061.79
       10064.97
       10068.16
       10071.35
       10074.54
       10077.73
       10080.94
       10084.13
       10087.32
       10090.52
       10093.72
       10096.91
       10100.12
       10103.31
       10106.52
       10109.72
       10112.93
       10116.13
       10119.33
       10122.54
       10125.75
       10128.97
       10132.17
       10135.39
       10138.59
       10141.81
       10145.03
       10148.24
       10151.46
       10154.68
       10157.89
        10161.1
       10164.33
       10167.55
       10170.78
         10174.
       10177.23
       10180.44
       10183.67
       10186.91
       10190.13
       10193.36
       10196.59
       10199.82
       10203.06
       10206.29
       10209.53
       10212.75
         10216.
       10219.24
       10222.47
       10225.71
       10228.96
       10232.19
       10235.44
       10238.69
       10241.93
       10245.18
       10248.42
       10251.67
       10254.91
       10258.17
       10261.42
       10264.68
       10267.93
       10271.18
       10274.43
       10277.69
       10280.96
       10284.21
       10287.46
       10290.74
       10293.99
       10297.26
       10300.51
       10303.78
       10307.04
       10310.31
       10313.58
       10316.85
       10320.11
       10323.38
       10326.66
       10329.93
        10333.2
       10336.48
       10339.76
       10343.03
       10346.32
       10349.59
       10352.87
       10356.16
       10359.43
       10362.71
         10366.
       10369.29
       10372.58
       10375.86
       10379.15
       10382.44
       10385.73
       10389.03
       10392.31
        10395.6
       10398.91
        10402.2
        10405.5
       10408.79
       10412.09
       10415.39
        10418.7
         10422.
       10425.29
        10428.6
       10431.91
       10435.21
       10438.51
       10441.83
       10445.14
       10448.45
       10451.76
       10455.08
       10458.38
        10461.7
       10465.02
       10468.33
       10471.64
       10474.98
       10478.29
       10481.61
       10484.93
       10488.26
       10491.57
       10494.92
       10498.23
       10501.57
       10504.89
       10508.22
       10511.54
       10514.88
       10518.22
       10521.54
       10524.88
       10528.22
       10531.55
       10534.88
       10538.23
       10541.57
       10544.92
       10548.25
        10551.6
       10554.94
       10558.29
       10561.63
       10564.98
       10568.32
       10571.68
       10575.03
       10578.38
       10581.73
       10585.09
       10588.43
       10591.81
       10595.16
       10598.51
       10601.87
       10605.24
       10608.59
       10611.96
       10615.31
       10618.68
       10622.05
       10625.41
       10628.78
       10632.14
       10635.52
       10638.89
       10642.26
       10645.64
       10649.01
       10652.38
       10655.76
       10659.14
       10662.52
        10665.9
       10669.28
       10672.66
       10676.03
       10679.42
       10682.81
       10686.19
       10689.58
       10692.96
       10696.36
       10699.74
       10703.15
       10706.53
       10709.92
       10713.32
       10716.72
       10720.11
       10723.51
        10726.9
        10730.3
       10733.71
       10737.12
       10740.51
       10743.91
       10747.32
       10750.73
       10754.13
       10757.54
       10760.96
       10764.37
       10767.77
       10771.19
        10774.6
       10778.02
       10781.44
       10784.85
       10788.27
       10791.68
       10795.11
       10798.53
       10801.95
       10805.38
       10808.79
       10812.22
       10815.66
       10819.08
        10822.5
       10825.93
       10829.37
       10832.79
       10836.23
       10839.67
        10843.1
       10846.54
       10849.98
       10853.41
       10856.86
        10860.3
       10863.74
       10867.19
       10870.62
       10874.07
       10877.52
       10880.98
       10884.42
       10887.86
       10891.31
       10894.77
       10898.22
       10901.66
       10905.13
       10908.58
       10912.05
        10915.5
       10918.96
       10922.41
       10925.89
       10929.35
       10932.82
       10936.27
       10939.75
        10943.2
       10946.68
       10950.15
       10953.61
       10957.09
       10960.57
       10964.03
        10967.5
       10970.98
       10974.46
       10977.95
       10981.42
        10984.9
       10988.38
       10991.87
       10995.35
       10998.83
       11002.31
       11005.81
       11009.29
       11012.79
       11016.27
       11019.77
       11023.25
       11026.76
       11030.25
       11033.74
       11037.24
       11040.74
       11044.24
       11047.74
       11051.23
       11054.74
       11058.25
       11061.75
       11065.26
       11068.76
       11072.27
       11075.78
       11079.29
       11082.79
       11086.32
       11089.83
       11093.35
       11096.85
       11100.38
       11103.89
       11107.42
       11110.94
       11114.45
       11117.96
        11121.5
       11125.02
       11128.55
       11132.07
       11135.61
       11139.13
       11142.67
        11146.2
       11149.72
       11153.26
        11156.8
       11160.33
       11163.87
        11167.4
       11170.95
       11174.49
       11178.04
       11181.57
       11185.11
       11188.66
       11192.21
       11195.75
       11199.29
       11202.86
        11206.4
       11209.96
        11213.5
       11217.06
       11220.61
       11224.18
       11227.73
       11231.29
       11234.85
       11238.41
       11241.97
       11245.53
       11249.09
       11252.66
       11256.23
        11259.8
       11263.37
       11266.94
        11270.5
       11274.08
       11277.65
       11281.22
        11284.8
       11288.37
       11291.96
       11295.54
       11299.11
        11302.7
       11306.29
       11309.86
       11313.45
       11317.03
       11320.62
        11324.2
       11327.81
       11331.39
       11334.97
       11338.57
       11342.17
       11345.75
       11349.36
       11352.95
       11356.55
       11360.15
       11363.76
       11367.35
       11370.95
       11374.56
       11378.17
       11381.76
       11385.38
       11388.99
       11392.59
       11396.21
       11399.82
       11403.43
       11407.05
       11410.67
       11414.28
       11417.89
       11421.51
       11425.13
       11428.76
       11432.38
         11436.
       11439.62
       11443.25
       11446.88
        11450.5
       11454.12
       11457.77
       11461.39
       11465.02
       11468.66
       11472.29
       11475.93
       11479.57
       11483.21
       11486.84
       11490.49
       11494.13
       11497.77
       11501.41
       11505.06
       11508.71
       11512.36
         11516.
       11519.66
        11523.3
       11526.96
       11530.61
       11534.26
       11537.91
       11541.58
       11545.23
        11548.9
       11552.55
       11556.22
       11559.87
       11563.55
       11567.21
       11570.87
       11574.53
       11578.21
       11581.88
       11585.55
       11589.21
       11592.89
       11596.56
       11600.24
       11603.92
       11607.59
       11611.27
       11614.96
       11618.63
       11622.32
         11626.
       11629.69
       11633.38
       11637.06
       11640.75
       11644.43
       11648.13
       11651.82
       11655.51
       11659.21
       11662.91
       11666.59
        11670.3
       11673.99
       11677.69
       11681.39
       11685.11
        11688.8
       11692.51
       11696.21
       11699.92
       11703.62
       11707.34
       11711.04
       11714.75
       11718.47
       11722.19
        11725.9
       11729.62
       11733.33
       11737.05
       11740.78
       11744.49
       11748.22
       11751.93
       11755.66
       11759.39
       11763.11
       11766.83
       11770.58
        11774.3
       11778.04
       11781.77
        11785.5
       11789.23
       11792.99
       11796.72
       11800.45
       11804.19
       11807.94
       11811.67
       11815.42
       11819.16
       11822.91
       11826.66
       11830.41
       11834.16
       11837.91
       11841.66
       11845.41
       11849.16
       11852.92
       11856.68
       11860.44
        11864.2
       11867.96
       11871.71
       11875.47
       11879.25
       11883.01
       11886.77
       11890.53
       11894.31
       11898.07
       11901.85
       11905.61
       11909.39
       11913.17
       11916.95
       11920.72
       11924.49
       11928.28
       11932.06
       11935.83
       11939.62
        11943.4
       11947.19
       11950.98
       11954.77
       11958.55
       11962.35
       11966.13
       11969.93
       11973.72
       11977.52
       11981.32
       11985.12
       11988.91
       11992.71
       11996.51
       12000.31
       12004.12
       12007.92
       12011.72
       12015.53
       12019.34
       12023.14
       12026.96
       12030.76
       12034.58
        12038.4
       12042.22
       12046.03
       12049.85
       12053.66
       12057.49
        12061.3
       12065.13
       12068.96
       12072.79
       12076.61
       12080.44
       12084.26
        12088.1
       12091.93
       12095.76
       12099.59
       12103.42
       12107.26
        12111.1
       12114.94
       12118.78
       12122.61
       12126.46
       12130.31
       12134.14
         12138.
       12141.85
       12145.69
       12149.54
        12153.4
       12157.24
        12161.1
       12164.95
       12168.81
       12172.66
       12176.52
       12180.38
       12184.25
        12188.1
       12191.96
       12195.83
        12199.7
       12203.57
       12207.43
       12211.29
       12215.16
       12219.04
       12222.92
       12226.78
       12230.66
       12234.53
       12238.42
        12242.3
       12246.17
       12250.04
       12253.94
       12257.82
       12261.71
       12265.59
       12269.48
       12273.37
       12277.27
       12281.15
       12285.04
       12288.94
       12292.83
       12296.72
       12300.61
       12304.52
       12308.42
       12312.33
       12316.22
       12320.13
       12324.03
       12327.94
       12331.85
       12335.75
       12339.65
       12343.58
       12347.48
        12351.4
       12355.31
       12359.23
       12363.14
       12367.08
       12370.99
        12374.9
       12378.83
       12382.76
       12386.67
        12390.6
       12394.52
       12398.46
       12402.39
       12406.33
       12410.25
       12414.17
       12418.11
       12422.06
       12425.98
       12429.93
       12433.86
        12437.8
       12441.75
       12445.69
       12449.64
       12453.57
       12457.53
       12461.48
       12465.42
       12469.38
       12473.33
       12477.28
       12481.24
        12485.2
       12489.15
       12493.11
       12497.08
       12501.03
       12504.98
       12508.95
       12512.92
       12516.88
       12520.85
       12524.81
       12528.79
       12532.76
       12536.74
        12540.7
       12544.68
       12548.65
       12552.63
        12556.6
       12560.59
       12564.58
       12568.56
       12572.54
       12576.53
        12580.5
        12584.5
       12588.49
       12592.47
       12596.47
       12600.45
       12604.45
       12608.45
       12612.44
       12616.44
       12620.43
       12624.44
       12628.44
       12632.44
       12636.45
       12640.44
       12644.45
       12648.47
       12652.48
       12656.48
        12660.5
        12664.5
       12668.52
       12672.53
       12676.55
       12680.57
        12684.6
       12688.61
       12692.64
       12696.65
       12700.68
       12704.71
       12708.73
       12712.75
        12716.8
       12720.82
       12724.86
       12728.88
       12732.92
       12736.95
       12740.99
       12745.03
       12749.06
        12753.1
       12757.14
       12761.19
       12765.23
       12769.28
       12773.33
       12777.37
       12781.43
       12785.48
       12789.53
       12793.58
       12797.64
       12801.69
       12805.74
        12809.8
       12813.87
       12817.94
       12821.99
       12826.06
       12830.12
       12834.19
       12838.26
       12842.32
       12846.38
       12850.47
       12854.54
       12858.62
       12862.68
       12866.77
       12870.84
       12874.93
       12879.01
       12883.08
       12887.17
       12891.24
       12895.33
       12899.41
       12903.51
        12907.6
        12911.7
       12915.78
       12919.88
       12923.97
       12928.07
       12932.17
       12936.26
       12940.37
       12944.47
       12948.57
       12952.68
       12956.77
       12960.88
       12964.98
        12969.1
       12973.21
       12977.32
       12981.44
       12985.56
       12989.66
       12993.79
       12997.91
       13002.02
       13006.15
       13010.27
       13014.39
        13018.5
       13022.64
       13026.77
        13030.9
       13035.02
       13039.16
       13043.28
       13047.42
       13051.56
       13055.69
       13059.82
       13063.97
       13068.11
       13072.25
       13076.39
       13080.54
       13084.68
       13088.83
       13092.99
       13097.13
       13101.28
       13105.44
       13109.59
       13113.75
       13117.89
       13122.06
       13126.22
       13130.37
       13134.54
       13138.69
       13142.86
       13147.04
       13151.19
       13155.37
       13159.54
        13163.7
       13167.88
       13172.06
       13176.23
       13180.41
       13184.58
       13188.76
       13192.93
       13197.12
       13201.31
       13205.48
       13209.67
       13213.85
       13218.04
       13222.22
       13226.43
       13230.62
        13234.8
         13239.
        13243.2
       13247.39
        13251.6
       13255.79
       13259.99
        13264.2
       13268.41
       13272.61
       13276.81
       13281.02
       13285.23
       13289.44
       13293.65
       13297.87
       13302.08
        13306.3
       13310.52
       13314.73
       13318.96
       13323.18
        13327.4
       13331.61
       13335.84
       13340.08
       13344.29
       13348.53
       13352.75
       13356.99
       13361.23
       13365.47
        13369.7
       13373.92
       13378.17
       13382.41
       13386.66
       13390.89
       13395.14
       13399.38
       13403.63
       13407.89
       13412.13
       13416.37
       13420.64
       13424.89
       13429.13
       13433.39
       13437.66
       13441.92
       13446.19
       13450.44
       13454.69
       13458.96
       13463.24
       13467.49
       13471.77
       13476.04
        13480.3
       13484.58
       13488.86
       13493.13
        13497.4
       13501.69
       13505.96
       13510.24
       13514.52
       13518.81
       13523.09
       13527.36
       13531.67
       13535.95
       13540.23
       13544.54
       13548.83
       13553.11
       13557.42
       13561.72
       13566.01
       13570.31
       13574.62
       13578.91
       13583.22
       13587.53
       13591.83
       13596.13
       13600.46
       13604.76
       13609.06
       13613.38
        13617.7
       13622.01
       13626.34
       13630.65
       13634.97
       13639.28
       13643.62
       13647.94
       13652.27
       13656.58
       13660.92
       13665.24
       13669.58
       13673.92
       13678.24
       13682.58
       13686.92
       13691.25
       13695.58
       13699.94
       13704.28
       13708.63
       13712.96
       13717.31
       13721.65
       13726.02
       13730.36
        13734.7
       13739.05
       13743.42
       13747.77
       13752.13
       13756.48
       13760.85
        13765.2
       13769.58
       13773.94
       13778.29
       13782.67
       13787.04
        13791.4
       13795.78
       13800.14
       13804.52
        13808.9
       13813.28
       13817.65
       13822.02
       13826.41
        13830.8
       13835.17
       13839.55
       13843.95
       13848.33
       13852.73
       13857.12
       13861.51
       13865.89
       13870.31
       13874.69
       13879.08
       13883.47
       13887.89
       13892.28
       13896.69
       13901.09
        13905.5
        13909.9
       13914.33
       13918.73
       13923.13
       13927.55
       13931.97
       13936.37
       13940.81
       13945.22
       13949.63
       13954.06
       13958.49
        13962.9
       13967.33
       13971.76
       13976.18
        13980.6
       13985.06
       13989.48
        13993.9
       13998.36
       14002.79
       14007.22
       14011.65
       14016.11
       14020.54
       14024.99
       14029.43
       14033.88
       14038.32
       14042.79
       14047.23
       14051.67
       14056.13
       14060.59
       14065.04
        14069.5
       14073.97
       14078.42
       14082.89
       14087.34
       14091.81
       14096.28
       14100.76
       14105.22
       14109.68
       14114.15
       14118.63
        14123.1
       14127.58
       14132.05
       14136.53
       14141.02
       14145.51
       14149.98
       14154.46
       14158.95
       14163.44
       14167.92
       14172.42
        14176.9
        14181.4
        14185.9
        14190.4
       14194.89
       14199.39
       14203.89
       14208.39
        14212.9
        14217.4
       14221.91
       14226.42
       14230.92
       14235.44
       14239.94
       14244.46
       14248.98
       14253.49
         14258.
       14262.52
       14267.05
       14271.57
       14276.09
        14280.6
       14285.13
       14289.67
        14294.2
       14298.72
       14303.25
       14307.79
       14312.33
       14316.87
        14321.4
       14325.94
       14330.47
       14335.02
       14339.57
        14344.1
       14348.66
       14353.21
       14357.75
       14362.31
       14366.85
       14371.41
       14375.97
       14380.52
       14385.08
       14389.63
        14394.2
       14398.76
       14403.32
       14407.89
       14412.45
       14417.02
       14421.59
       14426.17
       14430.73
        14435.3
       14439.88
       14444.46
       14449.03
       14453.62
        14458.2
       14462.77
       14467.36
       14471.96
       14476.53
       14481.13
       14485.72
        14490.3
        14494.9
       14499.49
       14504.09
       14508.68
       14513.28
       14517.89
       14522.48
       14527.09
        14531.7
       14536.29
       14540.91
       14545.52
       14550.12
       14554.72
       14559.34
       14563.96
       14568.58
       14573.19
       14577.82
       14582.43
       14587.05
       14591.67
        14596.3
       14600.93
       14605.55
       14610.18
        14614.8
       14619.44
       14624.08
       14628.71
       14633.35
       14637.99
       14642.62
       14647.27
       14651.92
       14656.55
       14661.19
       14665.84
        14670.5
       14675.15
       14679.79
       14684.45
        14689.1
       14693.76
       14698.42
       14703.07
       14707.74
        14712.4
       14717.06
       14721.73
        14726.4
       14731.06
       14735.71
       14740.39
       14745.07
       14749.73
       14754.41
        14759.1
       14763.76
       14768.43
       14773.12
       14777.81
        14782.5
       14787.17
       14791.87
       14796.54
       14801.24
       14805.94
       14810.62
       14815.32
       14820.02
       14824.71
       14829.41
       14834.12
       14838.81
        14843.5
       14848.21
       14852.93
       14857.63
       14862.34
       14867.06
       14871.76
       14876.48
        14881.2
       14885.91
       14890.63
       14895.34
       14900.07
       14904.79
       14909.53
       14914.24
       14918.96
       14923.69
       14928.43
       14933.15
       14937.89
       14942.63
       14947.36
       14952.08
       14956.83
       14961.57
       14966.32
       14971.06
       14975.81
       14980.54
        14985.3
       14990.05
       14994.79
       14999.55
        15004.3
       15009.06
       15013.82
       15018.59
       15023.34
       15028.09
       15032.86
       15037.63
       15042.38
       15047.16
       15051.93
       15056.69
       15061.47
       15066.25
       15071.02
        15075.8
       15080.57
       15085.35
       15090.14
       15094.93
        15099.7
       15104.48
       15109.27
       15114.05
       15118.85
       15123.65
       15128.45
       15133.23
       15138.02
       15142.82
       15147.63
       15152.42
       15157.23
       15162.04
       15166.83
       15171.64
       15176.46
       15181.26
       15186.08
       15190.88
        15195.7
       15200.52
       15205.35
       15210.16
       15214.97
       15219.79
       15224.63
       15229.44
       15234.27
       15239.11
       15243.93
       15248.77
       15253.61
       15258.43
       15263.25
        15268.1
       15272.94
       15277.77
       15282.62
       15287.47
       15292.31
       15297.16
         15302.
       15306.86
       15311.71
       15316.57
       15321.42
       15326.26
       15331.13
       15335.99
       15340.84
       15345.71
       15350.58
       15355.44
       15360.31
       15365.18
       15370.04
       15374.92
       15379.78
       15384.66
       15389.55
       15394.43
        15399.3
       15404.17
       15409.06
       15413.95
       15418.82
       15423.72
       15428.61
       15433.49
       15438.39
       15443.29
       15448.17
       15453.06
       15457.96
       15462.87
       15467.76
       15472.67
       15477.58
       15482.47
       15487.39
       15492.28
        15497.2
       15502.12
       15507.04
       15511.94
       15516.85
       15521.77
        15526.7
       15531.61
       15536.54
       15541.47
       15546.38
       15551.32
       15556.25
       15561.17
       15566.09
       15571.04
       15575.98
       15580.92
       15585.85
       15590.79
       15595.72
       15600.67
       15605.63
       15610.56
       15615.51
       15620.47
       15625.41
       15630.37
       15635.33
       15640.28
       15645.22
       15650.19
       15655.15
        15660.1
       15665.07
       15670.05
         15675.
       15679.96
       15684.94
       15689.91
       15694.89
       15699.86
       15704.84
       15709.81
       15714.79
       15719.78
       15724.75
       15729.74
       15734.73
       15739.71
        15744.7
        15749.7
       15754.68
       15759.66
       15764.67
       15769.67
       15774.67
       15779.66
       15784.67
       15789.66
       15794.67
       15799.69
       15804.68
        15809.7
       15814.72
       15819.72
       15824.74
       15829.74
       15834.77
       15839.77
        15844.8
       15849.83
       15854.84
       15859.87
       15864.91
       15869.92
       15874.94
       15879.98
       15885.02
       15890.06
       15895.09
       15900.13
       15905.16
       15910.21
       15915.26
       15920.29
       15925.34
        15930.4
       15935.44
       15940.49
       15945.55
        15950.6
       15955.64
        15960.7
       15965.77
       15970.82
       15975.89
       15980.96
       15986.01
       15991.08
       15996.16
       16001.22
        16006.3
       16011.36
       16016.44
       16021.51
       16026.59
       16031.68
       16036.75
       16041.84
       16046.93
         16052.
        16057.1
       16062.19
       16067.27
       16072.35
       16077.45
       16082.56
       16087.66
       16092.75
       16097.86
       16102.95
       16108.06
       16113.17
       16118.27
       16123.38
       16128.48
        16133.6
       16138.72
       16143.84
       16148.95
       16154.05
       16159.18
       16164.31
       16169.42
       16174.55
       16179.69
        16184.8
       16189.94
       16195.08
        16200.2
       16205.34
       16210.46
       16215.61
       16220.74
       16225.89
       16231.04
       16236.17
       16241.32
       16246.48
       16251.61
       16256.77
       16261.93
       16267.07
       16272.22
       16277.38
       16282.55
        16287.7
       16292.87
       16298.04
       16303.19
       16308.37
       16313.54
        16318.7
       16323.88
       16329.04
       16334.22
       16339.41
       16344.58
       16349.76
       16354.93
       16360.12
       16365.32
       16370.49
       16375.69
       16380.88
       16386.06
       16391.27
       16396.45
       16401.65
       16406.84
       16412.05
       16417.26
       16422.45
       16427.66
       16432.87
       16438.07
       16443.29
       16448.49
       16453.71
       16458.93
       16464.15
       16469.36
       16474.57
        16479.8
       16485.03
       16490.24
       16495.47
       16500.71
       16505.93
       16511.17
       16516.41
       16521.63
       16526.87
        16532.1
       16537.35
       16542.59
       16547.83
       16553.08
       16558.31
       16563.57
       16568.82
       16574.06
       16579.32
       16584.59
       16589.83
       16595.08
       16600.34
       16605.61
       16610.86
       16616.14
       16621.41
       16626.67
       16631.94
       16637.22
       16642.48
       16647.76
       16653.03
       16658.31
        16663.6
       16668.87
       16674.16
       16679.43
       16684.73
       16690.02
        16695.3
        16700.6
        16705.9
       16711.18
       16716.49
       16721.79
       16727.08
       16732.37
       16737.68
       16742.99
       16748.31
        16753.6
       16758.92
       16764.22
       16769.54
       16774.86
       16780.17
       16785.49
        16790.8
       16796.13
       16801.44
       16806.78
       16812.11
       16817.43
       16822.76
        16828.1
       16833.42
       16838.77
       16844.11
       16849.44
       16854.77
       16860.12
       16865.46
       16870.82
       16876.15
       16881.51
       16886.85
       16892.21
       16897.57
       16902.91
       16908.28
       16913.64
       16918.99
       16924.36
       16929.73
       16935.09
       16940.44
       16945.82
        16951.2
       16956.56
       16961.94
       16967.32
       16972.69
       16978.06
       16983.44
       16988.83
       16994.23
        16999.6
         17005.
       17010.37
       17015.77
       17021.17
       17026.55
       17031.96
       17037.36
       17042.75
       17048.16
       17053.57
       17058.96
       17064.36
       17069.78
       17075.19
       17080.59
       17086.01
       17091.44
       17096.84
       17102.27
        17107.7
       17113.11
       17118.54
       17123.95
       17129.38
       17134.82
       17140.26
       17145.68
        17151.1
       17156.54
       17161.99
       17167.42
       17172.87
       17178.32
       17183.75
       17189.18
       17194.64
        17200.1
       17205.55
         17211.
       17216.46
        17221.9
       17227.37
       17232.84
       17238.29
       17243.76
       17249.21
       17254.68
       17260.16
       17265.64
        17271.1
       17276.56
       17282.04
       17287.53
       17292.99
       17298.48
       17303.97
       17309.45
       17314.94
       17320.43
       17325.91
       17331.41
       17336.89
       17342.39
        17347.9
        17353.4
       17358.89
       17364.38
       17369.89
       17375.38
        17380.9
       17386.42
       17391.93
       17397.43
       17402.94
       17408.46
       17413.98
       17419.49
       17425.02
       17430.55
       17436.06
        17441.6
       17447.13
       17452.65
       17458.19
       17463.71
       17469.25
       17474.79
       17480.34
       17485.87
        17491.4
       17496.95
        17502.5
       17508.04
        17513.6
       17519.15
       17524.69
       17530.26
       17535.82
       17541.37
       17546.91
       17552.48
       17558.05
       17563.62
       17569.18
       17574.75
       17580.31
       17585.89
       17591.45
       17597.04
       17602.62
       17608.21
       17613.78
       17619.35
       17624.94
       17630.53
       17636.11
       17641.71
        17647.3
       17652.88
       17658.49
       17664.09
       17669.68
       17675.27
       17680.88
       17686.49
        17692.1
       17697.71
       17703.31
       17708.91
       17714.53
       17720.15
       17725.76
       17731.38
       17737.01
       17742.62
       17748.25
       17753.88
        17759.5
       17765.11
       17770.75
       17776.39
       17782.03
       17787.66
        17793.3
       17798.93
       17804.58
       17810.21
       17815.86
       17821.52
       17827.17
       17832.81
       17838.45
       17844.11
       17849.77
       17855.42
       17861.08
       17866.75
        17872.4
       17878.08
       17883.75
        17889.4
       17895.06
       17900.74
       17906.42
       17912.11
       17917.77
       17923.46
       17929.13
       17934.82
       17940.51
       17946.18
       17951.88
       17957.57
       17963.25
       17968.96
       17974.66
       17980.34
       17986.03
       17991.74
       17997.45
       18003.16
       18008.85
       18014.57
       18020.26
       18025.96
       18031.68
       18037.41
       18043.13
       18048.84
       18054.56
       18060.28
       18066.01
       18071.74
       18077.46
       18083.19
       18088.93
       18094.65
       18100.39
       18106.14
       18111.87
       18117.59
       18123.34
        18129.1
       18134.85
       18140.58
       18146.34
       18152.08
       18157.84
        18163.6
       18169.35
       18175.11
       18180.86
       18186.63
        18192.4
       18198.18
       18203.93
       18209.69
       18215.47
       18221.25
       18227.01
        18232.8
       18238.58
       18244.35
       18250.12
       18255.91
       18261.71
        18267.5
       18273.28
       18279.08
       18284.86
       18290.66
       18296.47
       18302.25
       18308.06
       18313.87
       18319.66
       18325.48
       18331.29
       18337.09
       18342.89
       18348.71
       18354.54
       18360.34
       18366.17
         18372.
       18377.81
       18383.64
       18389.47
       18395.29
       18401.13
       18406.95
       18412.79
       18418.63
       18424.48
        18430.3
       18436.13
       18441.98
       18447.84
       18453.67
       18459.53
       18465.38
       18471.22
       18477.07
       18482.93
        18488.8
       18494.64
       18500.51
       18506.38
       18512.24
       18518.11
       18523.99
       18529.85
       18535.73
       18541.59
       18547.47
       18553.36
       18559.25
       18565.12
       18570.99
       18576.88
       18582.78
       18588.66
       18594.56
       18600.46
       18606.34
       18612.24
       18618.15
       18624.04
       18629.95
       18635.84
       18641.76
       18647.67
       18653.57
       18659.49
       18665.39
       18671.31
       18677.22
       18683.15
       18689.08
       18695.01
       18700.92
       18706.83
       18712.77
       18718.71
       18724.63
       18730.57
       18736.52
       18742.44
       18748.39
       18754.34
       18760.27
       18766.23
       18772.16
       18778.12
       18784.08
       18790.02
       18795.98
       18801.93
       18807.89
       18813.86
       18819.81
       18825.79
       18831.76
       18837.71
       18843.69
       18849.67
       18855.63
        18861.6
       18867.58
       18873.57
       18879.54
       18885.53
       18891.53
        18897.5
        18903.5
       18909.48
       18915.48
       18921.48
       18927.49
       18933.47
       18939.46
       18945.47
       18951.48
       18957.48
       18963.49
       18969.51
       18975.51
       18981.53
       18987.56
       18993.56
       18999.57
        19005.6
       19011.63
       19017.66
       19023.68
       19029.71
       19035.73
       19041.78
       19047.82
       19053.84
       19059.89
       19065.94
       19071.97
       19078.02
       19084.08
       19090.11
       19096.15
       19102.21
       19108.27
       19114.31
       19120.38
       19126.45
        19132.5
       19138.55
       19144.62
        19150.7
       19156.78
       19162.83
       19168.92
       19174.98
       19181.06
       19187.15
       19193.22
       19199.31
        19205.4
       19211.48
       19217.57
       19223.67
       19229.75
       19235.83
       19241.94
       19248.04
       19254.15
       19260.24
       19266.36
       19272.45
       19278.56
       19284.68
       19290.78
        19296.9
       19303.01
       19309.13
       19315.24
       19321.37
        19327.5
       19333.62
       19339.75
       19345.89
       19352.01
       19358.15
       19364.29
       19370.42
       19376.54
       19382.69
       19388.84
         19395.
       19401.13
       19407.29
       19413.42
       19419.59
       19425.75
       19431.89
       19438.06
       19444.23
       19450.38
       19456.55
       19462.72
       19468.88
       19475.04
       19481.22
        19487.4
       19493.56
       19499.75
       19505.94
       19512.11
        19518.3
       19524.49
       19530.67
       19536.87
       19543.05
       19549.25
       19555.43
       19561.64
       19567.85
       19574.03
       19580.25
       19586.46
       19592.65
       19598.87
       19605.09
       19611.29
       19617.49
       19623.72
       19629.95
       19636.16
       19642.39
       19648.62
       19654.84
       19661.07
       19667.31
       19673.53
       19679.78
         19686.
       19692.25
        19698.5
       19704.75
       19710.98
       19717.21
       19723.47
       19729.73
       19735.97
       19742.24
        19748.5
       19754.75
       19761.02
       19767.29
       19773.54
       19779.81
       19786.07
       19792.35
       19798.61
       19804.89
       19811.18
       19817.44
       19823.73
         19830.
       19836.29
       19842.59
       19848.89
       19855.16
       19861.44
       19867.75
       19874.05
       19880.34
       19886.65
       19892.96
       19899.25
       19905.56
       19911.88
       19918.18
        19924.5
        19930.8
       19937.13
       19943.46
       19949.79
       19956.09
        19962.4
       19968.74
       19975.08
       19981.39
       19987.74
       19994.08
        20000.4
       20006.73
       20013.08
       20019.43
       20025.76
       20032.12
       20038.47
       20044.81
       20051.17
       20057.54
       20063.88
       20070.25
       20076.59
       20082.96
       20089.34
       20095.71
       20102.07
       20108.43
       20114.81
       20121.19
       20127.56
       20133.94
       20140.33
        20146.7
        20153.1
       20159.49
       20165.87
       20172.25
       20178.65
       20185.05
       20191.46
       20197.84
       20204.25
       20210.64
       20217.06
       20223.47
       20229.87
       20236.29
       20242.71
       20249.11
       20255.52
       20261.95
       20268.38
       20274.79
       20281.22
       20287.66
       20294.07
       20300.51
       20306.96
       20313.38
        20319.8
       20326.25
        20332.7
       20339.16
       20345.59
       20352.04
       20358.48
       20364.94
       20371.41
       20377.85
       20384.32
       20390.79
       20397.23
       20403.71
       20410.18
       20416.64
       20423.09
       20429.58
       20436.06
       20442.54
       20449.01
        20455.5
       20461.97
       20468.46
       20474.96
       20481.43
       20487.93
       20494.41
       20500.92
        20507.4
       20513.91
       20520.42
       20526.91
       20533.42
       20539.94
       20546.44
       20552.96
       20559.48
       20565.98
       20572.49
       20579.02
       20585.55
       20592.08
       20598.59
       20605.13
       20611.64
       20618.19
       20624.73
       20631.25
        20637.8
       20644.35
       20650.88
       20657.43
       20663.99
       20670.52
       20677.06
       20683.62
       20690.19
       20696.73
        20703.3
       20709.87
       20716.42
       20722.99
       20729.55
       20736.13
       20742.71
       20749.27
       20755.85
       20762.44
       20769.01
        20775.6
       20782.17
       20788.76
       20795.36
       20801.94
       20808.54
       20815.14
       20821.73
       20828.31
       20834.92
       20841.53
       20848.15
       20854.74
       20861.36
       20867.96
       20874.58
       20881.21
       20887.81
       20894.44
       20901.04
       20907.68
       20914.31
       20920.93
       20927.57
       20934.19
       20940.83
       20947.48
        20954.1
       20960.75
        20967.4
       20974.04
       20980.69
       20987.33
       20993.99
       21000.65
       21007.29
       21013.96
       21020.63
       21027.28
       21033.95
        21040.6
       21047.28
       21053.93
       21060.62
        21067.3
       21073.99
       21080.65
       21087.32
       21094.01
       21100.71
       21107.38
       21114.08
       21120.78
       21127.46
       21134.16
       21140.87
       21147.55
       21154.27
       21160.96
       21167.67
       21174.39
       21181.09
       21187.81
       21194.51
       21201.24
       21207.96
       21214.67
        21221.4
       21228.14
       21234.85
       21241.59
       21248.31
       21255.05
       21261.78
       21268.52
       21275.27
         21282.
       21288.76
       21295.51
       21302.25
       21309.01
       21315.75
       21322.51
       21329.28
       21336.05
       21342.79
       21349.54
       21356.32
        21363.1
       21369.85
       21376.64
       21383.42
       21390.18
       21396.97
       21403.76
       21410.53
        21417.3
        21424.1
        21430.9
        21437.7
       21444.48
       21451.29
       21458.07
       21464.88
       21471.67
       21478.48
        21485.3
       21492.12
       21498.91
       21505.74
       21512.54
       21519.37
       21526.17
         21533.
       21539.84
       21546.65
       21553.49
       21560.33
       21567.15
       21573.99
       21580.81
       21587.66
       21594.51
       21601.34
        21608.2
       21615.03
       21621.89
       21628.75
        21635.6
       21642.46
       21649.33
       21656.18
       21663.05
        21669.9
       21676.78
       21683.63
       21690.51
        21697.4
       21704.29
       21711.15
       21718.04
       21724.91
        21731.8
       21738.68
       21745.57
       21752.47
       21759.38
       21766.26
       21773.17
       21780.05
       21786.97
       21793.86
       21800.77
       21807.69
       21814.59
       21821.51
       21828.44
       21835.34
       21842.25
       21849.18
       21856.11
       21863.05
       21869.96
        21876.9
       21883.82
       21890.77
       21897.71
       21904.64
       21911.59
       21918.54
       21925.48
       21932.44
       21939.37
       21946.33
       21953.28
       21960.24
       21967.21
       21974.16
       21981.13
       21988.11
       21995.06
       22002.04
         22009.
       22015.99
       22022.97
       22029.94
       22036.93
        22043.9
       22050.89
       22057.89
       22064.87
       22071.87
       22078.88
       22085.86
       22092.87
       22099.88
       22106.87
       22113.86
       22120.88
        22127.9
       22134.92
       22141.92
       22148.95
       22155.95
       22162.99
       22170.02
       22177.03
       22184.07
       22191.08
       22198.13
       22205.17
        22212.2
       22219.24
       22226.27
       22233.32
       22240.38
       22247.41
       22254.47
       22261.54
       22268.58
       22275.64
       22282.69
       22289.76
       22296.84
       22303.89
       22310.97
       22318.02
       22325.11
       22332.19
       22339.25
       22346.34
       22353.41
        22360.5
        22367.6
        22374.7
       22381.78
       22388.85
       22395.96
       22403.07
       22410.15
       22417.26
       22424.38
       22431.47
       22438.59
       22445.69
       22452.81
       22459.93
       22467.04
       22474.17
        22481.3
       22488.41
       22495.55
       22502.66
        22509.8
       22516.95
       22524.07
       22531.22
       22538.37
       22545.49
       22552.65
       22559.78
       22566.94
       22574.08
       22581.24
       22588.41
       22595.55
       22602.72
        22609.9
       22617.05
       22624.23
       22631.38
       22638.56
       22645.75
       22652.94
        22660.1
       22667.27
       22674.46
       22681.65
       22688.83
       22696.03
       22703.23
       22710.41
       22717.62
        22724.8
       22732.02
       22739.23
       22746.42
       22753.64
       22760.86
       22768.06
       22775.29
       22782.49
       22789.72
       22796.93
       22804.16
        22811.4
       22818.64
       22825.86
       22833.07
       22840.32
       22847.57
       22854.79
       22862.05
        22869.3
       22876.54
       22883.79
       22891.06
        22898.3
       22905.56
       22912.81
       22920.08
       22927.36
       22934.61
       22941.88
       22949.14
       22956.42
       22963.68
       22970.97
       22978.26
       22985.55
       22992.82
       23000.12
       23007.39
        23014.7
       23021.97
       23029.28
       23036.59
        23043.9
       23051.19
        23058.5
        23065.8
       23073.12
       23080.41
       23087.74
       23095.06
       23102.39
        23109.7
       23117.01
       23124.35
       23131.69
         23139.
       23146.34
       23153.69
       23161.01
       23168.36
       23175.71
       23183.04
       23190.38
       23197.74
        23205.1
       23212.46
        23219.8
       23227.17
       23234.52
       23241.89
       23249.24
       23256.62
         23264.
       23271.38
       23278.75
       23286.13
        23293.5
       23300.89
       23308.26
       23315.66
       23323.06
       23330.43
       23337.84
       23345.24
       23352.63
       23360.04
       23367.43
       23374.84
       23382.26
       23389.65
       23397.08
       23404.48
        23411.9
       23419.33
       23426.74
       23434.18
       23441.61
       23449.03
       23456.47
       23463.91
       23471.33
       23478.76
       23486.21
       23493.66
       23501.12
       23508.55
       23516.01
       23523.45
       23530.91
       23538.36
       23545.82
        23553.3
       23560.75
       23568.22
        23575.7
       23583.16
       23590.64
       23598.11
       23605.59
       23613.09
       23620.55
       23628.05
       23635.55
       23643.02
       23650.53
       23658.01
       23665.51
       23673.03
       23680.51
       23688.03
       23695.52
       23703.04
       23710.56
       23718.06
       23725.59
       23733.09
       23740.62
       23748.16
       23755.69
       23763.21
       23770.72
       23778.27
       23785.81
       23793.33
       23800.88
       23808.44
       23815.97
       23823.53
       23831.06
       23838.63
       23846.19
       23853.73
        23861.3
       23868.88
       23876.42
         23884.
       23891.55
       23899.14
       23906.72
       23914.28
       23921.87
       23929.46
       23937.03
        23944.6
        23952.2
        23959.8
       23967.38
       23974.99
       23982.59
       23990.18
       23997.79
       24005.41
         24013.
       24020.62
       24028.22
       24035.84
       24043.47
        24051.1
       24058.71
       24066.32
       24073.96
        24081.6
       24089.21
       24096.86
        24104.5
       24112.13
       24119.78
       24127.41
       24135.06
        24142.7
       24150.36
       24158.02
       24165.69
       24173.33
       24181.01
       24188.65
       24196.33
       24203.98
       24211.66
       24219.35
       24227.03
        24234.7
       24242.36
       24250.05
       24257.75
       24265.42
       24273.12
       24280.83
        24288.5
       24296.21
       24303.92
       24311.61
       24319.32
       24327.02
       24334.74
       24342.46
       24350.19
       24357.89
       24365.59
       24373.32
       24381.03
       24388.77
       24396.51
       24404.25
       24411.97
       24419.72
       24427.44
       24435.19
       24442.92
       24450.68
       24458.44
        24466.2
       24473.94
        24481.7
       24489.45
       24497.22
       24504.96
       24512.74
       24520.52
        24528.3
       24536.06
       24543.82
       24551.61
        24559.4
       24567.17
       24574.96
       24582.76
       24590.54
       24598.34
       24606.15
       24613.93
       24621.72
       24629.53
       24637.35
       24645.17
       24652.96
       24660.78
       24668.58
       24676.41
       24684.22
       24692.05
       24699.89
       24707.72
       24715.54
       24723.38
        24731.2
       24739.05
       24746.88
       24754.73
       24762.58
       24770.44
       24778.28
       24786.14
       24793.98
       24801.82
       24809.69
       24817.57
       24825.44
       24833.29
       24841.17
       24849.03
       24856.92
        24864.8
       24872.67
       24880.56
       24888.46
       24896.33
       24904.23
       24912.11
       24920.01
       24927.89
       24935.81
       24943.72
       24951.63
       24959.53
       24967.45
       24975.34
       24983.27
       24991.17
        24999.1
       25007.04
       25014.97
       25022.88
       25030.83
       25038.74
       25046.69
       25054.61
       25062.56
       25070.51
       25078.44
        25086.4
       25094.36
        25102.3
       25110.24
       25118.21
       25126.18
       25134.15
        25142.1
       25150.08
       25158.04
       25166.02
       25174.01
       25181.97
       25189.96
       25197.95
       25205.92
       25213.92
        25221.9
        25229.9
       25237.88
       25245.89
        25253.9
       25261.89
       25269.91
       25277.93
       25285.92
       25293.95
       25301.95
       25309.97
       25318.01
       25326.01
       25334.05
       25342.09
       25350.11
       25358.15
       25366.17
       25374.22
       25382.27
        25390.3
       25398.36
       25406.42
       25414.46
       25422.49
       25430.56
       25438.63
       25446.71
       25454.75
       25462.83
       25470.88
       25478.97
       25487.03
       25495.11
       25503.21
       25511.27
       25519.37
       25527.46
       25535.54
       25543.64
       25551.72
       25559.83
       25567.94
       25576.03
       25584.14
       25592.26
       25600.36
       25608.48
       25616.58
       25624.71
       25632.84
       25640.95
       25649.09
       25657.23
       25665.34
       25673.49
       25681.61
       25689.76
       25697.91
       25706.07
       25714.17
       25722.36
       25730.49
       25738.63
        25746.8
       25754.97
       25763.11
       25771.29
       25779.44
       25787.62
        25795.8
       25803.99
       25812.15
       25820.34
       25828.54
       25836.71
       25844.91
       25853.08
       25861.29
       25869.46
       25877.67
       25885.86
        25894.1
       25902.29
       25910.51
       25918.71
       25926.93
       25935.13
       25943.36
       25951.57
        25959.8
       25968.01
       25976.25
        25984.5
       25992.74
       26000.96
       26009.22
       26017.47
        26025.7
       26033.96
       26042.22
       26050.46
        26058.7
       26066.97
       26075.24
       26083.51
       26091.79
       26100.02
        26108.3
       26116.58
       26124.84
       26133.13
        26141.4
        26149.7
       26157.99
       26166.27
       26174.57
       26182.88
       26191.16
       26199.47
       26207.79
        26216.1
       26224.39
       26232.72
       26241.01
       26249.34
       26257.64
       26265.98
       26274.28
       26282.65
       26290.93
       26299.31
       26307.62
       26315.97
       26324.29
       26332.65
       26340.98
       26349.34
       26357.67
       26366.04
        26374.4
       26382.74
       26391.12
       26399.49
       26407.87
       26416.22
       26424.61
       26432.96
       26441.35
       26449.71
       26458.11
       26466.48
        26474.9
       26483.25
       26491.65
       26500.06
       26508.47
       26516.85
       26525.27
       26533.69
       26542.08
        26550.5
        26558.9
       26567.33
       26575.73
       26584.16
        26592.6
       26601.04
       26609.45
        26617.9
       26626.35
       26634.77
       26643.22
       26651.65
       26660.07
       26668.54
         26677.
       26685.44
       26693.93
       26702.38
       26710.82
        26719.3
       26727.78
       26736.23
       26744.71
       26753.17
       26761.66
       26770.16
       26778.62
       26787.12
       26795.62
       26804.13
       26812.61
       26821.11
        26829.6
       26838.11
        26846.6
       26855.12
       26863.61
       26872.14
       26880.64
       26889.17
        26897.7
       26906.21
       26914.75
       26923.29
       26931.83
       26940.35
        26948.9
       26957.42
       26965.98
       26974.51
       26983.07
        26991.6
        27000.2
       27008.74
       27017.31
       27025.88
       27034.43
       27042.98
       27051.56
       27060.12
        27068.7
       27077.27
       27085.86
       27094.45
       27103.02
       27111.63
       27120.23
       27128.84
       27137.42
       27146.03
       27154.61
       27163.23
       27171.85
       27180.45
       27189.07
        27197.7
        27206.3
        27214.9
       27223.57
       27232.18
       27240.82
       27249.44
       27258.09
       27266.71
       27275.36
       27283.99
       27292.65
       27301.28
       27309.94
       27318.61
       27327.28
       27335.92
        27344.6
       27353.28
       27361.93
       27370.61
       27379.27
       27387.96
       27396.62
       27405.31
       27413.98
       27422.71
       27431.38
       27440.09
       27448.77
       27457.48
       27466.16
       27474.88
       27483.57
       27492.29
       27500.98
       27509.71
       27518.44
       27527.17
       27535.88
       27544.62
       27553.36
       27562.07
       27570.82
       27579.57
       27588.29
       27597.05
       27605.78
       27614.51
       27623.27
       27632.04
       27640.78
       27649.55
       27658.32
       27667.07
       27675.85
       27684.63
       27693.39
       27702.18
       27710.94
       27719.73
       27728.53
       27737.33
       27746.11
       27754.91
       27763.72
        27772.5
       27781.31
        27790.1
       27798.92
       27807.71
       27816.54
       27825.33
       27834.19
       27842.97
       27851.83
       27860.64
       27869.48
        27878.3
       27887.14
       27895.96
       27904.82
       27913.64
        27922.5
       27931.36
       27940.23
       27949.06
       27957.93
       27966.81
       27975.65
       27984.53
       27993.38
       28002.26
       28011.12
       28020.01
       28028.87
       28037.77
       28046.63
       28055.54
       28064.44
       28073.35
       28082.22
       28091.13
       28100.05
       28108.94
       28117.86
       28126.75
       28135.68
       28144.61
       28153.51
       28162.44
       28171.38
       28180.32
       28189.23
       28198.18
        28207.1
       28216.05
       28224.97
       28233.93
       28242.86
       28251.82
       28260.76
       28269.73
        28278.7
       28287.64
       28296.62
        28305.6
       28314.55
       28323.54
       28332.53
       28341.49
       28350.48
       28359.45
       28368.45
       28377.45
       28386.46
        28395.4
       28404.45
       28413.43
       28422.45
       28431.43
       28440.46
       28449.45
       28458.48
       28467.48
       28476.52
       28485.55
       28494.56
       28503.61
       28512.65
        28521.7
       28530.72
       28539.77
        28548.8
       28557.86
       28566.89
       28575.96
       28585.03
        28594.1
       28603.14
       28612.22
       28621.27
       28630.35
       28639.41
        28648.5
       28657.56
       28666.65
       28675.72
       28684.82
       28693.92
       28703.03
       28712.11
       28721.22
       28730.33
       28739.42
       28748.54
       28757.66
       28766.76
       28775.89
       28784.99
       28794.12
       28803.26
       28812.37
       28821.48
       28830.66
       28839.78
       28848.93
       28858.06
       28867.21
       28876.34
       28885.51
       28894.64
       28903.81
       28912.99
       28922.13
       28931.31
       28940.49
       28949.68
       28958.83
       28968.02
       28977.18
       28986.38
       28995.55
       29004.75
       29013.92
       29023.13
       29032.31
       29041.55
       29050.74
       29059.93
       29069.15
       29078.37
       29087.57
        29096.8
         29106.
       29115.24
       29124.48
       29133.69
       29142.94
       29152.19
       29161.44
       29170.66
       29179.92
       29189.18
       29198.41
       29207.68
       29216.91
       29226.19
       29235.43
       29244.71
       29253.96
       29263.27
        29272.5
       29281.79
       29291.08
       29300.34
       29309.64
       29318.94
       29328.21
       29337.52
        29346.8
       29356.12
       29365.43
       29374.75
       29384.04
       29393.37
       29402.69
       29411.99
       29421.33
       29430.63
       29439.97
       29449.28
       29458.63
       29467.95
       29477.33
       29486.62
       29495.98
       29505.34
        29514.7
       29524.04
       29533.41
       29542.75
       29552.12
        29561.5
       29570.85
       29580.23
       29589.62
       29598.98
       29608.38
       29617.77
       29627.17
       29636.54
       29645.95
       29655.32
        29664.7
       29674.12
        29683.5
       29692.92
       29702.34
       29711.74
       29721.17
        29730.6
         29740.
       29749.44
       29758.88
       29768.29
       29777.74
       29787.16
       29796.61
       29806.07
       29815.49
       29824.96
       29834.42
       29843.89
       29853.33
        29862.8
       29872.25
       29881.73
       29891.18
       29900.66
       29910.12
       29919.64
       29929.07
       29938.57
       29948.07
       29957.58
       29967.05
       29976.56
       29986.04
       29995.56
