# Wavelength table for the nicmos g206 grism
# lambda_0 = 2.07200   lambda/pix = 0.0111200   -60 < pix < 39
      14048.0
      14159.2
      14270.4
      14381.6
      14492.8
      14604.0
      14715.2
      14826.4
      14937.6
      15048.8
      15160.0
      15271.2
      15382.4
      15493.6
      15604.8
      15716.0
      15827.2
      15938.4
      16049.6
      16160.8
      16272.0
      16383.2
      16494.4
      16605.6
      16716.8
      16828.0
      16939.2
      17050.4
      17161.6
      17272.8
      17384.0
      17495.2
      17606.4
      17717.6
      17828.8
      17940.0
      18051.2
      18162.4
      18273.6
      18384.8
      18496.0
      18607.2
      18718.4
      18829.6
      18940.8
      19052.0
      19163.2
      19274.4
      19385.6
      19496.8
      19608.0
      19719.2
      19830.4
      19941.6
      20052.8
      20164.0
      20275.2
      20386.4
      20497.6
      20608.8
      20720.0
      20831.2
      20942.4
      21053.6
      21164.8
      21276.0
      21387.2
      21498.4
      21609.6
      21720.8
      21832.0
      21943.2
      22054.4
      22165.6
      22276.8
      22388.0
      22499.2
      22610.4
      22721.6
      22832.8
      22944.0
      23055.2
      23166.4
      23277.6
      23388.8
      23500.0
      23611.2
      23722.4
      23833.6
      23944.8
      24056.0
      24167.2
      24278.4
      24389.6
      24500.8
      24612.0
      24723.2
      24834.4
      24945.6
      25056.8
