# Wavelength table for the nicmos g141 grism
# lambda_0 = 1.41060   lambda/pix = 0.00776500   -40 < pix < 63
      11000.0
      11077.6
      11155.3
      11232.9
      11310.6
      11388.2
      11465.9
      11543.5
      11621.2
      11698.8
      11776.5
      11854.1
      11931.8
      12009.4
      12087.1
      12164.7
      12242.4
      12320.0
      12397.7
      12475.3
      12553.0
      12630.6
      12708.3
      12785.9
      12863.6
      12941.2
      13018.9
      13096.5
      13174.2
      13251.8
      13329.5
      13407.1
      13484.8
      13562.4
      13640.1
      13717.7
      13795.4
      13873.0
      13950.7
      14028.3
      14106.0
      14183.7
      14261.3
      14339.0
      14416.6
      14494.2
      14571.9
      14649.5
      14727.2
      14804.8
      14882.5
      14960.1
      15037.8
      15115.4
      15193.1
      15270.7
      15348.4
      15426.0
      15503.7
      15581.3
      15659.0
      15736.6
      15814.3
      15892.0
      15969.6
      16047.2
      16124.9
      16202.5
      16280.2
      16357.8
      16435.5
      16513.2
      16590.8
      16668.4
      16746.1
      16823.8
      16901.4
      16979.0
      17056.7
      17134.3
      17212.0
      17289.6
      17367.3
      17444.9
      17522.6
      17600.2
      17677.9
      17755.5
      17833.2
      17910.8
      17988.5
      18066.2
      18143.8
      18221.4
      18299.1
      18376.8
      18454.4
      18532.0
      18609.7
      18687.3
      18765.0
      18842.7
      18920.3
      18997.9
