1147.31
1147.54
1147.77
1148.00
1148.23
1148.46
1148.69
1148.93
1149.16
1149.40
1149.64
1149.87
1150.11
1150.35
1150.59
1150.84
1151.08
1151.32
1151.57
1151.81
1152.06
1152.31
1152.56
1152.81
1153.06
1153.31
1153.56
1153.82
1154.07
1154.33
1154.59
1154.84
1155.10
1155.36
1155.63
1155.89
1156.15
1156.42
1156.68
1156.95
1157.22
1157.49
1157.76
1158.03
1158.30
1158.58
1158.85
1159.13
1159.41
1159.68
1159.96
1160.25
1160.53
1160.81
1161.10
1161.38
1161.67
1161.96
1162.25
1162.54
1162.83
1163.13
1163.42
1163.72
1164.01
1164.31
1164.61
1164.91
1165.22
1165.52
1165.83
1166.13
1166.44
1166.75
1167.06
1167.38
1167.69
1168.00
1168.32
1168.64
1168.96
1169.28
1169.60
1169.93
1170.25
1170.58
1170.91
1171.24
1171.57
1171.90
1172.23
1172.57
1172.91
1173.25
1173.59
1173.93
1174.27
1174.62
1174.96
1175.31
1175.66
1176.02
1176.37
1176.72
1177.08
1177.44
1177.80
1178.16
1178.52
1178.89
1179.26
1179.63
1180.00
1180.37
1180.74
1181.12
1181.50
1181.87
1182.26
1182.64
1183.02
1183.41
1183.80
1184.19
1184.58
1184.98
1185.37
1185.77
1186.17
1186.57
1186.98
1187.38
1187.79
1188.20
1188.61
1189.03
1189.44
1189.86
1190.28
1190.71
1191.13
1191.56
1191.99
1192.42
1192.85
1193.29
1193.72
1194.16
1194.61
1195.05
1195.50
1195.94
1196.40
1196.85
1197.31
1197.76
1198.22
1198.69
1199.15
1199.62
1200.09
1200.56
1201.04
1201.51
1201.99
1202.48
1202.96
1203.45
1203.94
1204.43
1204.93
1205.43
1205.93
1206.43
1206.94
1207.44
1207.96
1208.47
1208.99
1209.51
1210.03
1210.55
1211.08
1211.61
1212.15
1212.68
1213.22
1213.77
1214.31
1214.86
1215.41
1215.97
1216.52
1217.08
1217.65
1218.22
1218.79
1219.36
1219.94
1220.52
1221.10
1221.68
1222.27
1222.87
1223.46
1224.06
1224.67
1225.27
1225.88
1226.50
1227.11
1227.73
1228.36
1228.99
1229.62
1230.25
1230.89
1231.53
1232.18
1232.83
1233.48
1234.14
1234.80
1235.47
1236.14
1236.81
1237.49
1238.17
1238.85
1239.54
1240.23
1240.93
1241.63
1242.34
1243.05
1243.76
1244.48
1245.21
1245.93
1246.67
1247.40
1248.14
1248.89
1249.64
1250.39
1251.15
1251.92
1252.68
1253.46
1254.24
1255.02
1255.81
1256.60
1257.40
1258.20
1259.01
1259.82
1260.64
1261.47
1262.29
1263.13
1263.97
1264.81
1265.66
1266.52
1267.38
1268.25
1269.12
1270.00
1270.88
1271.77
1272.67
1273.57
1274.48
1275.39
1276.31
1277.23
1278.17
1279.10
1280.05
1281.00
1281.95
1282.92
1283.89
1284.86
1285.85
1286.84
1287.83
1288.84
1289.85
1290.86
1291.89
1292.92
1293.96
1295.00
1296.05
1297.11
1298.18
1299.26
1300.34
1301.43
1302.53
1303.63
1304.75
1305.87
1307.00
1308.13
1309.28
1310.43
1311.59
1312.77
1313.94
1315.13
1316.33
1317.53
1318.75
1319.97
1321.20
1322.44
1323.69
1324.95
1326.22
1327.50
1328.79
1330.09
1331.39
1332.71
1334.04
1335.37
1336.72
1338.08
1339.45
1340.83
1342.22
1343.62
1345.03
1346.45
1347.88
1349.33
1350.78
1352.25
1353.73
1355.22
1356.72
1358.24
1359.76
1361.30
1362.85
1364.42
1365.99
1367.58
1369.18
1370.80
1372.43
1374.07
1375.72
1377.39
1379.08
1380.77
1382.49
1384.21
1385.95
1387.71
1389.48
1391.26
1393.06
1394.88
1396.71
1398.55
1400.42
1402.29
1404.19
1406.10
1408.03
1409.98
1411.94
1413.92
1415.92
1417.93
1419.97
1422.02
1424.09
1426.18
1428.29
1430.41
1432.56
1434.73
1436.91
1439.12
1441.35
1443.60
1445.87
1448.16
1450.47
1452.81
1455.16
1457.54
1459.94
1462.37
1464.82
1467.29
1469.79
1472.31
1474.86
1477.43
1480.02
1482.65
1485.30
1487.97
1490.67
1493.40
1496.16
1498.95
1501.76
1504.61
1507.48
1510.39
1513.32
1516.29
1519.28
1522.31
1525.37
1528.47
1531.59
1534.75
1537.95
1541.18
1544.45
1547.75
1551.09
1554.47
1557.88
1561.33
1564.83
1568.36
1571.93
1575.55
1579.21
1582.91
1586.65
1590.44
1594.27
1598.15
1602.07
1606.05
1610.07
1614.14
1618.26
1622.43
1626.66
1630.94
1635.27
1639.66
1644.10
1648.60
1653.17
1657.79
1662.47
1667.21
1672.02
1676.89
1681.83
1686.84
1691.91
1697.06
1702.28
1707.57
1712.94
1718.38
1723.90
1729.51
1735.20
1740.97
1746.82
1752.77
1758.81
1764.94
1771.16
1777.48
1783.91
1790.43
1797.06
1803.80
1810.65
1817.61
1824.68
1831.88
1839.20
1846.65
1854.23
1861.94
1869.78
1877.77
1885.91
1894.19
1902.63
1911.23
1919.99
1928.92
1938.02
1947.31
1956.77
1966.44
1976.29
1986.36
1996.63
2007.12
2017.84
2028.80
2039.99
2051.44
2063.14
2075.12
2087.38
2099.92
2112.77
2125.93
2139.42
2153.24
2167.42
2181.96
2196.89
2212.21
2227.95
2244.11
2260.73
2277.82
2295.41
2313.50
2332.14
2351.33
2371.12
2391.52
2412.57
2434.30
2456.74
2479.93
2503.91
2528.71
2554.38
2580.96
2608.51
2637.08
2666.72
2697.49
2729.46
2762.69
2797.26
2833.24
2870.73
2909.80
2950.56
2993.12
3037.57
3084.05
3132.68
3183.61
3236.97
3292.95
3351.71
3413.44
3478.35
3546.66
3618.62
